1.01 0 0 0 0 0 0 0 0 0 0 0 0 0 0 0 0 0 0 0 0 0 0 0 0 0 0 0 0 0 0 0 0 0 0 0 0 0 0 0 0 0 0 0 0 0 0 0 0 0 0 0 0 0 0 0 0 0 0 0 0 0 0 0 0 0 0 0 0 0 0 0 0 0 0 0 0 0 0 0 0 0 0 0 0 0 0 0 0 0 0 0 0 0 0 0 0 0 0 0 0 0 0 0 0 0 0 0 0 0 0 0 0 0 0 0 0 0 0 0 0 0 0 0 0 0 0 0 0 0 0 0 0 0 0 0 0 0 0 0 0 0 0 0 0 0 0 0 0 0 0 0 0 0 0 0 0 0 0 0 0 0 0 0 0 0 0 0 0 0 0
0 1.01 0 0 0 0 0 0 0 0 0 0 0 0 0 0 0 0 0 0 0 0 0 0 0 0 0 0 0 0 0 0 0 0 0 0 0 0 0 0 0 0 0 0 0 0 0 0 0 0 0 0 0 0 0 0 0 0 0 0 0 0 0 0 0 0 0 0 0 0 0 0 0 0 0 0 0 0 0 0 0 0 0 0 0 0 0 0 0 0 0 0 0 0 0 0 0 0 0 0 0 0 0 0 0 0 0 0 0 0 0 0 0 0 0 0 0 0 0 0 0 0 0 0 0 0 0 0 0 0 0 0 0 0 0 0 0 0 0 0 0 0 0 0 0 0 0 0 0 0 0 0 0 0 0 0 0 0 0 0 0 0 0 0 0 0 0 0 0 0 0
0 0 1.01 0 0 0 0 0 0 0 0 0 0 0 0 0 0 0 0 0 0 0 0 0 0 0 0 0 0 0 0 0 0 0 0 0 0 0 0 0 0 0 0 0 0 0 0 0 0 0 0 0 0 0 0 0 0 0 0 0 0 0 0 0 0 0 0 0 0 0 0 0 0 0 0 0 0 0 0 0 0 0 0 0 0 0 0 0 0 0 0 0 0 0 0 0 0 0 0 0 0 0 0 0 0 0 0 0 0 0 0 0 0 0 0 0 0 0 0 0 0 0 0 0 0 0 0 0 0 0 0 0 0 0 0 0 0 0 0 0 0 0 0 0 0 0 0 0 0 0 0 0 0 0 0 0 0 0 0 0 0 0 0 0 0 0 0 0 0 0 0
0 0 0 1.01 0 0 0 0 0 0 0 0 0 0 0 0 0 0 0 0 0 0 0 0 0 0 0 0 0 0 0 0 0 0 0 0 0 0 0 0 0 0 0 0 0 0 0 0 0 0 0 0 0 0 0 0 0 0 0 0 0 0 0 0 0 0 0 0 0 0 0 0 0 0 0 0 0 0 0 0 0 0 0 0 0 0 0 0 0 0 0 0 0 0 0 0 0 0 0 0 0 0 0 0 0 0 0 0 0 0 0 0 0 0 0 0 0 0 0 0 0 0 0 0 0 0 0 0 0 0 0 0 0 0 0 0 0 0 0 0 0 0 0 0 0 0 0 0 0 0 0 0 0 0 0 0 0 0 0 0 0 0 0 0 0 0 0 0 0 0 0
0 0 0 0 1.01 -0.08361332 0 -0.2103934 0 -0.210253 0 0 -0.2103694 0 0 -0.07787728 0 0 0 0 -0.3598023 0 0 0 0 0 0 0 -0.18234 -0.1840187 0 0 -0.182634 0 0 -0.02090863 0 0 -0.08214016 -0.02409446 0.4676901 0.08256968 0 -0.1380819 0 0 -0.1649664 -0.1254948 -0.02522652 -0.07991146 -0.1351559 0.08248465 0 0 -0.09284807 -0.1074273 -0.01614737 0 -0.07771721 -0.1765429 -0.01917305 0.7771155 -0.1765429 -0.07897932 0 0 -0.02852651 -0.1765429 0 0 0 0 -0.08048711 -0.2893279 -0.03250458 0 -0.01917305 0 0 -0.0816247 0 0 0 0 0 0 0 0 0 0 -0.0818883 0 0 0 0 -0.02955535 0 0 0 0 0 0 0 -0.08419723 0 -0.1857986 0 -0.08416957 -0.01668171 0 0 -0.008436169 -0.08447717 -0.08447717 0 -0.08443661 0 0 0 0 -0.01671712 0 0 -0.08211513 -0.0820939 -0.1610768 -0.0820939 -0.0820939 -0.0820939 0 -0.08281751 0 0 0 -0.1570476 0 -0.0820939 0 -0.05917959 0 0 0 0 -0.08188573 0 -0.08213425 -0.01690118 0 0.04674642 0 -0.1564661 -0.07425156 -0.01137445 0 -0.08658321 0 -0.03185605 -0.01106738 0 0 0 0 0 0 -0.03238302 -0.03332688 0 0 -0.0236257 -0.03350472 -0.1045395
0 0 0 0 -0.08361332 1.01 0 -0.5197669 0 -0.5197241 0 0 -0.5197107 0 0 0.8814509 0 0 0 0 0.1995004 0 0 0 0 0 0 0 0.2325359 0.2295989 0 0 0.2311464 0 0 -0.03186515 0 0 -0.1965124 -0.03262404 -0.05493934 -0.07647062 0 -0.3287089 0 0 0.1838482 -0.3035478 -0.04970997 0.8353883 -0.3171547 0.2341624 0 0 -0.05882038 -0.2703918 -0.03485602 0 -0.1652208 0.2406734 -0.05155118 -0.1010089 0.2406734 0.8552279 0 0 -0.05524913 0.2406734 0 0 0 0 0.8451622 0.2221315 -0.03554167 0 -0.05155118 0 0 0.8340462 0 0 0 0 0 0 0 0 0 0 0.8276011 0 0 0 0 -0.2883524 0 0 0 0 0 0 0 -0.07635007 0 0.1933706 0 -0.3044102 0.8171382 0 0 0.2932473 0.4972352 0.4972352 0 0.497003 0 0 0 0 0.2578271 0 0 0.4693306 0.4692094 0.1568801 0.4692094 0.4692094 0.4692094 0 0.4634121 0 0 0 0.1630046 0 0.4692094 0 -0.2979924 0 0 0 0 0.4698581 0 0.4691339 0.2828429 0 -0.06489434 0 0.1626155 0.4681743 0.7753794 0 -0.08128561 0 -0.06803239 0.7766082 0 0 0 0 0 0 0.4483958 0.455367 0 0 -0.06126279 0.4553997 -0.2908447
0 0 0 0 0 0 1.01 0 0 0 0 0 0 0 0 0 0 0 0 0 0 0 0 0 0 0 0 0 0 0 0 0 0 0 0 0 0 0 0 0 0 0 0 0 0 0 0 0 0 0 0 0 0 0 0 0 0 0 0 0 0 0 0 0 0 0 0 0 0 0 0 0 0 0 0 0 0 0 0 0 0 0 0 0 0 0 0 0 0 0 0 0 0 0 0 0 0 0 0 0 0 0 0 0 0 0 0 0 0 0 0 0 0 0 0 0 0 0 0 0 0 0 0 0 0 0 0 0 0 0 0 0 0 0 0 0 0 0 0 0 0 0 0 0 0 0 0 0 0 0 0 0 0 0 0 0 0 0 0 0 0 0 0 0 0 0 0 0 0 0 0
0 0 0 0 -0.2103934 -0.5197669 0 1.01 0 0.9995765 0 0 0.9998941 0 0 -0.4614187 0 0 0 0 0.5716808 0 0 0 0 0 0 0 0.3222523 0.3261402 0 0 0.3232105 0 0 -0.1068049 0 0 0.3742891 -0.1357098 -0.05994118 -0.03374588 0 0.6173308 0 0 0.2887449 0.559786 -0.1726217 -0.4589906 0.6036749 0.1715117 0 0 0.3159488 0.5037806 -0.06564657 0 -0.5730497 0.2913631 0.09203726 -0.1098771 0.2913631 -0.4425881 0 0 -0.1843284 0.2913631 0 0 0 0 -0.4348263 0.6228266 -0.1649671 0 0.09203726 0 0 -0.4327106 0 0 0 0 0 0 0 0 0 0 -0.4414579 0 0 0 0 0.5116999 0 0 0 0 0 0 0 0.3069817 0 0.4939956 0 0.478955 -0.4524798 0 0 -0.143682 -0.05256872 -0.05256872 0 -0.05251642 0 0 0 0 -0.1554289 0 0 -0.05400652 -0.05396648 0.4684847 -0.05396648 -0.05396648 -0.05396648 0 -0.04637722 0 0 0 0.4915383 0 -0.05396648 0 0.4762286 0 0 0 0 -0.05495476 0 -0.0540191 -0.1436188 0 0.07851716 0 0.4907685 -0.05499126 -0.4404581 0 0.2924434 0 0.1569839 -0.4398142 0 0 0 0 0 0 -0.0471146 -0.05124492 0 0 0.129432 -0.05104281 0.476202
0 0 0 0 0 0 0 0 1.01 0 0 0 0 0 0 0 0 0 0 0 0 0 0 0 0 0 0 0 0 0 0 0 0 0 0 0 0 0 0 0 0 0 0 0 0 0 0 0 0 0 0 0 0 0 0 0 0 0 0 0 0 0 0 0 0 0 0 0 0 0 0 0 0 0 0 0 0 0 0 0 0 0 0 0 0 0 0 0 0 0 0 0 0 0 0 0 0 0 0 0 0 0 0 0 0 0 0 0 0 0 0 0 0 0 0 0 0 0 0 0 0 0 0 0 0 0 0 0 0 0 0 0 0 0 0 0 0 0 0 0 0 0 0 0 0 0 0 0 0 0 0 0 0 0 0 0 0 0 0 0 0 0 0 0 0 0 0 0 0 0 0
0 0 0 0 -0.210253 -0.5197241 0 0.9995765 0 1.01 0 0 0.9994705 0 0 -0.4614431 0 0 0 0 0.5712985 0 0 0 0 0 0 0 0.3218829 0.3257728 0 0 0.3228398 0 0 -0.1067289 0 0 0.374144 -0.135572 -0.05983088 -0.03408261 0 0.6169817 0 0 0.2882624 0.5593506 -0.1725168 -0.4590084 0.6033071 0.1718287 0 0 0.3159185 0.5034924 -0.06557736 0 -0.5726789 0.2909866 0.09213344 -0.1097042 0.2909866 -0.442618 0 0 -0.1842147 0.2909866 0 0 0 0 -0.4348506 0.6225962 -0.1648225 0 0.09213344 0 0 -0.4327284 0 0 0 0 0 0 0 0 0 0 -0.4414719 0 0 0 0 0.5113329 0 0 0 0 0 0 0 0.3069025 0 0.4935336 0 0.478626 -0.4524838 0 0 -0.1435788 -0.05263964 -0.05263964 0 -0.05258742 0 0 0 0 -0.1553303 0 0 -0.05411033 -0.0540704 0.4680358 -0.0540704 -0.0540704 -0.0540704 0 -0.04647233 0 0 0 0.4910772 0 -0.0540704 0 0.4759265 0 0 0 0 -0.05505953 0 -0.05412293 -0.1435273 0 0.0786873 0 0.4903067 -0.05509408 -0.4404773 0 0.2923387 0 0.1571684 -0.4398342 0 0 0 0 0 0 -0.04720108 -0.05132911 0 0 0.1295794 -0.05112654 0.4758791
0 0 0 0 0 0 0 0 0 0 1.01 0 0 0 0 0 0 0 0 0 0 0 0 0 0 0 0 0 0 0 0 0 0 0 0 0 0 0 0 0 0 0 0 0 0 0 0 0 0 0 0 0 0 0 0 0 0 0 0 0 0 0 0 0 0 0 0 0 0 0 0 0 0 0 0 0 0 0 0 0 0 0 0 0 0 0 0 0 0 0 0 0 0 0 0 0 0 0 0 0 0 0 0 0 0 0 0 0 0 0 0 0 0 0 0 0 0 0 0 0 0 0 0 0 0 0 0 0 0 0 0 0 0 0 0 0 0 0 0 0 0 0 0 0 0 0 0 0 0 0 0 0 0 0 0 0 0 0 0 0 0 0 0 0 0 0 0 0 0 0 0
0 0 0 0 0 0 0 0 0 0 0 1.01 0 0 0 0 0 0 0 0 0 0 0 0 0 0 0 0 0 0 0 0 0 0 0 0 0 0 0 0 0 0 0 0 0 0 0 0 0 0 0 0 0 0 0 0 0 0 0 0 0 0 0 0 0 0 0 0 0 0 0 0 0 0 0 0 0 0 0 0 0 0 0 0 0 0 0 0 0 0 0 0 0 0 0 0 0 0 0 0 0 0 0 0 0 0 0 0 0 0 0 0 0 0 0 0 0 0 0 0 0 0 0 0 0 0 0 0 0 0 0 0 0 0 0 0 0 0 0 0 0 0 0 0 0 0 0 0 0 0 0 0 0 0 0 0 0 0 0 0 0 0 0 0 0 0 0 0 0 0 0
0 0 0 0 -0.2103694 -0.5197107 0 0.9998941 0 0.9994705 0 0 1.01 0 0 -0.4613693 0 0 0 0 0.5716155 0 0 0 0 0 0 0 0.3222802 0.3259622 0 0 0.3230315 0 0 -0.1067916 0 0 0.3744066 -0.1356825 -0.05991678 -0.03383186 0 0.6171183 0 0 0.2887432 0.5595457 -0.1726046 -0.4589401 0.6034563 0.1715481 0 0 0.3160804 0.5037352 -0.06563274 0 -0.5729873 0.2911809 0.09206617 -0.1098397 0.2911809 -0.4425383 0 0 -0.1843097 0.2911809 0 0 0 0 -0.4347754 0.6227429 -0.1649397 0 0.09206617 0 0 -0.4326586 0 0 0 0 0 0 0 0 0 0 -0.4414059 0 0 0 0 0.5116877 0 0 0 0 0 0 0 0.3071052 0 0.4941452 0 0.4789502 -0.4524265 0 0 -0.1436638 -0.05242479 -0.05242479 0 -0.05237251 0 0 0 0 -0.1554124 0 0 -0.05386879 -0.05382874 0.4686401 -0.05382874 -0.05382874 -0.05382874 0 -0.04623745 0 0 0 0.4916891 0 -0.05382874 0 0.4762302 0 0 0 0 -0.05481709 0 -0.05388133 -0.1436035 0 0.07856385 0 0.4909188 -0.05485339 -0.4404063 0 0.2925618 0 0.1570384 -0.4397625 0 0 0 0 0 0 -0.04697348 -0.0511036 0 0 0.1294757 -0.05090141 0.4761987
0 0 0 0 0 0 0 0 0 0 0 0 0 1.01 0 0 0 0 0 0 0 0 0 0 0 0 0 0 0 0 0 0 0 0 0 0 0 0 0 0 0 0 0 0 0 0 0 0 0 0 0 0 0 0 0 0 0 0 0 0 0 0 0 0 0 0 0 0 0 0 0 0 0 0 0 0 0 0 0 0 0 0 0 0 0 0 0 0 0 0 0 0 0 0 0 0 0 0 0 0 0 0 0 0 0 0 0 0 0 0 0 0 0 0 0 0 0 0 0 0 0 0 0 0 0 0 0 0 0 0 0 0 0 0 0 0 0 0 0 0 0 0 0 0 0 0 0 0 0 0 0 0 0 0 0 0 0 0 0 0 0 0 0 0 0 0 0 0 0 0 0
0 0 0 0 0 0 0 0 0 0 0 0 0 0 1.01 0 0 0 0 0 0 0 0 0 0 0 0 0 0 0 0 0 0 0 0 0 0 0 0 0 0 0 0 0 0 0 0 0 0 0 0 0 0 0 0 0 0 0 0 0 0 0 0 0 0 0 0 0 0 0 0 0 0 0 0 0 0 0 0 0 0 0 0 0 0 0 0 0 0 0 0 0 0 0 0 0 0 0 0 0 0 0 0 0 0 0 0 0 0 0 0 0 0 0 0 0 0 0 0 0 0 0 0 0 0 0 0 0 0 0 0 0 0 0 0 0 0 0 0 0 0 0 0 0 0 0 0 0 0 0 0 0 0 0 0 0 0 0 0 0 0 0 0 0 0 0 0 0 0 0 0
0 0 0 0 -0.07787728 0.8814509 0 -0.4614187 0 -0.4614431 0 0 -0.4613693 0 0 1.01 0 0 0 0 0.1734458 0 0 0 0 0 0 0 0.3339315 0.3309079 0 0 0.332214 0 0 -0.02455364 0 0 -0.176912 -0.05896144 -0.05381922 -0.1200449 0 -0.3002847 0 0 0.2632284 -0.2727844 -0.03966372 0.9491737 -0.2954643 0.2776434 0 0 -0.204133 -0.250293 -0.02845995 0 -0.1348212 0.3341516 -0.04440842 -0.09058753 0.3341516 0.9698806 0 0 -0.04537288 0.3341516 0 0 0 0 0.9596835 0.1891552 -0.02217675 0 -0.04440842 0 0 0.9476421 0 0 0 0 0 0 0 0 0 0 0.9407422 0 0 0 0 -0.2967 0 0 0 0 0 0 0 -0.1801553 0 0.1809711 0 -0.3028012 0.9108895 0 0 -0.03321104 0.4724873 0.4724873 0 0.4722167 0 0 0 0 -0.00717447 0 0 0.4578827 0.4577193 0.1520397 0.4577193 0.4577193 0.4577193 0 0.4520223 0 0 0 0.1583683 0 0.4577193 0 -0.2912533 0 0 0 0 0.4582116 0 0.457654 -0.002942435 0 -0.05686064 0 0.1577314 0.4568463 0.8630883 0 -0.1654119 0 -0.08178853 0.8642921 0 0 0 0 0 0 0.4369309 0.4451135 0 0 -0.05500053 0.4452594 -0.2854694
0 0 0 0 0 0 0 0 0 0 0 0 0 0 0 0 1.01 0 0 0 0 0 0 0 0 0 0 0 0 0 0 0 0 0 0 0 0 0 0 0 0 0 0 0 0 0 0 0 0 0 0 0 0 0 0 0 0 0 0 0 0 0 0 0 0 0 0 0 0 0 0 0 0 0 0 0 0 0 0 0 0 0 0 0 0 0 0 0 0 0 0 0 0 0 0 0 0 0 0 0 0 0 0 0 0 0 0 0 0 0 0 0 0 0 0 0 0 0 0 0 0 0 0 0 0 0 0 0 0 0 0 0 0 0 0 0 0 0 0 0 0 0 0 0 0 0 0 0 0 0 0 0 0 0 0 0 0 0 0 0 0 0 0 0 0 0 0 0 0 0 0
0 0 0 0 0 0 0 0 0 0 0 0 0 0 0 0 0 1.01 0 0 0 0 0 0 0 0 0 0 0 0 0 0 0 0 0 0 0 0 0 0 0 0 0 0 0 0 0 0 0 0 0 0 0 0 0 0 0 0 0 0 0 0 0 0 0 0 0 0 0 0 0 0 0 0 0 0 0 0 0 0 0 0 0 0 0 0 0 0 0 0 0 0 0 0 0 0 0 0 0 0 0 0 0 0 0 0 0 0 0 0 0 0 0 0 0 0 0 0 0 0 0 0 0 0 0 0 0 0 0 0 0 0 0 0 0 0 0 0 0 0 0 0 0 0 0 0 0 0 0 0 0 0 0 0 0 0 0 0 0 0 0 0 0 0 0 0 0 0 0 0 0
0 0 0 0 0 0 0 0 0 0 0 0 0 0 0 0 0 0 1.01 0 0 0 0 0 0 0 0 0 0 0 0 0 0 0 0 0 0 0 0 0 0 0 0 0 0 0 0 0 0 0 0 0 0 0 0 0 0 0 0 0 0 0 0 0 0 0 0 0 0 0 0 0 0 0 0 0 0 0 0 0 0 0 0 0 0 0 0 0 0 0 0 0 0 0 0 0 0 0 0 0 0 0 0 0 0 0 0 0 0 0 0 0 0 0 0 0 0 0 0 0 0 0 0 0 0 0 0 0 0 0 0 0 0 0 0 0 0 0 0 0 0 0 0 0 0 0 0 0 0 0 0 0 0 0 0 0 0 0 0 0 0 0 0 0 0 0 0 0 0 0 0
0 0 0 0 0 0 0 0 0 0 0 0 0 0 0 0 0 0 0 1.01 0 0 0 0 0 0 0 0 0 0 0 0 0 0 0 0 0 0 0 0 0 0 0 0 0 0 0 0 0 0 0 0 0 0 0 0 0 0 0 0 0 0 0 0 0 0 0 0 0 0 0 0 0 0 0 0 0 0 0 0 0 0 0 0 0 0 0 0 0 0 0 0 0 0 0 0 0 0 0 0 0 0 0 0 0 0 0 0 0 0 0 0 0 0 0 0 0 0 0 0 0 0 0 0 0 0 0 0 0 0 0 0 0 0 0 0 0 0 0 0 0 0 0 0 0 0 0 0 0 0 0 0 0 0 0 0 0 0 0 0 0 0 0 0 0 0 0 0 0 0 0
0 0 0 0 -0.3598023 0.1995004 0 0.5716808 0 0.5712985 0 0 0.5716155 0 0 0.1734458 0 0 0 0 1.01 0 0 0 0 0 0 0 0.440236 0.4413422 0 0 0.439111 0 0 -0.1495352 0 0 0.2266549 -0.2259791 -0.1479551 -0.0608394 0 0.3283427 0 0 0.3892746 0.2892591 -0.2693463 0.1726759 0.3249399 0.2749391 0 0 0.2676165 0.2604917 0.02335088 0 -0.5361179 0.410189 0.05942321 -0.2565578 0.410189 0.1725295 0 0 -0.2906335 0.410189 0 0 0 0 0.1734631 0.7147163 -0.2584892 0 0.05942321 0 0 0.1758693 0 0 0 0 0 0 0 0 0 0 0.1469441 0 0 0 0 0.2454329 0 0 0 0 0 0 0 0.2451771 0 0.5558374 0 0.2074837 0.1207354 0 0 0.06613406 0.2875988 0.2875988 0 0.2874861 0 0 0 0 0.01771871 0 0 0.2649571 0.2649077 0.4846748 0.2649077 0.2649077 0.2649077 0 0.2678766 0 0 0 0.5250303 0 0.2649077 0 0.2067768 0 0 0 0 0.2643884 0 0.2650188 0.0578247 0 -0.04543075 0 0.5236614 0.2621498 0.1026309 0 0.2252944 0 0.09986543 0.1027096 0 0 0 0 0 0 0.250775 0.2523797 0 0 0.05416566 0.2525466 0.2164999
0 0 0 0 0 0 0 0 0 0 0 0 0 0 0 0 0 0 0 0 0 1.01 0 0 0 0 0 0 0 0 0 0 0 0 0 0 0 0 0 0 0 0 0 0 0 0 0 0 0 0 0 0 0 0 0 0 0 0 0 0 0 0 0 0 0 0 0 0 0 0 0 0 0 0 0 0 0 0 0 0 0 0 0 0 0 0 0 0 0 0 0 0 0 0 0 0 0 0 0 0 0 0 0 0 0 0 0 0 0 0 0 0 0 0 0 0 0 0 0 0 0 0 0 0 0 0 0 0 0 0 0 0 0 0 0 0 0 0 0 0 0 0 0 0 0 0 0 0 0 0 0 0 0 0 0 0 0 0 0 0 0 0 0 0 0 0 0 0 0 0 0
0 0 0 0 0 0 0 0 0 0 0 0 0 0 0 0 0 0 0 0 0 0 1.01 0 0 0 0 0 0 0 0 0 0 0 0 0 0 0 0 0 0 0 0 0 0 0 0 0 0 0 0 0 0 0 0 0 0 0 0 0 0 0 0 0 0 0 0 0 0 0 0 0 0 0 0 0 0 0 0 0 0 0 0 0 0 0 0 0 0 0 0 0 0 0 0 0 0 0 0 0 0 0 0 0 0 0 0 0 0 0 0 0 0 0 0 0 0 0 0 0 0 0 0 0 0 0 0 0 0 0 0 0 0 0 0 0 0 0 0 0 0 0 0 0 0 0 0 0 0 0 0 0 0 0 0 0 0 0 0 0 0 0 0 0 0 0 0 0 0 0 0
0 0 0 0 0 0 0 0 0 0 0 0 0 0 0 0 0 0 0 0 0 0 0 1.01 0 0 0 0 0 0 0 0 0 0 0 0 0 0 0 0 0 0 0 0 0 0 0 0 0 0 0 0 0 0 0 0 0 0 0 0 0 0 0 0 0 0 0 0 0 0 0 0 0 0 0 0 0 0 0 0 0 0 0 0 0 0 0 0 0 0 0 0 0 0 0 0 0 0 0 0 0 0 0 0 0 0 0 0 0 0 0 0 0 0 0 0 0 0 0 0 0 0 0 0 0 0 0 0 0 0 0 0 0 0 0 0 0 0 0 0 0 0 0 0 0 0 0 0 0 0 0 0 0 0 0 0 0 0 0 0 0 0 0 0 0 0 0 0 0 0 0
0 0 0 0 0 0 0 0 0 0 0 0 0 0 0 0 0 0 0 0 0 0 0 0 1.01 0 0 0 0 0 0 0 0 0 0 0 0 0 0 0 0 0 0 0 0 0 0 0 0 0 0 0 0 0 0 0 0 0 0 0 0 0 0 0 0 0 0 0 0 0 0 0 0 0 0 0 0 0 0 0 0 0 0 0 0 0 0 0 0 0 0 0 0 0 0 0 0 0 0 0 0 0 0 0 0 0 0 0 0 0 0 0 0 0 0 0 0 0 0 0 0 0 0 0 0 0 0 0 0 0 0 0 0 0 0 0 0 0 0 0 0 0 0 0 0 0 0 0 0 0 0 0 0 0 0 0 0 0 0 0 0 0 0 0 0 0 0 0 0 0 0
0 0 0 0 0 0 0 0 0 0 0 0 0 0 0 0 0 0 0 0 0 0 0 0 0 1.01 0 0 0 0 0 0 0 0 0 0 0 0 0 0 0 0 0 0 0 0 0 0 0 0 0 0 0 0 0 0 0 0 0 0 0 0 0 0 0 0 0 0 0 0 0 0 0 0 0 0 0 0 0 0 0 0 0 0 0 0 0 0 0 0 0 0 0 0 0 0 0 0 0 0 0 0 0 0 0 0 0 0 0 0 0 0 0 0 0 0 0 0 0 0 0 0 0 0 0 0 0 0 0 0 0 0 0 0 0 0 0 0 0 0 0 0 0 0 0 0 0 0 0 0 0 0 0 0 0 0 0 0 0 0 0 0 0 0 0 0 0 0 0 0 0
0 0 0 0 0 0 0 0 0 0 0 0 0 0 0 0 0 0 0 0 0 0 0 0 0 0 1.01 0 0 0 0 0 0 0 0 0 0 0 0 0 0 0 0 0 0 0 0 0 0 0 0 0 0 0 0 0 0 0 0 0 0 0 0 0 0 0 0 0 0 0 0 0 0 0 0 0 0 0 0 0 0 0 0 0 0 0 0 0 0 0 0 0 0 0 0 0 0 0 0 0 0 0 0 0 0 0 0 0 0 0 0 0 0 0 0 0 0 0 0 0 0 0 0 0 0 0 0 0 0 0 0 0 0 0 0 0 0 0 0 0 0 0 0 0 0 0 0 0 0 0 0 0 0 0 0 0 0 0 0 0 0 0 0 0 0 0 0 0 0 0 0
0 0 0 0 0 0 0 0 0 0 0 0 0 0 0 0 0 0 0 0 0 0 0 0 0 0 0 1.01 0 0 0 0 0 0 0 0 0 0 0 0 0 0 0 0 0 0 0 0 0 0 0 0 0 0 0 0 0 0 0 0 0 0 0 0 0 0 0 0 0 0 0 0 0 0 0 0 0 0 0 0 0 0 0 0 0 0 0 0 0 0 0 0 0 0 0 0 0 0 0 0 0 0 0 0 0 0 0 0 0 0 0 0 0 0 0 0 0 0 0 0 0 0 0 0 0 0 0 0 0 0 0 0 0 0 0 0 0 0 0 0 0 0 0 0 0 0 0 0 0 0 0 0 0 0 0 0 0 0 0 0 0 0 0 0 0 0 0 0 0 0 0
0 0 0 0 -0.18234 0.2325359 0 0.3222523 0 0.3218829 0 0 0.3222802 0 0 0.3339315 0 0 0 0 0.440236 0 0 0 0 0 0 0 1.01 0.9902413 0 0 0.9863001 0 0 -0.08688828 0 0 -0.4760528 -0.07185882 -0.02981626 -0.2062037 0 0.773059 0 0 0.8448721 0.6913905 -0.143338 0.3270662 0.7550319 0.1264341 0 0 -0.5623095 0.6410155 -0.04771328 0 -0.4686965 0.950228 0.1033178 -0.1386999 0.950228 0.3522416 0 0 -0.1568602 0.950228 0 0 0 0 0.3562258 0.5513151 -0.1335906 0 0.1033178 0 0 0.3486108 0 0 0 0 0 0 0 0 0 0 0.3365287 0 0 0 0 0.6347591 0 0 0 0 0 0 0 -0.5230544 0 0.4144016 0 0.5916382 0.3098478 0 0 -0.1307682 -0.2404982 -0.2404982 0 -0.2406927 0 0 0 0 -0.1052336 0 0 -0.2207729 -0.2208076 0.4358364 -0.2208076 -0.2208076 -0.2208076 0 -0.2114777 0 0 0 0.4535395 0 -0.2208076 0 0.5994776 0 0 0 0 -0.2201162 0 -0.2210407 -0.09258196 0 0.1341416 0 0.4516377 -0.2216682 0.2873384 0 -0.4894535 0 0.2076809 0.2885404 0 0 0 0 0 0 -0.2156961 -0.2118931 0 0 0.1710085 -0.2114539 0.5944674
0 0 0 0 -0.1840187 0.2295989 0 0.3261402 0 0.3257728 0 0 0.3259622 0 0 0.3309079 0 0 0 0 0.4413422 0 0 0 0 0 0 0 0.9902413 1.01 0 0 0.9960762 0 0 -0.0867217 0 0 -0.4859961 -0.07262632 -0.0300794 -0.2035507 0 0.7848685 0 0 0.8431173 0.7044954 -0.1446115 0.3240058 0.7671911 0.1298931 0 0 -0.5716295 0.6384536 -0.04843165 0 -0.4699608 0.9603691 0.1036614 -0.1410304 0.9603691 0.3492744 0 0 -0.1582445 0.9603691 0 0 0 0 0.3535711 0.5539799 -0.1334584 0 0.1036614 0 0 0.3459118 0 0 0 0 0 0 0 0 0 0 0.3340963 0 0 0 0 0.6328157 0 0 0 0 0 0 0 -0.5326687 0 0.4005376 0 0.5890969 0.3072895 0 0 -0.1304325 -0.2506071 -0.2506071 0 -0.2508011 0 0 0 0 -0.1055384 0 0 -0.2313324 -0.2313684 0.420889 -0.2313684 -0.2313684 -0.2313684 0 -0.2222682 0 0 0 0.4389762 0 -0.2313684 0 0.5967492 0 0 0 0 -0.2306808 0 -0.2313863 -0.09273628 0 0.1330286 0 0.437092 -0.2322347 0.2847865 0 -0.4996791 0 0.2076071 0.2859924 0 0 0 0 0 0 -0.2263041 -0.2225021 0 0 0.1719625 -0.2220628 0.5918675
0 0 0 0 0 0 0 0 0 0 0 0 0 0 0 0 0 0 0 0 0 0 0 0 0 0 0 0 0 0 1.01 0 0 0 0 0 0 0 0 0 0 0 0 0 0 0 0 0 0 0 0 0 0 0 0 0 0 0 0 0 0 0 0 0 0 0 0 0 0 0 0 0 0 0 0 0 0 0 0 0 0 0 0 0 0 0 0 0 0 0 0 0 0 0 0 0 0 0 0 0 0 0 0 0 0 0 0 0 0 0 0 0 0 0 0 0 0 0 0 0 0 0 0 0 0 0 0 0 0 0 0 0 0 0 0 0 0 0 0 0 0 0 0 0 0 0 0 0 0 0 0 0 0 0 0 0 0 0 0 0 0 0 0 0 0 0 0 0 0 0 0
0 0 0 0 0 0 0 0 0 0 0 0 0 0 0 0 0 0 0 0 0 0 0 0 0 0 0 0 0 0 0 1.01 0 0 0 0 0 0 0 0 0 0 0 0 0 0 0 0 0 0 0 0 0 0 0 0 0 0 0 0 0 0 0 0 0 0 0 0 0 0 0 0 0 0 0 0 0 0 0 0 0 0 0 0 0 0 0 0 0 0 0 0 0 0 0 0 0 0 0 0 0 0 0 0 0 0 0 0 0 0 0 0 0 0 0 0 0 0 0 0 0 0 0 0 0 0 0 0 0 0 0 0 0 0 0 0 0 0 0 0 0 0 0 0 0 0 0 0 0 0 0 0 0 0 0 0 0 0 0 0 0 0 0 0 0 0 0 0 0 0 0
0 0 0 0 -0.182634 0.2311464 0 0.3232105 0 0.3228398 0 0 0.3230315 0 0 0.332214 0 0 0 0 0.439111 0 0 0 0 0 0 0 0.9863001 0.9960762 0 0 1.01 0 0 -0.08597352 0 0 -0.483353 -0.07250024 -0.0297786 -0.2047323 0 0.7801023 0 0 0.8385187 0.6995261 -0.1443584 0.3250523 0.7624516 0.1276507 0 0 -0.5689447 0.6416081 -0.04893509 0 -0.468134 0.9567711 0.1045546 -0.1408452 0.9567711 0.350538 0 0 -0.1578449 0.9567711 0 0 0 0 0.3548725 0.5521632 -0.1326185 0 0.1045546 0 0 0.3472634 0 0 0 0 0 0 0 0 0 0 0.3354775 0 0 0 0 0.6281161 0 0 0 0 0 0 0 -0.5298417 0 0.399062 0 0.584571 0.3087578 0 0 -0.1301968 -0.247135 -0.247135 0 -0.2473299 0 0 0 0 -0.1053856 0 0 -0.227905 -0.2279412 0.4191166 -0.2279412 -0.2279412 -0.2279412 0 -0.2187741 0 0 0 0.4370521 0 -0.2279412 0 0.5918749 0 0 0 0 -0.2272565 0 -0.2279581 -0.0927109 0 0.1336014 0 0.4377356 -0.2287991 0.2864527 0 -0.4970336 0 0.2088384 0.2876541 0 0 0 0 0 0 -0.2229631 -0.2191426 0 0 0.1733329 -0.2187001 0.5892343
0 0 0 0 0 0 0 0 0 0 0 0 0 0 0 0 0 0 0 0 0 0 0 0 0 0 0 0 0 0 0 0 0 1.01 0 0 0 0 0 0 0 0 0 0 0 0 0 0 0 0 0 0 0 0 0 0 0 0 0 0 0 0 0 0 0 0 0 0 0 0 0 0 0 0 0 0 0 0 0 0 0 0 0 0 0 0 0 0 0 0 0 0 0 0 0 0 0 0 0 0 0 0 0 0 0 0 0 0 0 0 0 0 0 0 0 0 0 0 0 0 0 0 0 0 0 0 0 0 0 0 0 0 0 0 0 0 0 0 0 0 0 0 0 0 0 0 0 0 0 0 0 0 0 0 0 0 0 0 0 0 0 0 0 0 0 0 0 0 0 0 0
0 0 0 0 0 0 0 0 0 0 0 0 0 0 0 0 0 0 0 0 0 0 0 0 0 0 0 0 0 0 0 0 0 0 1.01 0 0 0 0 0 0 0 0 0 0 0 0 0 0 0 0 0 0 0 0 0 0 0 0 0 0 0 0 0 0 0 0 0 0 0 0 0 0 0 0 0 0 0 0 0 0 0 0 0 0 0 0 0 0 0 0 0 0 0 0 0 0 0 0 0 0 0 0 0 0 0 0 0 0 0 0 0 0 0 0 0 0 0 0 0 0 0 0 0 0 0 0 0 0 0 0 0 0 0 0 0 0 0 0 0 0 0 0 0 0 0 0 0 0 0 0 0 0 0 0 0 0 0 0 0 0 0 0 0 0 0 0 0 0 0 0
0 0 0 0 -0.02090863 -0.03186515 0 -0.1068049 0 -0.1067289 0 0 -0.1067916 0 0 -0.02455364 0 0 0 0 -0.1495352 0 0 0 0 0 0 0 -0.08688828 -0.0867217 0 0 -0.08597352 0 0 1.01 0 0 -0.04094313 -0.007117792 -0.01379043 -0.1510471 0 -0.07206386 0 0 -0.07535822 -0.0762023 -0.01670188 -0.02741694 -0.08454528 -0.1074107 0 0 -0.04866709 -0.06203153 -0.01009661 0 0.1832974 -0.08700177 -0.02175067 -0.01966249 -0.08700177 -0.0267472 0 0 -0.01940457 -0.08700177 0 0 0 0 -0.02770909 -0.1421867 -0.0131481 0 -0.02175067 0 0 -0.02894369 0 0 0 0 0 0 0 0 0 0 -0.02647814 0 0 0 0 -0.06896399 0 0 0 0 0 0 0 -0.04346043 0 -0.1466292 0 -0.07372175 -0.02859687 0 0 -0.02028852 -0.05761683 -0.05761683 0 -0.05759443 0 0 0 0 -0.01907435 0 0 -0.05885554 -0.05884697 -0.1526864 -0.05884697 -0.05884697 -0.05884697 0 -0.05943851 0 0 0 -0.1479842 0 -0.05884697 0 -0.07308847 0 0 0 0 -0.05875097 0 -0.05886924 -0.01709418 0 -0.001678739 0 -0.1476164 -0.05905944 -0.03210841 0 -0.04264199 0 -0.03678248 -0.03198687 0 0 0 0 0 0 -0.06104772 -0.06151851 0 0 -0.01807726 -0.06160257 -0.07013758
0 0 0 0 0 0 0 0 0 0 0 0 0 0 0 0 0 0 0 0 0 0 0 0 0 0 0 0 0 0 0 0 0 0 0 0 1.01 0 0 0 0 0 0 0 0 0 0 0 0 0 0 0 0 0 0 0 0 0 0 0 0 0 0 0 0 0 0 0 0 0 0 0 0 0 0 0 0 0 0 0 0 0 0 0 0 0 0 0 0 0 0 0 0 0 0 0 0 0 0 0 0 0 0 0 0 0 0 0 0 0 0 0 0 0 0 0 0 0 0 0 0 0 0 0 0 0 0 0 0 0 0 0 0 0 0 0 0 0 0 0 0 0 0 0 0 0 0 0 0 0 0 0 0 0 0 0 0 0 0 0 0 0 0 0 0 0 0 0 0 0 0
0 0 0 0 0 0 0 0 0 0 0 0 0 0 0 0 0 0 0 0 0 0 0 0 0 0 0 0 0 0 0 0 0 0 0 0 0 1.01 0 0 0 0 0 0 0 0 0 0 0 0 0 0 0 0 0 0 0 0 0 0 0 0 0 0 0 0 0 0 0 0 0 0 0 0 0 0 0 0 0 0 0 0 0 0 0 0 0 0 0 0 0 0 0 0 0 0 0 0 0 0 0 0 0 0 0 0 0 0 0 0 0 0 0 0 0 0 0 0 0 0 0 0 0 0 0 0 0 0 0 0 0 0 0 0 0 0 0 0 0 0 0 0 0 0 0 0 0 0 0 0 0 0 0 0 0 0 0 0 0 0 0 0 0 0 0 0 0 0 0 0 0
0 0 0 0 -0.08214016 -0.1965124 0 0.3742891 0 0.374144 0 0 0.3744066 0 0 -0.176912 0 0 0 0 0.2266549 0 0 0 0 0 0 0 -0.4760528 -0.4859961 0 0 -0.483353 0 0 -0.04094313 0 0 1.01 -0.07636611 -0.06899388 0.08265435 0 -0.3818207 0 0 -0.396918 -0.3396813 -0.06134374 -0.1802091 -0.3716398 0.2681158 0 0 0.8478735 -0.3189475 -0.04012268 0 -0.2184716 -0.4773743 -0.04549258 -0.1042741 -0.4773743 -0.1754425 0 0 -0.06215344 -0.4773743 0 0 0 0 -0.1793762 0.2463545 -0.0913833 0 -0.04549258 0 0 -0.1766832 0 0 0 0 0 0 0 0 0 0 -0.1772451 0 0 0 0 -0.3238085 0 0 0 0 0 0 0 0.8059193 0 0.2354666 0 -0.337075 -0.1801851 0 0 -0.02791055 0.5687316 0.5687316 0 0.568809 0 0 0 0 -0.05543183 0 0 0.5681375 0.5683527 0.192162 0.5683527 0.5683527 0.5683527 0 0.5619921 0 0 0 0.1999384 0 0.5683527 0 -0.3588002 0 0 0 0 0.5667194 0 0.5682698 -0.05208462 0 -0.1082708 0 0.2006619 0.5673916 -0.1761913 0 0.8032705 0 -0.09226575 -0.1764329 0 0 0 0 0 0 0.5545534 0.5514528 0 0 -0.08863603 0.5513567 -0.3488325
0 0 0 0 -0.02409446 -0.03262404 0 -0.1357098 0 -0.135572 0 0 -0.1356825 0 0 -0.05896144 0 0 0 0 -0.2259791 0 0 0 0 0 0 0 -0.07185882 -0.07262632 0 0 -0.07250024 0 0 -0.007117792 0 0 -0.07636611 1.01 -0.01632929 0.07022476 0 -0.03268042 0 0 -0.05120157 -0.03950883 -0.02344057 -0.05923546 -0.03144367 -0.1902667 0 0 -0.09504563 -0.0064241 -0.0185106 0 0.07198394 -0.06625685 -0.009432867 -0.03058126 -0.06625685 -0.05717794 0 0 -0.02444298 -0.06625685 0 0 0 0 -0.05882507 -0.160844 0.2508163 0 -0.009432867 0 0 -0.06004173 0 0 0 0 0 0 0 0 0 0 -0.06129354 0 0 0 0 -0.02795682 0 0 0 0 0 0 0 -0.08276012 0 -0.189502 0 -0.03300757 -0.06132298 0 0 -0.02500552 -0.1138812 -0.1138812 0 -0.1138405 0 0 0 0 -0.01977902 0 0 -0.1073176 -0.1073025 -0.03248588 -0.1073025 -0.1073025 -0.1073025 0 -0.1084257 0 0 0 -0.1613235 0 -0.1073025 0 -0.03928818 0 0 0 0 -0.1071315 0 -0.1073426 -0.01521009 0 -0.03902766 0 -0.1614542 -0.1070325 -0.05997885 0 -0.07583425 0 0.02097245 -0.05976406 0 0 0 0 0 0 -0.1087272 -0.1089291 0 0 -0.01917189 -0.1090808 -0.03709971
0 0 0 0 0.4676901 -0.05493934 0 -0.05994118 0 -0.05983088 0 0 -0.05991678 0 0 -0.05381922 0 0 0 0 -0.1479551 0 0 0 0 0 0 0 -0.02981626 -0.0300794 0 0 -0.0297786 0 0 -0.01379043 0 0 -0.06899388 -0.01632929 1.01 0.03594028 0 0.00261059 0 0 -0.01791163 0.009318586 -0.01180818 -0.05311645 0.006596383 0.1218598 0 0 -0.07697214 -0.08658055 -0.005378299 0 -0.06597135 -0.03198413 -0.01752428 0.3523542 -0.03198413 -0.05365873 0 0 -0.01111124 -0.03198413 0 0 0 0 -0.05489128 -0.1083778 -0.02468422 0 -0.01752428 0 0 -0.05653049 0 0 0 0 0 0 0 0 0 0 -0.05630967 0 0 0 0 0.1202951 0 0 0 0 0 0 0 -0.07179385 0 0.01920002 0 0.05692901 0.02603677 0 0 -0.005342404 -0.04380304 -0.04380304 0 -0.04377253 0 0 0 0 -0.005503213 0 0 -0.03549015 -0.03546811 0.02146393 -0.03546811 -0.03546811 -0.03546811 0 -0.03645009 0 0 0 0.02357765 0 -0.03546811 0 0.05361774 0 0 0 0 -0.03527509 0 -0.03549841 -0.004470825 0 -0.01294921 0 0.02390446 -0.0259912 0.03049477 0 -0.0661427 0 -0.02315298 0.03079951 0 0 0 0 0 0 0.1297383 0.129678 0 0 -0.007548959 0.1294971 -0.1021715
0 0 0 0 0.08256968 -0.07647062 0 -0.03374588 0 -0.03408261 0 0 -0.03383186 0 0 -0.1200449 0 0 0 0 -0.0608394 0 0 0 0 0 0 0 -0.2062037 -0.2035507 0 0 -0.2047323 0 0 -0.1510471 0 0 0.08265435 0.07022476 0.03594028 1.01 0 -0.116487 0 0 -0.1575214 -0.1129267 0.05587154 -0.1305202 -0.1269578 0.04585693 0 0 0.1218141 -0.06241451 0.01306369 0 0.07650597 -0.1421885 0.03518975 -0.01520819 -0.1421885 -0.1406925 0 0 0.03790602 -0.1421885 0 0 0 0 -0.1368592 -0.05005154 0.06659754 0 0.03518975 0 0 -0.1320901 0 0 0 0 0 0 0 0 0 0 -0.12828 0 0 0 0 -0.09271615 0 0 0 0 0 0 0 0.145569 0 -0.04235831 0 -0.07838303 -0.113733 0 0 0.05732398 0.045881 0.045881 0 0.04609584 0 0 0 0 0.05521382 0 0 0.03812196 0.03804153 -0.08483498 0.03804153 0.03804153 0.03804153 0 0.04309867 0 0 0 -0.09300769 0 0.03804153 0 -0.1161592 0 0 0 0 0.0373796 0 0.03813084 0.05722723 0 -0.09710865 0 -0.09364353 0.03846243 -0.1160033 0 0.1387537 0 0.08810159 -0.1169642 0 0 0 0 0 0 0.04950118 0.04227827 0 0 0.07265958 0.04270293 -0.1221749
0 0 0 0 0 0 0 0 0 0 0 0 0 0 0 0 0 0 0 0 0 0 0 0 0 0 0 0 0 0 0 0 0 0 0 0 0 0 0 0 0 0 1.01 0 0 0 0 0 0 0 0 0 0 0 0 0 0 0 0 0 0 0 0 0 0 0 0 0 0 0 0 0 0 0 0 0 0 0 0 0 0 0 0 0 0 0 0 0 0 0 0 0 0 0 0 0 0 0 0 0 0 0 0 0 0 0 0 0 0 0 0 0 0 0 0 0 0 0 0 0 0 0 0 0 0 0 0 0 0 0 0 0 0 0 0 0 0 0 0 0 0 0 0 0 0 0 0 0 0 0 0 0 0 0 0 0 0 0 0 0 0 0 0 0 0 0 0 0 0 0 0
0 0 0 0 -0.1380819 -0.3287089 0 0.6173308 0 0.6169817 0 0 0.6171183 0 0 -0.3002847 0 0 0 0 0.3283427 0 0 0 0 0 0 0 0.773059 0.7848685 0 0 0.7801023 0 0 -0.07206386 0 0 -0.3818207 -0.03268042 0.00261059 -0.116487 0 1.01 0 0 0.6746362 0.8917832 -0.1215749 -0.3057018 0.9698399 -0.06544753 0 0 -0.4539858 0.8114683 -0.03004784 0 -0.3643681 0.7452772 0.1349599 -0.0855554 0.7452772 -0.2938078 0 0 -0.1321161 0.7452772 0 0 0 0 -0.283081 0.4187728 -0.1339481 0 0.1349599 0 0 -0.282713 0 0 0 0 0 0 0 0 0 0 -0.290235 0 0 0 0 0.8280907 0 0 0 0 0 0 0 -0.4293488 0 0.2688439 0 0.7881576 -0.2918285 0 0 -0.1121406 -0.5748003 -0.5748003 0 -0.5748167 0 0 0 0 -0.1037496 0 0 -0.5445949 -0.5445231 0.3069941 -0.5445231 -0.5445231 -0.5445231 0 -0.5314859 0 0 0 0.3214903 0 -0.5445231 0 0.7881013 0 0 0 0 -0.5441371 0 -0.544501 -0.09319347 0 0.1604933 0 0.320038 -0.5448544 -0.2838947 0 -0.4041688 0 0.2622677 -0.2834486 0 0 0 0 0 0 -0.5260597 -0.5276324 0 0 0.2067517 -0.5272909 0.7797774
0 0 0 0 0 0 0 0 0 0 0 0 0 0 0 0 0 0 0 0 0 0 0 0 0 0 0 0 0 0 0 0 0 0 0 0 0 0 0 0 0 0 0 0 1.01 0 0 0 0 0 0 0 0 0 0 0 0 0 0 0 0 0 0 0 0 0 0 0 0 0 0 0 0 0 0 0 0 0 0 0 0 0 0 0 0 0 0 0 0 0 0 0 0 0 0 0 0 0 0 0 0 0 0 0 0 0 0 0 0 0 0 0 0 0 0 0 0 0 0 0 0 0 0 0 0 0 0 0 0 0 0 0 0 0 0 0 0 0 0 0 0 0 0 0 0 0 0 0 0 0 0 0 0 0 0 0 0 0 0 0 0 0 0 0 0 0 0 0 0 0 0
0 0 0 0 0 0 0 0 0 0 0 0 0 0 0 0 0 0 0 0 0 0 0 0 0 0 0 0 0 0 0 0 0 0 0 0 0 0 0 0 0 0 0 0 0 1.01 0 0 0 0 0 0 0 0 0 0 0 0 0 0 0 0 0 0 0 0 0 0 0 0 0 0 0 0 0 0 0 0 0 0 0 0 0 0 0 0 0 0 0 0 0 0 0 0 0 0 0 0 0 0 0 0 0 0 0 0 0 0 0 0 0 0 0 0 0 0 0 0 0 0 0 0 0 0 0 0 0 0 0 0 0 0 0 0 0 0 0 0 0 0 0 0 0 0 0 0 0 0 0 0 0 0 0 0 0 0 0 0 0 0 0 0 0 0 0 0 0 0 0 0 0
0 0 0 0 -0.1649664 0.1838482 0 0.2887449 0 0.2882624 0 0 0.2887432 0 0 0.2632284 0 0 0 0 0.3892746 0 0 0 0 0 0 0 0.8448721 0.8431173 0 0 0.8385187 0 0 -0.07535822 0 0 -0.396918 -0.05120157 -0.01791163 -0.1575214 0 0.6746362 0 0 1.01 0.6589781 -0.1164847 0.2557013 0.6983695 0.102604 0 0 -0.4770304 0.5473302 -0.04138767 0 -0.3981759 0.8084315 0.08970058 -0.1123966 0.8084315 0.2787459 0 0 -0.1308539 0.8084315 0 0 0 0 0.2838981 0.4749701 -0.1163289 0 0.08970058 0 0 0.2776858 0 0 0 0 0 0 0 0 0 0 0.2675826 0 0 0 0 0.5296441 0 0 0 0 0 0 0 -0.4438415 0 0.3305796 0 0.4913391 0.2501798 0 0 -0.09983513 -0.2141058 -0.2141058 0 -0.214331 0 0 0 0 -0.1127257 0 0 -0.188337 -0.1883941 0.3614718 -0.1883941 -0.1883941 -0.1883941 0 -0.1941721 0 0 0 0.3780217 0 -0.1883941 0 0.503734 0 0 0 0 -0.1878944 0 -0.1885981 -0.1034522 0 0.1000917 0 0.3760667 -0.1891453 0.2434091 0 -0.4162558 0 0.2315835 0.2446004 0 0 0 0 0 0 -0.182449 -0.1783429 0 0 0.184255 -0.1779828 0.4968122
0 0 0 0 -0.1254948 -0.3035478 0 0.559786 0 0.5593506 0 0 0.5595457 0 0 -0.2727844 0 0 0 0 0.2892591 0 0 0 0 0 0 0 0.6913905 0.7044954 0 0 0.6995261 0 0 -0.0762023 0 0 -0.3396813 -0.03950883 0.009318586 -0.1129267 0 0.8917832 0 0 0.6589781 1.01 -0.1105849 -0.2764881 0.9157654 -0.02271546 0 0 -0.4076031 0.7267888 -0.02422936 0 -0.3291327 0.6678074 0.1491829 -0.07074113 0.6678074 -0.2651979 0 0 -0.1221506 0.6678074 0 0 0 0 -0.2540123 0.378349 -0.1146052 0 0.1491829 0 0 -0.2543892 0 0 0 0 0 0 0 0 0 0 -0.2607305 0 0 0 0 0.7290394 0 0 0 0 0 0 0 -0.383808 0 0.2284141 0 0.6878566 -0.2622103 0 0 -0.1054455 -0.5146651 -0.5146651 0 -0.5147049 0 0 0 0 -0.096972 0 0 -0.4869185 -0.4868519 0.2579374 -0.4868519 -0.4868519 -0.4868519 0 -0.4723232 0 0 0 0.2716728 0 -0.4868519 0 0.6909758 0 0 0 0 -0.486543 0 -0.4868067 -0.08707347 0 0.03443243 0 0.2704823 -0.4869826 -0.2556254 0 -0.359799 0 0.2177474 -0.2552887 0 0 0 0 0 0 -0.4681299 -0.469493 0 0 0.2344994 -0.4692857 0.6814911
0 0 0 0 -0.02522652 -0.04970997 0 -0.1726217 0 -0.1725168 0 0 -0.1726046 0 0 -0.03966372 0 0 0 0 -0.2693463 0 0 0 0 0 0 0 -0.143338 -0.1446115 0 0 -0.1443584 0 0 -0.01670188 0 0 -0.06134374 -0.02344057 -0.01180818 0.05587154 0 -0.1215749 0 0 -0.1164847 -0.1105849 1.01 -0.04255795 -0.1007201 -0.1503327 0 0 -0.07298438 -0.1025462 -0.01783612 0 0.2889537 -0.1429072 -0.009185313 -0.0267649 -0.1429072 -0.04068357 0 0 0.9191565 -0.1429072 0 0 0 0 -0.03955663 -0.2329939 0.4492056 0 -0.009185313 0 0 -0.0400529 0 0 0 0 0 0 0 0 0 0 -0.03866336 0 0 0 0 -0.09824869 0 0 0 0 0 0 0 -0.06739863 0 0.06835513 0 0.1390427 -0.03802279 0 0 -0.02155624 -0.08407771 -0.08407771 0 -0.08404654 0 0 0 0 -0.02272651 0 0 -0.07749687 -0.07748421 0.0663788 -0.07748421 -0.07748421 -0.07748421 0 -0.079865 0 0 0 0.06949854 0 -0.07748421 0 0.1327156 0 0 0 0 -0.07734682 0 -0.07751491 -0.019732 0 -0.02587933 0 0.0697757 -0.07778042 -0.03511979 0 -0.06194548 0 -0.03338705 -0.03493561 0 0 0 0 0 0 -0.08043317 -0.08025425 0 0 -0.01636178 -0.08037193 0.137154
0 0 0 0 -0.07991146 0.8353883 0 -0.4589906 0 -0.4590084 0 0 -0.4589401 0 0 0.9491737 0 0 0 0 0.1726759 0 0 0 0 0 0 0 0.3270662 0.3240058 0 0 0.3250523 0 0 -0.02741694 0 0 -0.1802091 -0.05923546 -0.05311645 -0.1305202 0 -0.3057018 0 0 0.2557013 -0.2764881 -0.04255795 1.01 -0.2996916 0.2730704 0 0 -0.2079829 -0.2551881 0.1741225 0 -0.1204112 0.3276825 -0.04855542 -0.09233054 0.3276825 0.9673208 0 0 -0.04718746 0.3276825 0 0 0 0 0.9575376 0.178859 -0.008102192 0 -0.04855542 0 0 0.9454315 0 0 0 0 0 0 0 0 0 0 0.9384808 0 0 0 0 -0.2958332 0 0 0 0 0 0 0 -0.1835377 0 0.1679163 0 -0.3034952 0.8993008 0 0 -0.03492302 0.4618641 0.4618641 0 0.4615978 0 0 0 0 -0.01155136 0 0 0.4462622 0.4461005 0.1379323 0.4461005 0.4461005 0.4461005 0 0.4399917 0 0 0 0.1443349 0 0.4461005 0 -0.2925327 0 0 0 0 0.4465934 0 0.4463661 -0.00739235 0 -0.04386135 0 0.1433759 0.4452194 0.8535974 0 -0.1712652 0 -0.0822759 0.8548021 0 0 0 0 0 0 0.4262371 0.4343071 0 0 -0.05454582 0.4344452 -0.2877085
0 0 0 0 -0.1351559 -0.3171547 0 0.6036749 0 0.6033071 0 0 0.6034563 0 0 -0.2954643 0 0 0 0 0.3249399 0 0 0 0 0 0 0 0.7550319 0.7671911 0 0 0.7624516 0 0 -0.08454528 0 0 -0.3716398 -0.03144367 0.006596383 -0.1269578 0 0.9698399 0 0 0.6983695 0.9157654 -0.1007201 -0.2996916 1.01 -0.04262158 0 0 -0.4441958 0.7839837 -0.03029334 0 -0.3614914 0.7323755 0.1365746 -0.08232062 0.7323755 -0.2882153 0 0 -0.113546 0.7323755 0 0 0 0 -0.2775632 0.4136311 -0.117832 0 0.1365746 0 0 -0.2775669 0 0 0 0 0 0 0 0 0 0 -0.2846518 0 0 0 0 0.8113116 0 0 0 0 0 0 0 -0.4205982 0 0.2628631 0 0.7723 -0.2861163 0 0 -0.1105692 -0.5627911 -0.5627911 0 -0.5628126 0 0 0 0 -0.101683 0 0 -0.5329693 -0.5328988 0.3011506 -0.5328988 -0.5328988 -0.5328988 0 -0.5194397 0 0 0 0.3161008 0 -0.5328988 0 0.7725534 0 0 0 0 -0.5325304 0 -0.5328717 -0.09161887 0 0.1653874 0 0.3148349 -0.5331864 -0.278448 0 -0.3950201 0 0.2664946 -0.2780267 0 0 0 0 0 0 -0.5134295 -0.5151287 0 0 0.2148676 -0.5149877 0.7635563
0 0 0 0 0.08248465 0.2341624 0 0.1715117 0 0.1718287 0 0 0.1715481 0 0 0.2776434 0 0 0 0 0.2749391 0 0 0 0 0 0 0 0.1264341 0.1298931 0 0 0.1276507 0 0 -0.1074107 0 0 0.2681158 -0.1902667 0.1218598 0.04585693 0 -0.06544753 0 0 0.102604 -0.02271546 -0.1503327 0.2730704 -0.04262158 1.01 0 0 0.2447263 -0.1318378 -0.09178607 0 -0.3881963 0.1348058 0.06866356 0.04286436 0.1348058 0.2919104 0 0 -0.1589601 0.1348058 0 0 0 0 0.2941801 0.3988748 -0.1112966 0 0.06866356 0 0 0.2888674 0 0 0 0 0 0 0 0 0 0 0.2796956 0 0 0 0 -0.07881363 0 0 0 0 0 0 0 0.2369051 0 0.3137485 0 -0.1115938 0.2736578 0 0 0.002087377 0.3899778 0.3899778 0 0.3899902 0 0 0 0 -0.04823669 0 0 0.3762408 0.3761267 0.2443204 0.3761267 0.3761267 0.3761267 0 0.3630988 0 0 0 0.2659219 0 0.3761267 0 -0.1217334 0 0 0 0 0.3754742 0 0.3761106 -0.03564145 0 -0.08069643 0 0.2643818 0.3773254 0.2608289 0 0.2257947 0 0.0106974 0.2618314 0 0 0 0 0 0 0.3927598 0.3944891 0 0 0.1636051 0.3944567 -0.1442649
0 0 0 0 0 0 0 0 0 0 0 0 0 0 0 0 0 0 0 0 0 0 0 0 0 0 0 0 0 0 0 0 0 0 0 0 0 0 0 0 0 0 0 0 0 0 0 0 0 0 0 0 1.01 0 0 0 0 0 0 0 0 0 0 0 0 0 0 0 0 0 0 0 0 0 0 0 0 0 0 0 0 0 0 0 0 0 0 0 0 0 0 0 0 0 0 0 0 0 0 0 0 0 0 0 0 0 0 0 0 0 0 0 0 0 0 0 0 0 0 0 0 0 0 0 0 0 0 0 0 0 0 0 0 0 0 0 0 0 0 0 0 0 0 0 0 0 0 0 0 0 0 0 0 0 0 0 0 0 0 0 0 0 0 0 0 0 0 0 0 0 0
0 0 0 0 0 0 0 0 0 0 0 0 0 0 0 0 0 0 0 0 0 0 0 0 0 0 0 0 0 0 0 0 0 0 0 0 0 0 0 0 0 0 0 0 0 0 0 0 0 0 0 0 0 1.01 0 0 0 0 0 0 0 0 0 0 0 0 0 0 0 0 0 0 0 0 0 0 0 0 0 0 0 0 0 0 0 0 0 0 0 0 0 0 0 0 0 0 0 0 0 0 0 0 0 0 0 0 0 0 0 0 0 0 0 0 0 0 0 0 0 0 0 0 0 0 0 0 0 0 0 0 0 0 0 0 0 0 0 0 0 0 0 0 0 0 0 0 0 0 0 0 0 0 0 0 0 0 0 0 0 0 0 0 0 0 0 0 0 0 0 0 0
0 0 0 0 -0.09284807 -0.05882038 0 0.3159488 0 0.3159185 0 0 0.3160804 0 0 -0.204133 0 0 0 0 0.2676165 0 0 0 0 0 0 0 -0.5623095 -0.5716295 0 0 -0.5689447 0 0 -0.04866709 0 0 0.8478735 -0.09504563 -0.07697214 0.1218141 0 -0.4539858 0 0 -0.4770304 -0.4076031 -0.07298438 -0.2079829 -0.4441958 0.2447263 0 0 1.01 -0.380226 -0.04685249 0 -0.2596538 -0.5640046 -0.05959873 -0.1189073 -0.5640046 -0.2025961 0 0 -0.07509427 -0.5640046 0 0 0 0 -0.207024 0.2969878 -0.06171142 0 -0.05959873 0 0 -0.2046694 0 0 0 0 0 0 0 0 0 0 -0.2061045 0 0 0 0 -0.3665917 0 0 0 0 0 0 0 0.9281278 0 0.2852176 0 -0.383732 -0.1952405 0 0 0.2350586 0.6633759 0.6633759 0 0.6634676 0 0 0 0 0.1629906 0 0 0.6150775 0.6150637 0.205536 0.6150637 0.6150637 0.6150637 0 0.6081881 0 0 0 0.2149595 0 0.6150637 0 -0.389511 0 0 0 0 0.6136399 0 0.614964 0.1831356 0 -0.1203692 0 0.2159131 0.614066 -0.1897701 0 0.8683682 0 -0.1158632 -0.1898076 0 0 0 0 0 0 0.599231 0.5961281 0 0 -0.1011857 0.5958812 -0.3778329
0 0 0 0 -0.1074273 -0.2703918 0 0.5037806 0 0.5034924 0 0 0.5037352 0 0 -0.250293 0 0 0 0 0.2604917 0 0 0 0 0 0 0 0.6410155 0.6384536 0 0 0.6416081 0 0 -0.06203153 0 0 -0.3189475 -0.0064241 -0.08658055 -0.06241451 0 0.8114683 0 0 0.5473302 0.7267888 -0.1025462 -0.2551881 0.7839837 -0.1318378 0 0 -0.380226 1.01 -0.01353954 0 -0.3321126 0.6718704 -0.074066 -0.1397088 0.6718704 -0.2499568 0 0 -0.1113879 0.6718704 0 0 0 0 -0.2380773 0.4046569 -0.1095706 0 -0.074066 0 0 -0.2328915 0 0 0 0 0 0 0 0 0 0 -0.2437931 0 0 0 0 0.7373956 0 0 0 0 0 0 0 -0.3601957 0 0.2686097 0 0.7045117 -0.2485733 0 0 -0.09096435 -0.4848968 -0.4848968 0 -0.4849549 0 0 0 0 -0.0848843 0 0 -0.4599704 -0.4599099 0.2676332 -0.4599099 -0.4599099 -0.4599099 0 -0.443882 0 0 0 0.2807322 0 -0.4599099 0 0.673605 0 0 0 0 -0.4596745 0 -0.4600775 -0.07627908 0 0.1135355 0 0.2818157 -0.4601066 -0.2431467 0 -0.3387033 0 0.3106744 -0.2425726 0 0 0 0 0 0 -0.4699378 -0.4716241 0 0 0.1953341 -0.4720225 0.693968
0 0 0 0 -0.01614737 -0.03485602 0 -0.06564657 0 -0.06557736 0 0 -0.06563274 0 0 -0.02845995 0 0 0 0 0.02335088 0 0 0 0 0 0 0 -0.04771328 -0.04843165 0 0 -0.04893509 0 0 -0.01009661 0 0 -0.04012268 -0.0185106 -0.005378299 0.01306369 0 -0.03004784 0 0 -0.04138767 -0.02422936 -0.01783612 0.1741225 -0.03029334 -0.09178607 0 0 -0.04685249 -0.01353954 1.01 0 0.1266786 -0.04676977 -0.01963326 -0.01895574 -0.04676977 -0.02939059 0 0 -0.01584505 -0.04676977 0 0 0 0 -0.03021079 -0.09707209 -0.02060333 0 -0.01963326 0 0 -0.03128298 0 0 0 0 0 0 0 0 0 0 -0.03190415 0 0 0 0 -0.02520487 0 0 0 0 0 0 0 -0.04312035 0 -0.1007289 0 -0.03258549 -0.03197283 0 0 -0.01741467 -0.05968375 -0.05968375 0 -0.05966323 0 0 0 0 -0.02104664 0 0 -0.0601225 -0.06011617 -0.1095524 -0.06011617 -0.06011617 -0.06011617 0 -0.06163597 0 0 0 -0.1059086 0 -0.06011617 0 -0.03545918 0 0 0 0 -0.06003757 0 -0.05887295 -0.01952467 0 -0.02309969 0 -0.1069643 -0.06030408 -0.029442 0 -0.04625778 0 0.078074 -0.02933309 0 0 0 0 0 0 -0.05929158 -0.05971271 0 0 -0.01290876 -0.05978742 -0.0364323
0 0 0 0 0 0 0 0 0 0 0 0 0 0 0 0 0 0 0 0 0 0 0 0 0 0 0 0 0 0 0 0 0 0 0 0 0 0 0 0 0 0 0 0 0 0 0 0 0 0 0 0 0 0 0 0 0 1.01 0 0 0 0 0 0 0 0 0 0 0 0 0 0 0 0 0 0 0 0 0 0 0 0 0 0 0 0 0 0 0 0 0 0 0 0 0 0 0 0 0 0 0 0 0 0 0 0 0 0 0 0 0 0 0 0 0 0 0 0 0 0 0 0 0 0 0 0 0 0 0 0 0 0 0 0 0 0 0 0 0 0 0 0 0 0 0 0 0 0 0 0 0 0 0 0 0 0 0 0 0 0 0 0 0 0 0 0 0 0 0 0 0
0 0 0 0 -0.07771721 -0.1652208 0 -0.5730497 0 -0.5726789 0 0 -0.5729873 0 0 -0.1348212 0 0 0 0 -0.5361179 0 0 0 0 0 0 0 -0.4686965 -0.4699608 0 0 -0.468134 0 0 0.1832974 0 0 -0.2184716 0.07198394 -0.06597135 0.07650597 0 -0.3643681 0 0 -0.3981759 -0.3291327 0.2889537 -0.1204112 -0.3614914 -0.3881963 0 0 -0.2596538 -0.3321126 0.1266786 0 1.01 -0.4878511 -0.04576351 -0.08976911 -0.4878511 -0.1611741 0 0 0.3097882 -0.4878511 0 0 0 0 -0.1599297 -0.7973423 0.1431747 0 -0.04576351 0 0 -0.147302 0 0 0 0 0 0 0 0 0 0 -0.1344453 0 0 0 0 -0.3649769 0 0 0 0 0 0 0 -0.2432096 0 -0.6050027 0 -0.2393852 -0.139216 0 0 -0.07338118 -0.3075197 -0.3075197 0 -0.3074093 0 0 0 0 -0.02157646 0 0 -0.2822526 -0.2822097 -0.5546096 -0.2822097 -0.2822097 -0.2822097 0 -0.2855454 0 0 0 -0.5938256 0 -0.2822097 0 -0.2501655 0 0 0 0 -0.2817346 0 -0.2820374 -0.06027648 0 -0.04363129 0 -0.5927445 -0.2832505 -0.1332849 0 -0.2192847 0 -0.1150428 -0.1350792 0 0 0 0 0 0 -0.2914787 -0.2921144 0 0 -0.08113755 -0.2922491 -0.2389957
0 0 0 0 -0.1765429 0.2406734 0 0.2913631 0 0.2909866 0 0 0.2911809 0 0 0.3341516 0 0 0 0 0.410189 0 0 0 0 0 0 0 0.950228 0.9603691 0 0 0.9567711 0 0 -0.08700177 0 0 -0.4773743 -0.06625685 -0.03198413 -0.1421885 0 0.7452772 0 0 0.8084315 0.6678074 -0.1429072 0.3276825 0.7323755 0.1348058 0 0 -0.5640046 0.6718704 -0.04676977 0 -0.4878511 1.01 0.1042375 -0.2223612 1 0.3530557 0 0 -0.1555472 1 0 0 0 0 0.3571382 0.6061698 -0.131724 0 0.1042375 0 0 0.3455682 0 0 0 0 0 0 0 0 0 0 0.3375397 0 0 0 0 0.669949 0 0 0 0 0 0 0 -0.5260998 0 0.4336287 0 0.6091057 0.3103188 0 0 -0.1272029 -0.2430272 -0.2430272 0 -0.2432237 0 0 0 0 -0.103995 0 0 -0.2241933 -0.22423 0.4135055 -0.22423 -0.22423 -0.22423 0 -0.2149462 0 0 0 0.4314987 0 -0.22423 0 0.5835915 0 0 0 0 -0.2235506 0 -0.2242455 -0.09141625 0 0.05208768 0 0.429594 -0.2250753 0.2877941 0 -0.493792 0 0.210721 0.2889872 0 0 0 0 0 0 -0.2196835 -0.2160443 0 0 0.1762101 -0.2155958 0.57919
0 0 0 0 -0.01917305 -0.05155118 0 0.09203726 0 0.09213344 0 0 0.09206617 0 0 -0.04440842 0 0 0 0 0.05942321 0 0 0 0 0 0 0 0.1033178 0.1036614 0 0 0.1045546 0 0 -0.02175067 0 0 -0.04549258 -0.009432867 -0.01752428 0.03518975 0 0.1349599 0 0 0.08970058 0.1491829 -0.009185313 -0.04855542 0.1365746 0.06866356 0 0 -0.05959873 -0.074066 -0.01963326 0 -0.04576351 0.1042375 1.01 -0.02891393 0.1042375 -0.04605419 0 0 -0.01007427 0.1042375 0 0 0 0 -0.04709604 0.05836792 -0.01565109 0 1 0 0 -0.04710608 0 0 0 0 0 0 0 0 0 0 -0.04927891 0 0 0 0 0.1393249 0 0 0 0 0 0 0 -0.05304559 0 0.07011373 0 0.1382973 -0.05035228 0 0 -0.0156296 -0.08115208 -0.08115208 0 -0.08112448 0 0 0 0 -0.01370378 0 0 -0.07712448 -0.07711525 0.07164901 -0.07711525 -0.07711525 -0.07711525 0 -0.07820875 0 0 0 0.07269318 0 -0.07711525 0 0.1351371 0 0 0 0 -0.07700544 0 -0.07714244 -0.0106488 0 -0.02429372 0 0.07292612 -0.07640588 -0.04849634 0 -0.05067221 0 -0.0140465 -0.04836536 0 0 0 0 0 0 -0.07917528 -0.07974154 0 0 -0.0247126 -0.07984204 0.1393963
