1.01 0 0 0 0 0 0 0 0 0 0 0 0 0 0 0 0 0 0 0 0 0 0 0 0 0 0 0 0 0 0 0 0 0 0 0 0 0 0 0 0 0 0 0 0 0 0 0 0 0 0 0 0 0 0 0 0 0 0 0 0 0 0 0 0 0 0 0 0 0 0 0 0 0 0 0 0 0 0 0 0 0 0 0 0 0 0 0 0 0 0 0 0 0 0 0 0 0 0 0 0 0 0 0 0 0 0 0 0 0 0 0 0 0 0 0 0 0 0 0 0 0 0 0 0 0 0 0 0 0 0 0 0 0 0 0 0 0 0 0 0 0 0 0 0 0 0 0 0 0 0 0 0 0 0 0 0 0 0 0 0 0 0 0 0 0 0 0 0
0 1.01 0 0 0 0 0 0 0 0 0 0 0 0 0 0 0 0 0 0 0 0 0 0 0 0 0 0 0 0 0 0 0 0 0 0 0 0 0 0 0 0 0 0 0 0 0 0 0 0 0 0 0 0 0 0 0 0 0 0 0 0 0 0 0 0 0 0 0 0 0 0 0 0 0 0 0 0 0 0 0 0 0 0 0 0 0 0 0 0 0 0 0 0 0 0 0 0 0 0 0 0 0 0 0 0 0 0 0 0 0 0 0 0 0 0 0 0 0 0 0 0 0 0 0 0 0 0 0 0 0 0 0 0 0 0 0 0 0 0 0 0 0 0 0 0 0 0 0 0 0 0 0 0 0 0 0 0 0 0 0 0 0 0 0 0 0 0 0
0 0 1.01 1 0 -0.1720395 -0.1389513 0 0 -0.1747136 -0.1726836 1 0.7265296 0 0.7269653 -0.1191008 1 -0.1747136 0.5720138 0.9948572 0.9948572 0.7207656 0.521322 -0.1315861 0.9948572 -0.03803187 -0.008246625 -0.06159877 -0.1699648 -0.103159 0 0.7304627 0.5428599 -0.1699648 0 0.5428599 0.1309646 0.7041956 -0.1289315 0 -0.1699648 -0.1699648 0.7492479 -0.1698362 -0.1287763 0 0.1642759 0.7555575 0.3725485 0 0.551142 -0.1029783 0.1635657 0 -0.174025 -0.1720112 0.7362574 -0.07383656 0 -0.1720112 -0.3037353 0.998672 0.9990042 -0.1720112 -0.06283672 0.5428599 -0.1027974 0 0.2656812 -0.1720112 0.4651484 0.03134526 -0.07677373 0.5428599 0 -0.07016925 -0.3034007 0.3872237 0 0.5428599 -0.07887621 0.3711993 -0.1562421 -0.1562421 -0.05794663 -0.1562421 0.1639858 0.9861972 0 0 0.208869 -0.3184835 0.2914784 0.5512081 -0.06209047 0 -0.04242856 0.6036084 -0.298528 -0.2213116 0.9487832 0 0 -0.0791152 0.9310612 0.5428599 0.8705685 0.87097 0.5428599 -0.05869438 0.5164039 -0.03227665 0.3233268 0 0.5398473 0.2914784 -0.03244144 -0.1534799 0.2420741 0.3025242 0.1548167 0.3540141 -0.1033391 0.1264628 0 -0.07270035 -0.07583423 0.2771196 0.2693235 0 0 -0.03771516 0.118835 0.1856458 -0.04257759 0.5798336 -0.0626492 0 -0.05198745 0 -0.0992084 0 -0.02873651 -0.02728799 -0.07460318 0.1264628 -0.1721978 -0.04144538 -0.08592678 -0.03162418 0.1635794 0.5294302 0 -0.02523996 0.1557526 0 0.1760516 -0.1911231 0 0.001969079 0.2759498 -0.2079213 0.3066181 0.2694979 0.2607409 0.2468877 0.1938833 -0.1159679 0.1524011
0 0 1 1.01 0 -0.1720395 -0.1389513 0 0 -0.1747136 -0.1726836 1 0.7265296 0 0.7269653 -0.1191008 1 -0.1747136 0.5720138 0.9948572 0.9948572 0.7207656 0.521322 -0.1315861 0.9948572 -0.03803187 -0.008246625 -0.06159877 -0.1699648 -0.103159 0 0.7304627 0.5428599 -0.1699648 0 0.5428599 0.1309646 0.7041956 -0.1289315 0 -0.1699648 -0.1699648 0.7492479 -0.1698362 -0.1287763 0 0.1642759 0.7555575 0.3725485 0 0.551142 -0.1029783 0.1635657 0 -0.174025 -0.1720112 0.7362574 -0.07383656 0 -0.1720112 -0.3037353 0.998672 0.9990042 -0.1720112 -0.06283672 0.5428599 -0.1027974 0 0.2656812 -0.1720112 0.4651484 0.03134526 -0.07677373 0.5428599 0 -0.07016925 -0.3034007 0.3872237 0 0.5428599 -0.07887621 0.3711993 -0.1562421 -0.1562421 -0.05794663 -0.1562421 0.1639858 0.9861972 0 0 0.208869 -0.3184835 0.2914784 0.5512081 -0.06209047 0 -0.04242856 0.6036084 -0.298528 -0.2213116 0.9487832 0 0 -0.0791152 0.9310612 0.5428599 0.8705685 0.87097 0.5428599 -0.05869438 0.5164039 -0.03227665 0.3233268 0 0.5398473 0.2914784 -0.03244144 -0.1534799 0.2420741 0.3025242 0.1548167 0.3540141 -0.1033391 0.1264628 0 -0.07270035 -0.07583423 0.2771196 0.2693235 0 0 -0.03771516 0.118835 0.1856458 -0.04257759 0.5798336 -0.0626492 0 -0.05198745 0 -0.0992084 0 -0.02873651 -0.02728799 -0.07460318 0.1264628 -0.1721978 -0.04144538 -0.08592678 -0.03162418 0.1635794 0.5294302 0 -0.02523996 0.1557526 0 0.1760516 -0.1911231 0 0.001969079 0.2759498 -0.2079213 0.3066181 0.2694979 0.2607409 0.2468877 0.1938833 -0.1159679 0.1524011
0 0 0 0 1.01 0 0 0 0 0 0 0 0 0 0 0 0 0 0 0 0 0 0 0 0 0 0 0 0 0 0 0 0 0 0 0 0 0 0 0 0 0 0 0 0 0 0 0 0 0 0 0 0 0 0 0 0 0 0 0 0 0 0 0 0 0 0 0 0 0 0 0 0 0 0 0 0 0 0 0 0 0 0 0 0 0 0 0 0 0 0 0 0 0 0 0 0 0 0 0 0 0 0 0 0 0 0 0 0 0 0 0 0 0 0 0 0 0 0 0 0 0 0 0 0 0 0 0 0 0 0 0 0 0 0 0 0 0 0 0 0 0 0 0 0 0 0 0 0 0 0 0 0 0 0 0 0 0 0 0 0 0 0 0 0 0 0 0 0
0 0 -0.1720395 -0.1720395 0 1.01 0.6874983 0 0 0.9680785 0.9659349 -0.1720395 0.5291415 0 0.5291097 -0.09339881 -0.1720395 0.9680785 -0.1051599 -0.1716009 -0.1716009 0.5312191 -0.0962065 0.6386034 -0.1716009 -0.04523245 -0.04491826 -0.05910726 0.9245727 0.6143966 0 0.4835806 -0.09077568 0.9245727 0 -0.09077568 -0.01639302 0.4602868 0.6535339 0 0.9245727 0.9245727 0.4512357 0.9243065 0.6532266 0 0.1185692 0.4305222 0.2583211 0 -0.09326372 0.6148596 0.1186643 0 0.8976055 0.9164605 0.4816101 -0.04802379 0 0.9164605 -0.1813168 -0.1708867 -0.1716037 0.9164605 -0.04009919 -0.09077568 0.6153233 0 -0.0394076 0.9164605 -0.1018578 -0.03778245 -0.0310255 -0.09077568 0 -0.04798691 -0.1812844 -0.06738407 0 -0.09077568 0.5862722 0.2556173 0.8978456 0.8978456 -0.03608183 0.8978456 0.1186643 -0.1560609 0 0 0.1543565 0.08629452 -0.00931687 -0.09187906 -0.03785014 0 -0.03368835 0.4002101 -0.1789573 0.6469472 -0.162949 0 0 0.5856256 -0.1546477 -0.09077568 -0.1326403 -0.1329135 -0.09077568 0.3524274 -0.09398781 -0.04170405 0.114569 0 -0.09142914 -0.00931687 -0.03956462 -0.1819002 -0.05848162 0.03862771 0.1197774 -0.070103 -0.08314812 -0.01677032 0 0.1047558 0.572807 0.1223902 0.1119971 0 0 -0.0264776 -0.02002662 0.1042118 -0.03210731 -0.08931786 0.2056372 0 0.10752 0 0.01207623 0 -0.02541345 -0.04356876 0.01194424 -0.01677032 0.04730669 -0.03241308 -0.06690215 -0.03321759 0.2321638 -0.09659026 0 -0.04097996 0.225076 0 -0.006090387 -0.0469154 0 -0.164641 0.3677675 -0.1275078 -0.05038731 0.3699089 0.4170447 0.4024376 0.4238186 -0.1082745 0.1110719
0 0 -0.1389513 -0.1389513 0 0.6874983 1.01 0 0 0.7378033 0.7367384 -0.1389513 0.3963508 0 0.3966012 -0.07917593 -0.1389513 0.7378033 -0.09101023 -0.1387607 -0.1387607 0.3980994 -0.0805285 0.8912204 -0.1387607 -0.03704558 -0.03261672 0.0357224 0.6718493 -0.0629118 0 0.3394152 -0.06553766 0.6718493 0 -0.06553766 -0.0165368 0.3231442 0.9093304 0 0.6718493 0.6718493 0.2962888 0.6714206 0.908946 0 0.08424701 0.2728536 0.2067233 0 -0.0681959 -0.06280707 0.08432508 0 0.6489806 0.6643274 0.3369619 -0.03250238 0 0.6643274 -0.1296874 -0.1386876 -0.1386019 0.6643274 -0.02663999 -0.06553766 -0.06270226 0 -0.03134484 0.6643274 -0.08792225 -0.02374131 -0.03359253 -0.06553766 0 -0.0337038 -0.1296518 -0.0543587 0 -0.06553766 -0.06313646 0.2024574 0.6648046 0.6648046 -0.02972248 0.6648046 0.08432508 -0.1387205 0 0 0.1138407 -0.1487269 -0.04614882 -0.0665736 -0.02400489 0 0.1210098 0.2735312 -0.1274079 0.473634 -0.1444792 0 0 -0.06292697 -0.1395034 -0.06553766 -0.1214358 -0.121834 -0.06553766 -0.04484101 -0.07905031 -0.0277023 0.04020032 0 -0.06606787 -0.04614882 -0.0251889 -0.122797 0.03721945 0.105575 0.08426066 -0.05758499 -0.06829756 -0.0180886 0 0.1284805 -0.06135264 0.1988943 0.2471477 0 0 -0.0307043 -0.01724403 -0.0873914 0.1490116 -0.09349046 0.2689825 0 0.1382433 0 0.05058629 0 -0.01724403 -0.02955974 0.0393813 -0.0180886 0.110531 0.1481451 -0.05624928 0.1429374 0.3845282 -0.08079305 0 -0.02738164 0.3782433 0 -0.03392795 -0.005732848 0 -0.1128066 0.4216934 -0.2774974 -0.04197206 0.4225745 0.4066339 0.4324539 0.4658641 -0.2155683 0.006414819
0 0 0 0 0 0 0 1.01 0 0 0 0 0 0 0 0 0 0 0 0 0 0 0 0 0 0 0 0 0 0 0 0 0 0 0 0 0 0 0 0 0 0 0 0 0 0 0 0 0 0 0 0 0 0 0 0 0 0 0 0 0 0 0 0 0 0 0 0 0 0 0 0 0 0 0 0 0 0 0 0 0 0 0 0 0 0 0 0 0 0 0 0 0 0 0 0 0 0 0 0 0 0 0 0 0 0 0 0 0 0 0 0 0 0 0 0 0 0 0 0 0 0 0 0 0 0 0 0 0 0 0 0 0 0 0 0 0 0 0 0 0 0 0 0 0 0 0 0 0 0 0 0 0 0 0 0 0 0 0 0 0 0 0 0 0 0 0 0 0
0 0 0 0 0 0 0 0 1.01 0 0 0 0 0 0 0 0 0 0 0 0 0 0 0 0 0 0 0 0 0 0 0 0 0 0 0 0 0 0 0 0 0 0 0 0 0 0 0 0 0 0 0 0 0 0 0 0 0 0 0 0 0 0 0 0 0 0 0 0 0 0 0 0 0 0 0 0 0 0 0 0 0 0 0 0 0 0 0 0 0 0 0 0 0 0 0 0 0 0 0 0 0 0 0 0 0 0 0 0 0 0 0 0 0 0 0 0 0 0 0 0 0 0 0 0 0 0 0 0 0 0 0 0 0 0 0 0 0 0 0 0 0 0 0 0 0 0 0 0 0 0 0 0 0 0 0 0 0 0 0 0 0 0 0 0 0 0 0 0
0 0 -0.1747136 -0.1747136 0 0.9680785 0.7378033 0 0 1.01 0.9982833 -0.1747136 0.5491181 0 0.549102 -0.0968575 -0.1747136 1 -0.1083269 -0.1741857 -0.1741857 0.5513396 -0.09855363 0.6946233 -0.1741857 -0.04596859 -0.04445875 -0.06066221 0.95961 0.5997467 0 0.5052568 -0.09289089 0.95961 0 -0.09289089 -0.01786908 0.4811638 0.710658 0 0.95961 0.95961 0.4736927 0.9593618 0.7103851 0 0.1206211 0.4539595 0.2703706 0 -0.09555588 0.6002068 0.1207187 0 0.9319034 0.9511783 0.5031365 -0.04820245 0 0.9511783 -0.1894466 -0.1735684 -0.1742662 0.9511783 -0.04051592 -0.09289089 0.6006676 0 -0.03885916 0.9511783 -0.1050048 -0.04055957 -0.03446085 -0.09289089 0 -0.04911719 -0.1893689 -0.06733462 0 -0.09289089 0.5722056 0.2673433 0.9330009 0.9330009 -0.03738024 0.9330009 0.1207187 -0.1590283 0 0 0.1567342 0.07278407 -0.008955827 -0.09419458 -0.03850602 0 -0.03425552 0.4180561 -0.1871935 0.6715702 -0.1661312 0 0 0.5715836 -0.1571306 -0.09289089 -0.1358671 -0.1361275 -0.09289089 0.3441703 -0.09625085 -0.04240401 0.1274758 0 -0.09356037 -0.008955827 -0.04048673 -0.1904072 -0.05798973 0.03280033 0.1219097 -0.06970226 -0.08383052 -0.01817247 0 0.0966853 0.5592158 0.1074009 0.1462728 0 0 -0.02869136 -0.0214584 0.08976333 -0.03399367 -0.09002076 0.2018148 0 0.1030497 0 0.006600776 0 -0.02674105 -0.04408381 0.004951684 -0.01817247 0.04113234 -0.03430298 -0.06689086 -0.03517562 0.262401 -0.09855789 0 -0.04142169 0.2551426 0 -0.002804843 -0.05488228 0 -0.1745737 0.3572105 -0.1529294 -0.05190828 0.3585504 0.4050072 0.390192 0.4098073 -0.1284657 0.05936509
0 0 -0.1726836 -0.1726836 0 0.9659349 0.7367384 0 0 0.9982833 1.01 -0.1726836 0.5496429 0 0.5496278 -0.09724596 -0.1726836 0.9982833 -0.1087677 -0.1721405 -0.1721405 0.5518725 -0.09895536 0.6936937 -0.1721405 -0.04612897 -0.04463579 -0.06096611 0.9579904 0.5984183 0 0.5058941 -0.09331944 0.9579904 0 -0.09331944 -0.0179728 0.4817139 0.7097272 0 0.9579904 0.9579904 0.4744077 0.9577429 0.7094552 0 0.1206936 0.4547179 0.2700696 0 -0.09599194 0.5988781 0.1207914 0 0.930291 0.9495613 0.5037654 -0.04845143 0 0.9495613 -0.1902882 -0.1715386 -0.1722341 0.9495613 -0.0407289 -0.09331944 0.5993385 0 -0.03908783 0.9495613 -0.1054464 -0.04075447 -0.03477269 -0.09331944 0 -0.0493574 -0.1902074 -0.06764668 0 -0.09331944 0.5709189 0.2670413 0.931411 0.931411 -0.03757308 0.931411 0.1207914 -0.1570153 0 0 0.1565956 0.07144152 -0.002235182 -0.09463211 -0.03873068 0 -0.03441532 0.4183429 -0.1880196 0.6699603 -0.1642104 0 0 0.5702984 -0.1550971 -0.09331944 -0.1335326 -0.1337916 -0.09331944 0.343395 -0.0966491 -0.04262856 0.1271188 0 -0.09398982 -0.002235182 -0.04072247 -0.1913879 -0.0582896 0.03241683 0.1219884 -0.07003407 -0.08336941 -0.01827095 0 0.09618029 0.5579575 0.1089322 0.1480938 0 0 -0.02884684 -0.02155886 0.08805021 -0.03412584 -0.08662567 0.2012575 0 0.1027303 0 0.00589996 0 -0.02683398 -0.04429914 0.004365518 -0.01827095 0.04079887 -0.03443539 -0.06621033 -0.03531282 0.2612151 -0.09443185 0 -0.04163526 0.2539456 0 -0.003088732 -0.05572733 0 -0.1758656 0.3557583 -0.1542887 -0.0521661 0.3571035 0.4034617 0.3886444 0.4082939 -0.1296723 0.05908771
0 0 1 1 0 -0.1720395 -0.1389513 0 0 -0.1747136 -0.1726836 1.01 0.7265296 0 0.7269653 -0.1191008 1 -0.1747136 0.5720138 0.9948572 0.9948572 0.7207656 0.521322 -0.1315861 0.9948572 -0.03803187 -0.008246625 -0.06159877 -0.1699648 -0.103159 0 0.7304627 0.5428599 -0.1699648 0 0.5428599 0.1309646 0.7041956 -0.1289315 0 -0.1699648 -0.1699648 0.7492479 -0.1698362 -0.1287763 0 0.1642759 0.7555575 0.3725485 0 0.551142 -0.1029783 0.1635657 0 -0.174025 -0.1720112 0.7362574 -0.07383656 0 -0.1720112 -0.3037353 0.998672 0.9990042 -0.1720112 -0.06283672 0.5428599 -0.1027974 0 0.2656812 -0.1720112 0.4651484 0.03134526 -0.07677373 0.5428599 0 -0.07016925 -0.3034007 0.3872237 0 0.5428599 -0.07887621 0.3711993 -0.1562421 -0.1562421 -0.05794663 -0.1562421 0.1639858 0.9861972 0 0 0.208869 -0.3184835 0.2914784 0.5512081 -0.06209047 0 -0.04242856 0.6036084 -0.298528 -0.2213116 0.9487832 0 0 -0.0791152 0.9310612 0.5428599 0.8705685 0.87097 0.5428599 -0.05869438 0.5164039 -0.03227665 0.3233268 0 0.5398473 0.2914784 -0.03244144 -0.1534799 0.2420741 0.3025242 0.1548167 0.3540141 -0.1033391 0.1264628 0 -0.07270035 -0.07583423 0.2771196 0.2693235 0 0 -0.03771516 0.118835 0.1856458 -0.04257759 0.5798336 -0.0626492 0 -0.05198745 0 -0.0992084 0 -0.02873651 -0.02728799 -0.07460318 0.1264628 -0.1721978 -0.04144538 -0.08592678 -0.03162418 0.1635794 0.5294302 0 -0.02523996 0.1557526 0 0.1760516 -0.1911231 0 0.001969079 0.2759498 -0.2079213 0.3066181 0.2694979 0.2607409 0.2468877 0.1938833 -0.1159679 0.1524011
0 0 0.7265296 0.7265296 0 0.5291415 0.3963508 0 0 0.5491181 0.5496429 0.7265296 1.01 0 0.9996414 -0.1687715 0.7265296 0.5491181 0.4097364 0.7225345 0.7225345 0.9959419 0.3735466 0.3725042 0.7225345 -0.06439709 -0.03807091 -0.09469236 0.525003 0.3310322 0 0.9720456 0.395768 0.525003 0 0.395768 0.09864683 0.9329293 0.3859412 0 0.525003 0.525003 0.9659863 0.5249392 0.3858827 0 0.2237485 0.957585 0.5049761 0 0.4009351 0.3315067 0.2232139 0 0.5022235 0.5173829 0.9754829 -0.09636844 0 0.5173829 -0.3893525 0.7262013 0.7259967 0.5173829 -0.08165951 0.395768 0.3319818 0 0.1982939 0.5173829 0.321361 -0.001755449 -0.0872538 0.395768 0 -0.09389171 -0.3890131 0.2815505 0 0.395768 0.3324379 0.5017189 0.5180914 0.5180914 -0.07531563 0.5180914 0.2235704 0.7257526 0 0 0.2868309 -0.21885 0.2410182 0.4019406 -0.07962736 0 -0.05995593 0.8037072 -0.383352 0.280695 0.6890359 0 0 0.3318021 0.6802847 0.395768 0.6438086 0.6439679 0.395768 0.1900869 0.3709805 -0.057045 0.3637325 0 0.3927439 0.2410182 -0.05585049 -0.2625694 0.1648905 0.2793702 0.2166207 0.2517088 -0.1462889 0.0946162 0 0.005608749 0.3259757 0.3100234 0.3305041 0 0 -0.05207236 0.0858495 0.2205871 -0.05989144 0.4291178 0.08747302 0 0.02768313 0 -0.0794198 0 -0.04307301 -0.05398054 -0.06003381 0.0946162 -0.1176912 -0.05914645 -0.1196749 -0.05142181 0.321698 0.3804203 0 -0.05038453 0.3099868 0 0.1473672 -0.2007445 0 -0.1198254 0.482984 -0.2825906 0.2239225 0.4784448 0.5033969 0.4813029 0.4500158 -0.1875998 0.1709684
0 0 0 0 0 0 0 0 0 0 0 0 0 1.01 0 0 0 0 0 0 0 0 0 0 0 0 0 0 0 0 0 0 0 0 0 0 0 0 0 0 0 0 0 0 0 0 0 0 0 0 0 0 0 0 0 0 0 0 0 0 0 0 0 0 0 0 0 0 0 0 0 0 0 0 0 0 0 0 0 0 0 0 0 0 0 0 0 0 0 0 0 0 0 0 0 0 0 0 0 0 0 0 0 0 0 0 0 0 0 0 0 0 0 0 0 0 0 0 0 0 0 0 0 0 0 0 0 0 0 0 0 0 0 0 0 0 0 0 0 0 0 0 0 0 0 0 0 0 0 0 0 0 0 0 0 0 0 0 0 0 0 0 0 0 0 0 0 0 0
0 0 0.7269653 0.7269653 0 0.5291097 0.3966012 0 0 0.549102 0.5496278 0.7269653 0.9996414 0 1.01 -0.1686425 0.7269653 0.549102 0.4099842 0.7229682 0.7229682 0.9962981 0.3737723 0.3727391 0.7229682 -0.06434039 -0.03800539 -0.09459156 0.5249647 0.3307013 0 0.972391 0.3960031 0.5249647 0 0.3960031 0.09870224 0.9332927 0.3861749 0 0.5249647 0.5249647 0.9663233 0.5249008 0.3861164 0 0.2235603 0.9579169 0.5047797 0 0.4011744 0.3311756 0.2230256 0 0.5021958 0.5173474 0.9758308 -0.09628969 0 0.5173474 -0.3899339 0.7266367 0.726432 0.5173474 -0.08159231 0.3960031 0.3316504 0 0.1984126 0.5173474 0.3215925 -0.001680087 -0.08919938 0.3960031 0 -0.09381477 -0.3895957 0.2817204 0 0.3960031 0.3321056 0.5015233 0.5180555 0.5180555 -0.07525472 0.5180555 0.2233822 0.7261882 0 0 0.2865968 -0.2195725 0.2411641 0.40218 -0.07955718 0 -0.05990364 0.8039019 -0.3839427 0.2805019 0.6894773 0 0 0.331469 0.6807117 0.3960031 0.644194 0.6443532 0.3960031 0.1902042 0.3712037 -0.05696935 0.3633449 0 0.3929791 0.2411641 -0.05577211 -0.2630655 0.165033 0.2796608 0.21643 0.2518806 -0.1461788 0.09466949 0 0.00571956 0.3256286 0.3101235 0.3306154 0 0 -0.0520224 0.08590331 0.2201791 -0.05984752 0.4293884 0.08756849 0 0.0277394 0 -0.07960577 0 -0.04304109 -0.05390642 -0.05987067 0.09466949 -0.1174777 -0.05910221 -0.1195853 -0.05137445 0.3218466 0.3806517 0 -0.05031147 0.3101412 0 0.1474784 -0.2005022 0 -0.1200764 0.483348 -0.2831388 0.2240598 0.478806 0.503772 0.4816811 0.4503701 -0.1880268 0.170761
0 0 -0.1191008 -0.1191008 0 -0.09339881 -0.07917593 0 0 -0.0968575 -0.09724596 -0.1191008 -0.1687715 0 -0.1686425 1.01 -0.1191008 -0.0968575 -0.05839789 -0.1176549 -0.1176549 -0.1673763 -0.05819144 -0.0772486 -0.1176549 -0.01784289 -0.03648368 -0.0441282 -0.09418872 -0.05107352 0 -0.1622265 -0.06873969 -0.09418872 0 -0.06873969 -0.01718718 -0.1739912 -0.07662746 0 -0.09418872 -0.09418872 -0.1631764 -0.09412511 -0.07655287 0 0.07983429 -0.1615128 -0.3203286 0 -0.06860913 -0.04993168 0.07990038 0 -0.07426866 -0.07155858 -0.1506404 -0.03610124 0 -0.07155858 -0.1606943 -0.1188738 -0.1187998 -0.07155858 -0.02914344 -0.06873969 -0.05089018 0 -0.02783544 -0.07155858 0.1066606 -0.01893658 -0.03188081 -0.06873969 0 -0.03687456 -0.1604349 -0.04913674 0 -0.06873969 -0.05151493 -0.3067365 -0.07202759 -0.07202759 -0.03231902 -0.07202759 0.07990038 -0.1189012 0 0 0.09796138 -0.174665 -0.03072908 -0.07032695 -0.03021306 0 -0.02018195 -0.178348 -0.1584927 -0.0992917 -0.1229846 0 0 -0.05133186 -0.1185574 -0.06873969 -0.1038833 -0.1037652 -0.06873969 -0.03974974 -0.05703144 -0.03363982 -0.3563992 0 -0.06918668 -0.03072908 -0.03458714 -0.1775386 -0.03857358 -0.07181314 0.07928839 -0.05272154 -0.04608009 -0.01956341 0 -0.03827946 -0.04936565 -0.1146493 -0.1172409 0 0 -0.02602173 -0.0177544 -0.1752029 -0.01590581 -0.06782361 0.02902751 0 -0.02399561 0 -0.06562017 0 -0.02507188 -0.03150651 -0.0554195 -0.01956341 0.0316472 -0.01613944 -0.03691434 -0.01817996 -0.004030859 -0.05645 0 -0.0297432 0.02778166 0 -0.03829347 -0.07626673 0 0.1780895 0.05365762 0.04723047 -0.03766513 0.05570336 0.04687887 0.04303652 0.05542102 0.09143208 0.06273836
0 0 1 1 0 -0.1720395 -0.1389513 0 0 -0.1747136 -0.1726836 1 0.7265296 0 0.7269653 -0.1191008 1.01 -0.1747136 0.5720138 0.9948572 0.9948572 0.7207656 0.521322 -0.1315861 0.9948572 -0.03803187 -0.008246625 -0.06159877 -0.1699648 -0.103159 0 0.7304627 0.5428599 -0.1699648 0 0.5428599 0.1309646 0.7041956 -0.1289315 0 -0.1699648 -0.1699648 0.7492479 -0.1698362 -0.1287763 0 0.1642759 0.7555575 0.3725485 0 0.551142 -0.1029783 0.1635657 0 -0.174025 -0.1720112 0.7362574 -0.07383656 0 -0.1720112 -0.3037353 0.998672 0.9990042 -0.1720112 -0.06283672 0.5428599 -0.1027974 0 0.2656812 -0.1720112 0.4651484 0.03134526 -0.07677373 0.5428599 0 -0.07016925 -0.3034007 0.3872237 0 0.5428599 -0.07887621 0.3711993 -0.1562421 -0.1562421 -0.05794663 -0.1562421 0.1639858 0.9861972 0 0 0.208869 -0.3184835 0.2914784 0.5512081 -0.06209047 0 -0.04242856 0.6036084 -0.298528 -0.2213116 0.9487832 0 0 -0.0791152 0.9310612 0.5428599 0.8705685 0.87097 0.5428599 -0.05869438 0.5164039 -0.03227665 0.3233268 0 0.5398473 0.2914784 -0.03244144 -0.1534799 0.2420741 0.3025242 0.1548167 0.3540141 -0.1033391 0.1264628 0 -0.07270035 -0.07583423 0.2771196 0.2693235 0 0 -0.03771516 0.118835 0.1856458 -0.04257759 0.5798336 -0.0626492 0 -0.05198745 0 -0.0992084 0 -0.02873651 -0.02728799 -0.07460318 0.1264628 -0.1721978 -0.04144538 -0.08592678 -0.03162418 0.1635794 0.5294302 0 -0.02523996 0.1557526 0 0.1760516 -0.1911231 0 0.001969079 0.2759498 -0.2079213 0.3066181 0.2694979 0.2607409 0.2468877 0.1938833 -0.1159679 0.1524011
0 0 -0.1747136 -0.1747136 0 0.9680785 0.7378033 0 0 1 0.9982833 -0.1747136 0.5491181 0 0.549102 -0.0968575 -0.1747136 1.01 -0.1083269 -0.1741857 -0.1741857 0.5513396 -0.09855363 0.6946233 -0.1741857 -0.04596859 -0.04445875 -0.06066221 0.95961 0.5997467 0 0.5052568 -0.09289089 0.95961 0 -0.09289089 -0.01786908 0.4811638 0.710658 0 0.95961 0.95961 0.4736927 0.9593618 0.7103851 0 0.1206211 0.4539595 0.2703706 0 -0.09555588 0.6002068 0.1207187 0 0.9319034 0.9511783 0.5031365 -0.04820245 0 0.9511783 -0.1894466 -0.1735684 -0.1742662 0.9511783 -0.04051592 -0.09289089 0.6006676 0 -0.03885916 0.9511783 -0.1050048 -0.04055957 -0.03446085 -0.09289089 0 -0.04911719 -0.1893689 -0.06733462 0 -0.09289089 0.5722056 0.2673433 0.9330009 0.9330009 -0.03738024 0.9330009 0.1207187 -0.1590283 0 0 0.1567342 0.07278407 -0.008955827 -0.09419458 -0.03850602 0 -0.03425552 0.4180561 -0.1871935 0.6715702 -0.1661312 0 0 0.5715836 -0.1571306 -0.09289089 -0.1358671 -0.1361275 -0.09289089 0.3441703 -0.09625085 -0.04240401 0.1274758 0 -0.09356037 -0.008955827 -0.04048673 -0.1904072 -0.05798973 0.03280033 0.1219097 -0.06970226 -0.08383052 -0.01817247 0 0.0966853 0.5592158 0.1074009 0.1462728 0 0 -0.02869136 -0.0214584 0.08976333 -0.03399367 -0.09002076 0.2018148 0 0.1030497 0 0.006600776 0 -0.02674105 -0.04408381 0.004951684 -0.01817247 0.04113234 -0.03430298 -0.06689086 -0.03517562 0.262401 -0.09855789 0 -0.04142169 0.2551426 0 -0.002804843 -0.05488228 0 -0.1745737 0.3572105 -0.1529294 -0.05190828 0.3585504 0.4050072 0.390192 0.4098073 -0.1284657 0.05936509
0 0 0.5720138 0.5720138 0 -0.1051599 -0.09101023 0 0 -0.1083269 -0.1087677 0.5720138 0.4097364 0 0.4099842 -0.05839789 0.5720138 -0.1083269 1.01 0.575997 0.575997 0.4122922 0.9118948 -0.0882587 0.575997 -0.018017 0.03337857 -0.05271406 -0.1053967 -0.05574256 0 0.4199535 -0.06914667 -0.1053967 0 -0.06914667 0.214829 0.3970746 -0.08694936 0 -0.1053967 -0.1053967 0.4240653 -0.1053247 -0.08686513 0 0.09164116 0.4288533 0.2080615 0 -0.03643499 -0.05563801 0.09107899 0 -0.1074566 -0.1068293 0.4165015 -0.04721164 0 -0.1068293 -0.1744858 0.572393 0.5727731 -0.1068293 -0.03674924 -0.06914667 -0.05553338 0 -0.04873086 -0.1068293 0.839229 0.04777871 -0.04577127 -0.06914667 0 -0.0447006 -0.1745052 -0.04292361 0 -0.06914667 -0.05315907 0.2073857 -0.1053406 -0.1053406 -0.03093937 -0.1053406 0.09107899 0.5701024 0 0 0.1199416 -0.1863586 0.08030345 -0.03640456 -0.03514649 0 -0.01829355 0.3395907 -0.1709818 -0.1390168 0.5488182 0 0 -0.05389329 0.559979 -0.06914667 0.6302616 0.6305113 -0.06914667 -0.04548216 0.9014923 -0.04013531 0.1779748 0 -0.06884656 0.08030345 -0.03856374 -0.1904156 -0.05177118 -0.1117147 0.07632408 -0.05467176 -0.06431588 0.2081015 0 -0.04119759 -0.05134172 0.5203385 0.5108774 0 0 -0.02242814 0.197733 -0.1858118 -0.01873691 0.7786081 -0.0360447 0 -0.02536593 0 -0.07376131 0 -0.009458798 -0.03621154 -0.01176747 0.2081015 -0.1107667 -0.01664026 -0.05301807 -0.02128225 0.378917 0.8434452 0 -0.0374036 0.37295 0 -0.04160429 -0.1143405 0 -0.1878768 0.4861792 -0.2964348 -0.05070568 0.4827049 0.4654628 0.4529885 0.4901894 -0.2418879 0.07076983
0 0 0.9948572 0.9948572 0 -0.1716009 -0.1387607 0 0 -0.1741857 -0.1721405 0.9948572 0.7225345 0 0.7229682 -0.1176549 0.9948572 -0.1741857 0.575997 1.01 1 0.7254917 0.5254116 -0.1310686 1 -0.03735873 -0.007400126 -0.08435795 -0.169138 -0.1024721 0 0.7354278 0.5449515 -0.169138 0 0.5449515 0.1319662 0.7003931 -0.1284623 0 -0.169138 -0.169138 0.7452984 -0.16901 -0.1283079 0 0.1621759 0.7515744 0.3694551 0 0.5533459 -0.1022921 0.161462 0 -0.1731103 -0.171162 0.7324289 -0.07388023 0 -0.171162 -0.3033016 0.9935181 0.9938457 -0.171162 -0.06209978 0.5449515 -0.1021119 0 0.2657428 -0.171162 0.4691907 0.03239665 -0.07656687 0.5449515 0 -0.07024449 -0.3029782 0.3880979 0 0.5449515 -0.07810101 0.3681145 -0.1553326 -0.1553326 -0.05727995 -0.1553326 0.1618838 0.9809733 0 0 0.2066109 -0.3178535 0.2931059 0.5534124 -0.06131823 0 -0.04183643 0.600791 -0.2981553 -0.2196811 0.9431885 0 0 -0.07834379 0.9255112 0.5449515 0.864445 0.8648444 0.5449515 -0.05789197 0.5204489 -0.06268319 0.3208027 0 0.5419352 0.2931059 -0.06200528 -0.1526847 0.2421398 0.3047532 0.152662 0.354947 -0.1027611 0.1274287 0 -0.07479002 -0.07509576 0.280887 0.2731309 0 0 -0.03714884 0.1197945 0.1878422 -0.04208852 0.5841301 -0.06191679 0 -0.05156704 0 -0.09797721 0 -0.02837298 -0.05839133 -0.07488869 0.1274287 -0.1708737 -0.04094924 -0.08571665 -0.03106632 0.1676487 0.5336075 0 -0.05694502 0.1598655 0 0.1778159 -0.1903221 0 0.00406816 0.2794285 -0.2044081 0.3073297 0.2729222 0.26427 0.250465 0.1969698 -0.1136025 0.1505321
0 0 0.9948572 0.9948572 0 -0.1716009 -0.1387607 0 0 -0.1741857 -0.1721405 0.9948572 0.7225345 0 0.7229682 -0.1176549 0.9948572 -0.1741857 0.575997 1 1.01 0.7254917 0.5254116 -0.1310686 1 -0.03735873 -0.007400126 -0.08435795 -0.169138 -0.1024721 0 0.7354278 0.5449515 -0.169138 0 0.5449515 0.1319662 0.7003931 -0.1284623 0 -0.169138 -0.169138 0.7452984 -0.16901 -0.1283079 0 0.1621759 0.7515744 0.3694551 0 0.5533459 -0.1022921 0.161462 0 -0.1731103 -0.171162 0.7324289 -0.07388023 0 -0.171162 -0.3033016 0.9935181 0.9938457 -0.171162 -0.06209978 0.5449515 -0.1021119 0 0.2657428 -0.171162 0.4691907 0.03239665 -0.07656687 0.5449515 0 -0.07024449 -0.3029782 0.3880979 0 0.5449515 -0.07810101 0.3681145 -0.1553326 -0.1553326 -0.05727995 -0.1553326 0.1618838 0.9809733 0 0 0.2066109 -0.3178535 0.2931059 0.5534124 -0.06131823 0 -0.04183643 0.600791 -0.2981553 -0.2196811 0.9431885 0 0 -0.07834379 0.9255112 0.5449515 0.864445 0.8648444 0.5449515 -0.05789197 0.5204489 -0.06268319 0.3208027 0 0.5419352 0.2931059 -0.06200528 -0.1526847 0.2421398 0.3047532 0.152662 0.354947 -0.1027611 0.1274287 0 -0.07479002 -0.07509576 0.280887 0.2731309 0 0 -0.03714884 0.1197945 0.1878422 -0.04208852 0.5841301 -0.06191679 0 -0.05156704 0 -0.09797721 0 -0.02837298 -0.05839133 -0.07488869 0.1274287 -0.1708737 -0.04094924 -0.08571665 -0.03106632 0.1676487 0.5336075 0 -0.05694502 0.1598655 0 0.1778159 -0.1903221 0 0.00406816 0.2794285 -0.2044081 0.3073297 0.2729222 0.26427 0.250465 0.1969698 -0.1136025 0.1505321
0 0 0.7207656 0.7207656 0 0.5312191 0.3980994 0 0 0.5513396 0.5518725 0.7207656 0.9959419 0 0.9962981 -0.1673763 0.7207656 0.5513396 0.4122922 0.7254917 0.7254917 1.01 0.3762653 0.3744373 0.7254917 -0.0637797 -0.03734254 -0.1138686 0.527387 0.3323545 0 0.9762103 0.3967779 0.527387 0 0.3967779 0.09931713 0.9296887 0.3878523 0 0.527387 0.527387 0.9625123 0.527322 0.3877925 0 0.2217046 0.9540377 0.5019806 0 0.4020273 0.3328286 0.221168 0 0.5046569 0.5197791 0.9721876 -0.09628319 0 0.5197791 -0.3893742 0.7204314 0.7202213 0.5197791 -0.08093017 0.3967779 0.3333033 0 0.1979867 0.5197791 0.3241242 -0.0009002133 -0.08895518 0.3967779 0 -0.09384219 -0.3890459 0.281748 0 0.3967779 0.3337536 0.498729 0.5204858 0.5204858 -0.07465507 0.5204858 0.2215254 0.7199654 0 0 0.2845915 -0.218426 0.2420696 0.403035 -0.07886326 0 -0.0593869 0.8011956 -0.3834394 0.2832497 0.6829885 0 0 0.3331132 0.6743024 0.3967779 0.6374265 0.6375829 0.3967779 0.191498 0.3736702 -0.08274407 0.3608893 0 0.3937545 0.2420696 -0.0808297 -0.262438 0.1646188 0.2811216 0.2145448 0.2520067 -0.145653 0.09526075 0 0.004210297 0.3272209 0.3130407 0.3336377 0 0 -0.05152654 0.0864962 0.2218831 -0.05941747 0.4319773 0.08859356 0 0.02833371 0 -0.07839612 0 -0.04272825 -0.0802819 -0.05998734 0.09526075 -0.1160218 -0.05866842 -0.119373 -0.05090518 0.3254336 0.3832061 0 -0.07719594 0.3137664 0 0.1486911 -0.1996052 0 -0.1185655 0.4864009 -0.2800659 0.2241003 0.481825 0.506964 0.4849133 0.4532999 -0.1860344 0.1690269
0 0 0.521322 0.521322 0 -0.0962065 -0.0805285 0 0 -0.09855363 -0.09895536 0.521322 0.3735466 0 0.3737723 -0.05819144 0.521322 -0.09855363 0.9118948 0.5254116 0.5254116 0.3762653 1.01 -0.0788052 0.5254116 -0.02424871 0.04055909 -0.05141472 -0.0961795 -0.05346216 0 0.3832697 -0.06675123 -0.0961795 0 -0.06675123 -0.01470138 0.3607421 -0.07713216 0 -0.0961795 -0.0961795 0.3872078 -0.09611387 -0.07705478 0 0.08006744 0.3912505 0.189478 0 -0.06948052 -0.05336822 0.07944575 0 -0.09719786 -0.09737475 0.3795823 -0.04646554 0 -0.09737475 -0.1585986 0.5216675 0.5220138 -0.09737475 -0.03861284 -0.06675123 -0.0532742 0 -0.05070641 -0.09737475 0.9049582 -0.0215244 -0.03939782 -0.06675123 0 -0.04425096 -0.1583031 -0.04926681 0 -0.06675123 -0.04976198 0.1889318 -0.09512001 -0.09512001 -0.02681606 -0.09512001 0.07944575 0.5211567 0 0 0.1063543 -0.1709347 -0.04647167 -0.06942249 -0.03620103 0 -0.01541073 0.3121684 -0.1552378 -0.1250531 0.5018533 0 0 -0.05059574 0.5118015 -0.06675123 0.5742323 0.5744599 -0.06675123 -0.04218359 0.9883185 -0.04285356 0.1620946 0 -0.06633452 -0.04647167 -0.04048791 -0.172984 -0.0497997 -0.1023407 0.0631838 -0.04982372 -0.05680721 -0.01306725 0 -0.04047593 -0.04742215 0.4875175 0.4792592 0 0 -0.01826075 -0.01176305 -0.1717329 -0.01769457 0.7805054 -0.02927484 0 -0.02547442 0 -0.0642659 0 -0.00819838 -0.03914882 -0.0584583 -0.01306725 -0.09959515 -0.01537457 -0.04429509 -0.0199919 0.4397974 0.926695 0 -0.04089735 0.4308005 0 -0.0359773 -0.1038492 0 -0.1737405 0.546087 -0.3033664 -0.04642981 0.5419745 0.5239438 0.5106722 0.5484503 -0.2545323 0.07073491
0 0 -0.1315861 -0.1315861 0 0.6386034 0.8912204 0 0 0.6946233 0.6936937 -0.1315861 0.3725042 0 0.3727391 -0.0772486 -0.1315861 0.6946233 -0.0882587 -0.1310686 -0.1310686 0.3744373 -0.0788052 1.01 -0.1310686 -0.0342133 -0.03278377 -0.04393901 0.7281689 -0.06279149 0 0.384572 -0.06049331 0.7281689 0 -0.06049331 -0.02044613 0.3679952 0.9809903 0 0.7281689 0.7281689 0.3381702 0.7277065 0.9805752 0 0.08107297 0.3138905 0.1953157 0 -0.06281151 -0.06269514 0.08114584 0 0.7053838 0.7204391 0.3817111 -0.0288654 0 0.7204391 -0.1558665 -0.1313392 -0.1312594 0.7204391 -0.024816 -0.06049331 -0.06259872 0 -0.02762373 0.7204391 -0.08520792 -0.01732641 -0.02945357 -0.06049331 0 -0.03045773 -0.1559452 -0.04950594 0 -0.06049331 -0.06410293 0.1909363 0.7202667 0.7202667 -0.02202607 0.7202667 0.08114584 -0.1308488 0 0 0.1097113 -0.1762385 -0.04194006 -0.06110168 -0.02161134 0 -0.03028615 0.3175544 -0.1538813 0.5199935 -0.1348368 0 0 -0.06391129 -0.1308359 -0.06049331 -0.1159351 -0.1163738 -0.06049331 -0.04355068 -0.07755202 -0.02685823 0.0204967 0 -0.06099107 -0.04194006 -0.02377168 -0.1432996 -0.04420868 0.1233285 0.08084578 -0.04981256 -0.06761479 -0.02250129 0 -0.03962403 -0.06276056 0.2286286 0.2803695 0 0 -0.03098291 -0.02445552 -0.160399 -0.02837614 -0.09018902 0.2880841 0 0.1465523 0 0.06225772 0 -0.01762341 -0.02755687 -0.06981002 -0.02250129 0.1273897 -0.02859128 -0.05560664 -0.0281033 0.4273069 -0.07924647 0 -0.02551223 0.421837 0 -0.03165886 -0.07433902 0 -0.1577964 0.46541 -0.2907511 -0.0396428 0.467237 0.4498739 0.4355375 0.468218 -0.2308315 -0.001709931
0 0 0.9948572 0.9948572 0 -0.1716009 -0.1387607 0 0 -0.1741857 -0.1721405 0.9948572 0.7225345 0 0.7229682 -0.1176549 0.9948572 -0.1741857 0.575997 1 1 0.7254917 0.5254116 -0.1310686 1.01 -0.03735873 -0.007400126 -0.08435795 -0.169138 -0.1024721 0 0.7354278 0.5449515 -0.169138 0 0.5449515 0.1319662 0.7003931 -0.1284623 0 -0.169138 -0.169138 0.7452984 -0.16901 -0.1283079 0 0.1621759 0.7515744 0.3694551 0 0.5533459 -0.1022921 0.161462 0 -0.1731103 -0.171162 0.7324289 -0.07388023 0 -0.171162 -0.3033016 0.9935181 0.9938457 -0.171162 -0.06209978 0.5449515 -0.1021119 0 0.2657428 -0.171162 0.4691907 0.03239665 -0.07656687 0.5449515 0 -0.07024449 -0.3029782 0.3880979 0 0.5449515 -0.07810101 0.3681145 -0.1553326 -0.1553326 -0.05727995 -0.1553326 0.1618838 0.9809733 0 0 0.2066109 -0.3178535 0.2931059 0.5534124 -0.06131823 0 -0.04183643 0.600791 -0.2981553 -0.2196811 0.9431885 0 0 -0.07834379 0.9255112 0.5449515 0.864445 0.8648444 0.5449515 -0.05789197 0.5204489 -0.06268319 0.3208027 0 0.5419352 0.2931059 -0.06200528 -0.1526847 0.2421398 0.3047532 0.152662 0.354947 -0.1027611 0.1274287 0 -0.07479002 -0.07509576 0.280887 0.2731309 0 0 -0.03714884 0.1197945 0.1878422 -0.04208852 0.5841301 -0.06191679 0 -0.05156704 0 -0.09797721 0 -0.02837298 -0.05839133 -0.07488869 0.1274287 -0.1708737 -0.04094924 -0.08571665 -0.03106632 0.1676487 0.5336075 0 -0.05694502 0.1598655 0 0.1778159 -0.1903221 0 0.00406816 0.2794285 -0.2044081 0.3073297 0.2729222 0.26427 0.250465 0.1969698 -0.1136025 0.1505321
0 0 -0.03803187 -0.03803187 0 -0.04523245 -0.03704558 0 0 -0.04596859 -0.04612897 -0.03803187 -0.06439709 0 -0.06434039 -0.01784289 -0.03803187 -0.04596859 -0.018017 -0.03735873 -0.03735873 -0.0637797 -0.02424871 -0.0342133 -0.03735873 1.01 8.170366e-05 -0.02266004 -0.04442533 -0.02798457 0 -0.06385894 -0.02645925 -0.04442533 0 -0.02645925 0.02107525 -0.06617841 -0.03281167 0 -0.04442533 -0.04442533 -0.0615548 -0.04439864 -0.03277965 0 0.03773083 -0.06257481 -0.1283461 0 -0.02400382 -0.02794816 0.03775865 0 -0.04544133 -0.04361669 -0.06337793 -0.01281698 0 -0.04361669 -0.06580098 -0.03918532 -0.03914859 -0.04361669 -0.005577799 -0.02645925 -0.02791174 0 -0.01130158 -0.04361669 -0.02303864 -0.002290603 -0.01279876 -0.02645925 0 -0.01175676 -0.06548624 -0.01376791 0 -0.02645925 -0.02302598 -0.1280172 -0.04040186 -0.04040186 -0.02315078 -0.04040186 0.03775865 -0.04168657 0 0 0.04480338 -0.07158174 -0.01733438 -0.02597043 -0.006974983 0 -0.01962388 -0.0799161 -0.06382162 -0.05545627 -0.04424777 0 0 -0.02294833 -0.04098868 -0.02645925 -0.03784829 -0.03779655 -0.02645925 -0.01896185 -0.02334541 -0.007820669 -0.1471479 0 -0.02665335 -0.01733438 -0.009107617 -0.07280926 -0.02439537 -0.03503535 0.03837894 -0.01716315 -0.0178039 0.02279152 0 -0.005020987 -0.02166232 -0.04765083 -0.0484963 0 0 -0.007580182 0.02043115 -0.07850748 -0.01699043 -0.032543 -0.01326033 0 -0.01620233 0 -0.03802553 0 -0.004137333 -0.006759279 -0.01888969 0.02279152 -0.02942613 -0.01705455 -0.01384338 -0.01762167 -0.06158111 -0.0221902 0 -0.005878247 -0.06602337 0 -0.02707217 -0.04475934 0 -0.06698003 -0.05332261 0.06940169 -0.001766626 -0.05258256 -0.05633779 -0.05914157 -0.05169298 0.08888306 0.01936976
0 0 -0.008246625 -0.008246625 0 -0.04491826 -0.03261672 0 0 -0.04445875 -0.04463579 -0.008246625 -0.03807091 0 -0.03800539 -0.03648368 -0.008246625 -0.04445875 0.03337857 -0.007400126 -0.007400126 -0.03734254 0.04055909 -0.03278377 -0.007400126 8.170366e-05 1.01 -0.003984244 -0.04251161 -0.02247137 0 -0.03488737 -0.03672571 -0.04251161 0 -0.03672571 -0.01293081 -0.03654416 -0.0350815 0 -0.04251161 -0.04251161 -0.0343735 -0.04248249 -0.03504748 0 0.03600997 -0.03414797 -0.09130938 0 -0.03628677 -0.02242913 0.03604021 0 -0.04386345 -0.04334412 -0.03662764 -0.005587906 0 -0.04334412 -0.06117487 -0.00813497 -0.008081815 -0.04334412 -0.004188789 -0.03672571 -0.02238685 0 -0.01363281 -0.04334412 0.04015744 -0.008799202 -0.02742612 -0.03672571 0 -0.00429033 -0.06083709 -0.02246635 0 -0.03672571 -0.02219135 -0.09196587 -0.04325079 -0.04325079 -0.01618232 -0.04325079 0.03604021 -0.008064613 0 0 0.05098591 -0.06831671 0.006975146 -0.03625646 -0.005725526 0 0.00407889 -0.05870423 -0.06207754 -0.06587716 -0.009487714 0 0 -0.02210648 -0.003425048 -0.03672571 0.002893376 0.002955147 -0.03672571 -0.01726421 0.04218378 -0.00665478 -0.1155762 0 -0.03692572 0.006975146 -0.008067619 -0.06763509 -0.007704735 -0.0543486 0.03521547 -0.02319688 -0.03095886 -0.01245036 0 -0.02823583 -0.02530427 -0.01864984 -0.01885658 0 0 -0.01965709 -0.0131182 -0.07617256 0.01020603 0.04256574 -0.01536858 0 -0.005408254 0 -0.04651695 0 0.002606343 -0.009214398 -0.0389825 -0.01245036 0.2489312 0.01003729 -0.02824447 0.0140415 -0.028479 0.0448138 0 -0.008314033 -0.03106801 0 0.01027856 -0.04550031 0 -0.07349046 -0.0004646734 0.04329145 -0.02693245 -0.000881403 -0.003445238 -0.001147139 -0.004789482 0.07464813 0.03658628
0 0 -0.06159877 -0.06159877 0 -0.05910726 0.0357224 0 0 -0.06066221 -0.06096611 -0.06159877 -0.09469236 0 -0.09459156 -0.0441282 -0.06159877 -0.06066221 -0.05271406 -0.08435795 -0.08435795 -0.1138686 -0.05141472 -0.04393901 -0.08435795 -0.02266004 -0.003984244 1.01 -0.05842616 -0.03625545 0 -0.1122392 -0.03702478 -0.05842616 0 -0.03702478 -0.006176715 0.1483659 -0.04365537 0 -0.05842616 -0.05842616 -0.09094143 -0.05837729 -0.04359587 0 0.06144361 -0.09087333 0.1325165 0 -0.03743968 -0.03618674 0.06149226 0 0.01075501 -0.05891323 -0.09285693 0.7723592 0 -0.05891323 -0.1072214 -0.06068062 -0.06135974 -0.05891323 0.6892334 -0.03702478 -0.03611798 0 -0.02324778 -0.05891323 -0.05621556 -0.02830063 -0.03889737 -0.03702478 0 0.790895 -0.1160971 -0.033794 0 -0.03702478 -0.03720005 0.1312107 -0.0596798 -0.0596798 -0.0242922 -0.0596798 0.06149226 -0.06065164 0 0 0.06224793 -0.1163728 -0.03093691 -0.03740841 0.6668764 0 0.5289385 -0.1186533 -0.1138673 -0.0838761 -0.06519009 0 0 -0.03706337 -0.006738642 -0.03702478 -0.0497273 -0.04963546 -0.03702478 -0.02310629 -0.05242115 0.7259643 0.06007093 0 -0.03736682 -0.03093691 0.7045576 -0.06892757 0.2340712 -0.05031771 0.06071549 0.08449324 -0.01621445 -0.00483247 0 -0.02456096 -0.03479095 -0.09244076 -0.09372478 0 0 -0.002772074 -0.001819511 -0.01071441 0.4612645 -0.06182399 -0.02462861 0 0.2029174 0 -0.05516395 0 -0.01643014 0.6518152 -0.0329955 -0.00483247 -0.05398253 0.4594104 -0.005173199 0.443549 -0.1015511 -0.0570195 0 0.6655585 -0.1018842 0 -0.02036547 -0.06449071 0 -0.1162455 -0.07643352 -0.175952 -0.02863843 -0.07755298 -0.07876764 0.02502005 0.03408471 -0.1340335 0.06032877
0 0 -0.1699648 -0.1699648 0 0.9245727 0.6718493 0 0 0.95961 0.9579904 -0.1699648 0.525003 0 0.5249647 -0.09418872 -0.1699648 0.95961 -0.1053967 -0.169138 -0.169138 0.527387 -0.0961795 0.7281689 -0.169138 -0.04442533 -0.04251161 -0.05842616 1.01 0.6204335 0 0.5372259 -0.09188688 1 0 -0.09188688 -0.01858489 0.5129057 0.7444773 0 1 1 0.5041781 0.9997383 0.7441903 0 0.1176015 0.4842986 0.2616355 0 -0.09427859 0.6208983 0.1176961 0 0.9719548 0.9914609 0.5348032 -0.04557185 0 0.9914609 -0.230714 -0.1688045 -0.1695315 0.9914609 -0.03896768 -0.09188688 0.6213637 0 -0.03690706 0.9914609 -0.1021032 -0.0367303 -0.03428209 -0.09188688 0 -0.04671406 -0.2307175 -0.06484961 0 -0.09188688 0.5919608 0.2586 0.972692 0.972692 -0.03358372 0.972692 0.1176961 -0.1538038 0 0 0.1532412 0.04052073 -0.004229227 -0.09287786 -0.03664035 0 -0.03284882 0.448682 -0.2287336 0.7041476 -0.1604892 0 0 0.5912993 -0.1515664 -0.09188688 -0.1319031 -0.1321828 -0.09188688 0.3582097 -0.09399542 -0.04177037 0.1150073 0 -0.09253445 -0.004229227 -0.03952337 -0.2284074 -0.05594046 0.039451 0.118783 -0.06577915 -0.08391031 -0.01910014 0 -0.04297792 0.5782005 0.1236657 0.1641802 0 0 -0.02562644 -0.02221084 0.05763752 -0.03337536 -0.08529672 0.2109609 0 0.1077389 0 0.01180829 0 -0.02766041 -0.04372501 -0.08705548 -0.01910014 0.04933053 -0.03367369 -0.06649678 -0.0343925 0.2853923 -0.09643614 0 -0.04116271 0.2779718 0 0.001695812 -0.1138044 0 -0.2151205 0.3825836 -0.1777927 -0.0522804 0.3842639 0.4324899 0.4173284 0.4365161 -0.1552368 0.05491175
0 0 -0.103159 -0.103159 0 0.6143966 -0.0629118 0 0 0.5997467 0.5984183 -0.103159 0.3310322 0 0.3307013 -0.05107352 -0.103159 0.5997467 -0.05574256 -0.1024721 -0.1024721 0.3323545 -0.05346216 -0.06279149 -0.1024721 -0.02798457 -0.02247137 -0.03625545 0.6204335 1.01 0 0.3351915 -0.0660827 0.6204335 0 -0.0660827 -0.004766931 0.3183229 -0.06071537 0 0.6204335 0.6204335 0.3413643 0.6205964 -0.06064589 0 0.08311555 0.3407237 0.16657 0 -0.06710027 0.9982479 0.08317307 0 0.606182 0.6168076 0.3349196 -0.03534353 0 0.6168076 -0.1406851 -0.1017092 -0.1028867 0.6168076 -0.0295263 -0.0660827 0.9988319 0 -0.02330577 0.6168076 -0.05534165 -0.03475844 -0.01542944 -0.0660827 0 -0.03503792 -0.1405529 -0.04083989 0 -0.0660827 0.956727 0.1672071 0.588988 0.588988 -0.02433657 0.588988 0.08317307 -0.07989005 0 0 0.1041939 0.2865482 0.03993744 -0.06704424 -0.03001787 0 -0.01260519 0.2812875 -0.139729 0.4254141 -0.08443853 0 0 0.9555182 -0.07649477 -0.0660827 -0.06392647 -0.06381592 -0.0660827 0.583906 -0.05160101 -0.03151992 0.1549633 0 -0.06648033 0.03993744 -0.03197934 -0.1534461 -0.03205443 -0.09146285 0.08522503 -0.04088339 -0.04832447 -0.003037254 0 -0.01354061 0.9347038 -0.09544913 -0.09678425 0 0 -0.003442244 -0.005425834 0.2710813 -0.01795516 -0.02521443 -0.03097043 0 -0.01550077 0 -0.06133545 0 -0.02170497 -0.03349314 -0.04611149 -0.003037254 -0.08166335 -0.01815165 -0.03695926 -0.01987044 -0.09016696 -0.05352146 0 -0.03200754 -0.09440101 0 0.03720422 -0.08444031 0 -0.1394267 0.01103352 0.09050125 -0.02949186 0.01145005 0.1037428 0.09786062 0.08842652 0.05469956 0.08786433
0 0 0 0 0 0 0 0 0 0 0 0 0 0 0 0 0 0 0 0 0 0 0 0 0 0 0 0 0 0 1.01 0 0 0 0 0 0 0 0 0 0 0 0 0 0 0 0 0 0 0 0 0 0 0 0 0 0 0 0 0 0 0 0 0 0 0 0 0 0 0 0 0 0 0 0 0 0 0 0 0 0 0 0 0 0 0 0 0 0 0 0 0 0 0 0 0 0 0 0 0 0 0 0 0 0 0 0 0 0 0 0 0 0 0 0 0 0 0 0 0 0 0 0 0 0 0 0 0 0 0 0 0 0 0 0 0 0 0 0 0 0 0 0 0 0 0 0 0 0 0 0 0 0 0 0 0 0 0 0 0 0 0 0 0 0 0 0 0 0
