1.01 0 0.6408263 0.6403014 0.6403014 -0.2669715 -0.4195359 0.4140345 -0.276402 0.2097003 0 -0.1295686 0.6305264 0.1078666 0.4482173 -0.2395235 0.02963951 0.6267849 0.4024618 -0.2234282 0.3368435 -0.2707874 0 -0.08068999 0 0.158973 -0.2260269 0 0 -0.2839572 0 0.03034274 0.6229279 0 -0.4126256 0.06674362 -0.3382487 -0.338501 0 -0.3382487 0.122412 0.06674362 -0.3395098 0.3368435 0.2478333 -0.2260269 -0.1244468 0.2478333 -0.3851498 -0.1244468 0 0.231649 -0.2259977 -0.1216508 0.6332034 0.1141084 0.6321314 -0.1917319 -0.3382487 -0.3488678 -0.3489178 -0.2660715 0.3115349 0 0.1033139 -0.1244468 -0.229466 0.3290094 0.3382487 0 0.6275075 0 -0.1244468 0.2375231 0.1145335 0.2478333 -0.3849981 -0.1244468 0.3884789 -0.3566774 -0.1317313 -0.1273181 -0.07081477 0.1821377 0.1368565 0 0.2637498 0.6121108 0.1808378 -0.210826 -0.1244468 0 -0.2288278 0.08709922 -0.2009287 0 -0.1759416 0 0.3211645 0.1842417 0.1105267 -0.1115693 0 0 0 0.1333289 0.4699029 -0.01655217 0 0 0.1653033 0.1386316 0.1669071 -0.1408897 0.2021401 0.06599301 0 -0.1084913 -0.1028543 0 -0.1470411 -0.1333554 0.4133803 -0.2330728 0.2659683 -0.2177195 0.2659683 0.2659683 -0.1604649 -0.04581442 0.01374668 -0.1744698 0.1060027 0 0 0 -0.2177305 0.1551526 0.4117083 0.01086623 0 0.2661861 0.01374668 -0.1387049 0 0.1390862 0.1041681 0 -0.2118245 -0.2118245 -0.09785837 0.09615132 0.09615132 0 -0.07248695 0.1108489 -0.05013229 0 0.1511055 0 -0.1604649 -0.07651465 0 0.1896857 -0.1650938
0 1.01 0 0 0 0 0 0 0 0 0 0 0 0 0 0 0 0 0 0 0 0 0 0 0 0 0 0 0 0 0 0 0 0 0 0 0 0 0 0 0 0 0 0 0 0 0 0 0 0 0 0 0 0 0 0 0 0 0 0 0 0 0 0 0 0 0 0 0 0 0 0 0 0 0 0 0 0 0 0 0 0 0 0 0 0 0 0 0 0 0 0 0 0 0 0 0 0 0 0 0 0 0 0 0 0 0 0 0 0 0 0 0 0 0 0 0 0 0 0 0 0 0 0 0 0 0 0 0 0 0 0 0 0 0 0 0 0 0 0 0 0 0 0 0 0 0 0 0 0 0 0 0 0 0 0 0 0 0 0 0 0 0 0 0
0.6408263 0 1.01 0.9990362 0.9990362 -0.2406014 -0.323805 -0.2906083 -0.1746369 0.1704698 0 -0.08708208 0.9858888 -0.0721733 0.8430436 -0.1721478 0.09931346 0.9830874 -0.2895164 -0.2248625 0.5298984 -0.2510279 0 -0.05094319 0 0.5582921 -0.2266084 0 0 -0.2595494 0 0.07861341 0.9831451 0 -0.2607993 -0.07892491 -0.2487669 -0.2489235 0 -0.2487669 -0.1276252 -0.07892491 -0.2495501 0.5298984 -0.1566033 -0.2266084 -0.08575104 -0.1566033 -0.2716062 -0.08575104 0 -0.1903957 -0.2269286 0.3837157 0.9520023 0.1760954 0.9512327 -0.1280746 -0.2487669 -0.3138267 -0.3147927 -0.1670141 0.2118577 0 -0.07265728 -0.08575104 -0.2274376 0.2408941 0.2487669 0 0.9472532 0 -0.08575104 -0.1568852 0.1931933 -0.1566033 -0.2712965 -0.08575104 -0.2788516 -0.3168092 -0.09044964 -0.08483019 -0.04843528 0.2881188 -0.3921197 0 -0.2117169 0.916941 0.3080575 -0.09509918 -0.08575104 0 -0.2271713 -0.1190811 -0.1658709 0 -0.1152393 0 0.4244745 0.1509988 0.194443 -0.07541819 0 0 0 0.2189599 0.3291458 0.005923238 0 0 0.2574412 0.2265106 0.259694 -0.03084343 0.2375955 -0.1042651 0 -0.05988924 -0.1159413 0 -0.08870408 -0.1000869 0.2636502 -0.1758361 0.3589867 -0.07734328 0.3589867 0.3589867 -0.1073694 0.003600487 0.08522911 -0.1169686 0.1888125 0 0 0 -0.07718728 0.2491438 0.3781473 0.1285763 0 0.3590838 0.08522911 -0.08317849 0 0.09254496 -0.06874062 0 -0.07105003 -0.07105003 -0.07080997 0.26381 0.26381 0 0.2316949 0.2010447 0.1520853 0 0.232634 0 -0.1073694 0.1768439 0 0.3088883 -0.1129874
0.6403014 0 0.9990362 1.01 1 -0.240403 -0.3233674 -0.2925897 -0.1742453 0.1709776 0 -0.08687374 0.9868379 -0.07202171 0.8441661 -0.1717623 0.09962064 0.9840637 -0.2915027 -0.2247217 0.5308106 -0.2507998 0 -0.05080925 0 0.5597224 -0.2264589 0 0 -0.2592982 0 0.07883358 0.9841135 0 -0.2602225 -0.07876122 -0.2485176 -0.2486742 0 -0.2485176 -0.1319095 -0.07876122 -0.2493002 0.5308106 -0.1562584 -0.2264589 -0.08555213 -0.1562584 -0.2710128 -0.08555213 0 -0.1935945 -0.2267803 0.3855952 0.9529965 0.1763864 0.9522273 -0.1278158 -0.2485176 -0.3134258 -0.3143842 -0.166637 0.2115591 0 -0.07250642 -0.08555213 -0.2272809 0.2406514 0.2485176 0 0.9482508 0 -0.08555213 -0.1565323 0.1935076 -0.1562584 -0.2707036 -0.08555213 -0.2809146 -0.3163952 -0.09108849 -0.08465887 -0.04833888 0.287325 -0.393959 0 -0.2146045 0.9178689 0.3086518 -0.09464167 -0.08555213 0 -0.2270152 -0.1197866 -0.1664227 0 -0.1147742 0 0.4252623 0.1499173 0.1933982 -0.0752259 0 0 0 0.2185452 0.3281293 0.006298943 0 0 0.2580922 0.2261216 0.260348 -0.03043916 0.236955 -0.1095799 0 -0.0604505 -0.1156979 0 -0.0884874 -0.09979327 0.2627144 -0.1753315 0.3583322 -0.07680215 0.3583322 0.3583322 -0.1071514 0.003820838 0.08347088 -0.1167293 0.1877735 0 0 0 -0.07664626 0.2498003 0.3770808 0.1283026 0 0.3584296 0.08347088 -0.08359522 0 0.09235038 -0.06858537 0 -0.07050006 -0.07050006 -0.07062641 0.2650471 0.2650471 0 0.2326008 0.2019409 0.1536194 0 0.2331705 0 -0.1071514 0.1783936 0 0.3079885 -0.1127584
0.6403014 0 0.9990362 1 1.01 -0.240403 -0.3233674 -0.2925897 -0.1742453 0.1709776 0 -0.08687374 0.9868379 -0.07202171 0.8441661 -0.1717623 0.09962064 0.9840637 -0.2915027 -0.2247217 0.5308106 -0.2507998 0 -0.05080925 0 0.5597224 -0.2264589 0 0 -0.2592982 0 0.07883358 0.9841135 0 -0.2602225 -0.07876122 -0.2485176 -0.2486742 0 -0.2485176 -0.1319095 -0.07876122 -0.2493002 0.5308106 -0.1562584 -0.2264589 -0.08555213 -0.1562584 -0.2710128 -0.08555213 0 -0.1935945 -0.2267803 0.3855952 0.9529965 0.1763864 0.9522273 -0.1278158 -0.2485176 -0.3134258 -0.3143842 -0.166637 0.2115591 0 -0.07250642 -0.08555213 -0.2272809 0.2406514 0.2485176 0 0.9482508 0 -0.08555213 -0.1565323 0.1935076 -0.1562584 -0.2707036 -0.08555213 -0.2809146 -0.3163952 -0.09108849 -0.08465887 -0.04833888 0.287325 -0.393959 0 -0.2146045 0.9178689 0.3086518 -0.09464167 -0.08555213 0 -0.2270152 -0.1197866 -0.1664227 0 -0.1147742 0 0.4252623 0.1499173 0.1933982 -0.0752259 0 0 0 0.2185452 0.3281293 0.006298943 0 0 0.2580922 0.2261216 0.260348 -0.03043916 0.236955 -0.1095799 0 -0.0604505 -0.1156979 0 -0.0884874 -0.09979327 0.2627144 -0.1753315 0.3583322 -0.07680215 0.3583322 0.3583322 -0.1071514 0.003820838 0.08347088 -0.1167293 0.1877735 0 0 0 -0.07664626 0.2498003 0.3770808 0.1283026 0 0.3584296 0.08347088 -0.08359522 0 0.09235038 -0.06858537 0 -0.07050006 -0.07050006 -0.07062641 0.2650471 0.2650471 0 0.2326008 0.2019409 0.1536194 0 0.2331705 0 -0.1071514 0.1783936 0 0.3079885 -0.1127584
-0.2669715 0 -0.2406014 -0.240403 -0.240403 1.01 0.7381532 -0.1677416 -0.1008859 0.1109705 0 0.2511817 -0.2388752 -0.04168037 -0.2835711 -0.1073715 0.1105093 -0.2188412 -0.1541275 0.906931 -0.122961 0.9283572 0 -0.04500008 0 0.2180221 0.867646 0 0 0.874266 0 -0.04297755 -0.2421093 0 -0.1393524 -0.03939224 -0.1463379 -0.1460005 0 -0.1463379 -0.06918717 -0.03939224 -0.1468203 -0.122961 -0.09484547 0.867646 0.2326827 -0.09484547 -0.1432098 0.2326827 0 -0.08974216 0.8663931 0.198631 -0.2480909 -0.04015173 -0.2477619 -0.07253477 -0.1463379 0.6155572 0.6220323 -0.1038856 0.1475101 0 -0.04067918 0.2326827 0.8608453 0.1460889 0.1463379 0 -0.2483601 0 0.2326827 -0.09791731 -0.04854358 -0.09484547 -0.1432472 0.2326827 -0.1495324 0.6166948 0.3578822 0.3312901 -0.01992922 -0.07173895 -0.2016405 0 -0.1012633 -0.2400769 -0.08822876 -0.1121865 0.2326827 0 0.859694 0.1921431 -0.07119287 0 -0.1030038 0 -0.1277925 0.1822053 -0.03084286 0.1503698 0 0 0 -0.05542217 -0.2288798 -0.07872738 0 0 -0.1054589 -0.05678706 -0.1055738 -0.007575634 -0.01360947 -0.05671801 0 0.3327132 -0.07401789 0 0.3988931 -0.09683929 -0.2499761 0.2092287 -0.0535195 0.3222294 -0.0535195 -0.0535195 -0.07119074 -0.04447742 -0.05744755 -0.06567971 -0.02474509 0 0 0 0.3223382 -0.1064763 -0.2988458 0.08032613 0 -0.05360271 -0.05744755 0.3993923 0 0.05592195 -0.04063234 0 0.3195808 0.3195808 0.2939117 -0.2309969 -0.2309969 0 0.0704564 -0.1687587 0.01030103 0 -0.08559106 0 -0.07119074 0.04318175 0 -0.04240651 -0.07130622
-0.4195359 0 -0.323805 -0.3233674 -0.3233674 0.7381532 1.01 -0.2273991 -0.1404733 0.1422589 0 0.2686582 -0.3133267 -0.06464124 -0.3602116 -0.1461714 0.06621852 -0.2996164 -0.2168759 0.6723083 -0.1543792 0.7207113 0 -0.05511286 0 0.3277318 0.6783568 0 0 0.7113656 0 -0.05552788 -0.3177736 0 0.2881523 -0.06301377 -0.2086606 -0.2080865 0 -0.2086606 -0.1016143 -0.06301377 -0.2085962 -0.1543792 -0.1269205 0.6783568 0.2588239 -0.1269205 0.2719202 0.2588239 0 -0.1340348 0.6776352 0.2787158 -0.3280982 -0.05213004 -0.3280054 -0.1034556 -0.2086606 0.8484345 0.8509243 -0.1406672 0.2111396 0 -0.05204942 0.2588239 0.6711527 0.2062468 0.2086606 0 -0.3280758 0 0.2588239 -0.1309782 -0.06557369 -0.1269205 0.2708681 0.2588239 -0.209279 0.8627404 0.262498 0.2525171 -0.03770324 -0.09917805 -0.2842983 0 -0.1493729 -0.3157661 -0.1121377 -0.1527251 0.2588239 0 0.6707995 0.2494756 -0.1072382 0 -0.1383161 0 -0.1234667 0.09335512 -0.06388556 0.09841717 0 0 0 -0.07928914 -0.2039046 -0.1055264 0 0 -0.1403232 -0.08039144 -0.1406175 -0.07195389 0.05207877 -0.08233188 0 0.2451951 -0.0874785 0 0.2987468 -0.1128575 -0.2248645 0.396455 0.01933847 0.452356 0.01933847 0.01933847 -0.07943485 0.145301 -0.09495732 -0.07823294 -0.05924787 0 0 0 0.4525018 -0.1428379 -0.3325332 0.09951334 0 0.01922596 -0.09495732 0.2951059 0 0.07553348 -0.04934899 0 0.4485645 0.4485645 0.2145752 -0.1806081 -0.1806081 0 0.1854204 -0.07343526 0.1560744 0 -0.1110211 0 -0.07943485 0.1906942 0 -0.02674438 -0.08399993
0.4140345 0 -0.2906083 -0.2925897 -0.2925897 -0.1677416 -0.2273991 1.01 -0.130496 0.03998187 0 -0.04589944 -0.2912484 -0.0521229 -0.3490549 -0.08406584 -0.0626225 -0.2990862 0.9845035 -0.1408524 -0.1590852 -0.1530941 0 -0.04152683 0 -0.510359 -0.1391952 0 0 -0.1556542 0 -0.03818278 -0.2961247 0 -0.1946924 -0.05184542 -0.1778216 -0.1779354 0 -0.1778216 0.4364134 -0.05184542 -0.1783906 -0.1590852 0.5444702 -0.1391952 -0.04312356 0.5444702 -0.143595 -0.04312356 0 0.6437378 -0.1386414 -0.6868545 -0.3062002 -0.05447433 -0.3065849 -0.08377559 -0.1778216 -0.1552221 -0.1524012 -0.126509 0.1871621 0 0.2421295 -0.04312356 -0.1411697 0.1775499 0.1778216 0 -0.3080705 0 -0.04312356 0.5323855 -0.05814475 0.5444702 -0.1438628 -0.04312356 0.9524958 -0.1595134 -0.05167074 -0.0457832 -0.02141217 -0.08722658 0.71827 0 0.7065217 -0.2955726 -0.1167639 -0.1374933 -0.04312356 0 -0.1407291 0.2417725 -0.1154734 0 -0.1313008 0 -0.07110633 0.08651402 -0.06565843 -0.04255311 0 0 0 -0.06799638 0.3108291 -0.1053007 0 0 -0.07252149 -0.06931348 -0.07326663 -0.1850732 0.0356582 0.3568774 0 -0.0573747 -0.03964772 0 -0.07534159 -0.08322357 0.2997907 -0.1580041 -0.01079529 -0.2185802 -0.01079529 -0.01079529 -0.07135777 -0.05475638 -0.05734391 -0.07832431 -0.06644794 0 0 0 -0.2184729 -0.07507844 0.1706813 -0.1596375 0 -0.01060526 -0.05734391 -0.06307385 0 0.05619926 0.2375872 0 -0.2181827 -0.2181827 -0.0329061 -0.1562127 -0.1562127 0 -0.3468612 -0.07526827 -0.236952 0 -0.06869582 0 -0.07135777 -0.3013209 0 -0.05956381 -0.06986531
-0.276402 0 -0.1746369 -0.1742453 -0.1742453 -0.1008859 -0.1404733 -0.130496 1.01 0.05317666 0 -0.039012 -0.1755156 -0.01837704 0.3223322 0.9204885 -0.04630397 -0.17622 -0.1293543 -0.09504234 -0.09483348 -0.1075366 0 -0.02528034 0 0.1962573 -0.09685851 0 0 -0.1089548 0 -0.03194746 -0.1780141 0 0.5966838 -0.004590019 -0.115382 -0.1154521 0 -0.115382 -0.05836438 -0.004590019 -0.1146384 -0.09483348 -0.06800253 -0.09685851 -0.03690607 -0.06800253 0.5786673 -0.03690607 0 -0.08572359 -0.09652802 0.1147167 -0.1791217 -0.02921205 -0.1764616 -0.05444927 -0.115382 -0.1363419 -0.1372166 0.9329389 0.118591 0 -0.03345906 -0.03690607 -0.09747617 0.1133776 0.115382 0 -0.180183 0 -0.03690607 -0.06926947 -0.02010798 -0.06800253 0.5791435 -0.03690607 -0.1239993 -0.1386577 -0.03587405 -0.0325079 0.06631143 -0.04374396 -0.1184277 0 -0.09321763 -0.1745649 -0.05892208 0.8624755 -0.03690607 0 -0.09118562 0.1356707 -0.04977879 0 -0.06280945 0 -0.07856756 -0.1579936 -0.03934114 0.06508877 0 0 0 -0.03639761 -0.1375562 0.09008112 0 0 0.03591718 -0.03905713 0.03445788 -0.1214471 -0.1555009 -0.04508371 0 -0.04131074 -0.05285686 0 -0.03857162 -0.05079817 -0.1446592 -0.03602843 -0.1876501 -0.08101527 -0.1876501 -0.1876501 -0.04502606 -0.02614113 -0.05817181 0.05775669 -0.03859337 0 0 0 -0.08094685 0.03162644 -0.1358335 0.04915824 0 -0.1877085 -0.05817181 -0.04622176 0 0.0367471 -0.03441451 0 -0.08253273 -0.08253273 -0.03677481 0.04213592 0.04213592 0 -0.04972136 -0.03373915 -0.02999082 0 -0.06054474 0 -0.04502606 -0.02999596 0 -0.1109341 -0.04691572
0.2097003 0 0.1704698 0.1709776 0.1709776 0.1109705 0.1422589 0.03998187 0.05317666 1.01 0 0.03307778 0.1694265 0.02989584 0.1996582 0.0737011 0.0380974 0.1732666 0.03987327 0.105073 0.09429589 0.1134228 0 0.02155998 0 0.3074515 0.1071698 0 0 0.01657016 0 -0.1446645 0.1692568 0 0.10893 0.02958971 0.1052351 0.1053021 0 0.1052351 -0.1006726 0.02958971 0.1050004 0.09429589 0.06321323 0.1071698 0.03406571 0.06321323 0.1098595 0.03406571 0 -0.02514274 0.1068735 0.4425955 0.1769532 0.02874146 0.1771809 0.04151088 0.1052351 0.1374426 0.1375737 0.07268225 -0.10896 0 0.04221022 0.03406571 0.1074752 -0.1034527 -0.1052351 0 0.1778712 0 0.03406571 0.02985414 0.02924406 0.06321323 0.1095963 0.03406571 0.03607928 0.1368442 0.03643171 0.03220808 -0.1266241 0.04570577 -0.4356771 0 -0.007260044 0.1700753 0.06479646 0.07870042 0.03406571 0 0.10784 -0.136072 -0.9143745 0 -0.5248001 0 0.1225127 -0.1986322 0.04078398 0.02770778 0 0 0 0.03789934 0.1135904 -0.07492794 0 0 0.07040127 0.04036247 0.06977723 0.1141937 -0.1780306 -0.1440306 0 0.03993353 -0.04355288 0 0.04839434 -0.7051652 -0.1647098 0.09369489 -0.1334806 0.1341445 -0.1334806 -0.1334806 0.03480825 0.03551065 -0.2465364 0.04264224 0.04123638 0 0 0 0.1340815 0.06989691 -0.2323109 -0.05050998 0 -0.1334196 -0.2465364 0.04434249 0 -0.04113244 0.04301304 0 0.1353507 0.1353507 0.03014789 -0.1538469 -0.1538469 0 -0.1032064 -0.2524 -0.03073664 0 0.05711978 0 0.03480825 -0.02876159 0 -0.1694091 0.03778266
0 0 0 0 0 0 0 0 0 0 1.01 0 0 0 0 0 0 0 0 0 0 0 0 0 0 0 0 0 0 0 0 0 0 0 0 0 0 0 0 0 0 0 0 0 0 0 0 0 0 0 0 0 0 0 0 0 0 0 0 0 0 0 0 0 0 0 0 0 0 0 0 0 0 0 0 0 0 0 0 0 0 0 0 0 0 0 0 0 0 0 0 0 0 0 0 0 0 0 0 0 0 0 0 0 0 0 0 0 0 0 0 0 0 0 0 0 0 0 0 0 0 0 0 0 0 0 0 0 0 0 0 0 0 0 0 0 0 0 0 0 0 0 0 0 0 0 0 0 0 0 0 0 0 0 0 0 0 0 0 0 0 0 0 0 0
-0.1295686 0 -0.08708208 -0.08687374 -0.08687374 0.2511817 0.2686582 -0.04589944 -0.039012 0.03307778 0 1.01 -0.0865225 -0.0167246 -0.1052499 -0.04124889 -0.02667422 -0.09036056 -0.04895867 -0.0314514 -0.04309574 0.3640212 0 -0.0237517 0 -0.1531116 -0.0321293 0 0 0.3524286 0 -0.004095513 -0.08833203 0 -0.06698239 -0.01734235 -0.06551442 -0.06555077 0 -0.06551442 -0.01366928 -0.01734235 -0.06569615 -0.04309574 -0.03041096 -0.0321293 0.9617713 -0.03041096 -0.07096357 0.9617713 0 -0.02569367 -0.03193357 0.07085529 -0.09248937 -0.005198385 -0.09261698 -0.04090617 -0.06551442 -0.0897226 -0.06421339 -0.03851289 0.06726904 0 -0.01311294 0.9617713 -0.03136116 0.06362494 0.06551442 0 -0.09348477 0 0.9617713 -0.03096291 -0.01214465 -0.03041096 -0.07082113 0.9617713 -0.04582339 -0.06464018 -0.02952287 -0.01212834 -0.00118832 -0.0224421 -0.07416023 0 -0.02949958 -0.08806529 -0.0361331 -0.04379143 0.9617713 0 -0.03231221 0.07681427 -0.03430298 0 -0.04217728 0 0.02860024 0.1167122 0.053798 0.2987336 0 0 0 -0.02151862 -0.08897653 -0.02455036 0 0 -0.03964567 -0.01794946 -0.04014356 -0.06123492 0.1128156 -0.008892285 0 -0.03003546 -0.02397851 0 -0.0381984 -0.03420303 -0.09452896 -0.05587669 0.102723 0.1575335 0.102723 0.102723 -0.02456077 -0.02533392 -0.01930376 -0.02275782 -0.01700974 0 0 0 0.1575766 -0.0409528 -0.02942719 0.03484885 0 0.1026888 -0.01930376 -0.0393091 0 0.02926739 -0.01365975 0 0.1566893 0.1566893 0.6317819 -0.09313332 -0.09313332 0 0.1339415 -0.06898887 0.04118848 0 -0.03243095 0 -0.02456077 0.04097483 0 0.120791 -0.02584838
0.6305264 0 0.9858888 0.9868379 0.9868379 -0.2388752 -0.3133267 -0.2912484 -0.1755156 0.1694265 0 -0.0865225 1.01 -0.07120306 0.8382045 -0.1735342 0.09875403 0.9792718 -0.2901771 -0.2245346 0.5438047 -0.2504234 0 -0.05129422 0 0.5552088 -0.2265677 0 0 -0.258464 0 0.07992231 0.9785291 0 -0.2595894 -0.07787667 -0.2458042 -0.2459602 0 -0.2458042 -0.1327227 -0.07787667 -0.2465838 0.5438047 -0.1548691 -0.2265677 -0.08527804 -0.1548691 -0.2699373 -0.08527804 0 -0.1933941 -0.2268966 0.3838292 0.9483871 0.1767473 0.9476233 -0.1264152 -0.2458042 -0.3117099 -0.3126272 -0.1680963 0.2083318 0 -0.07169126 -0.08527804 -0.2273443 0.2382843 0.2458042 0 0.9436829 0 -0.08527804 -0.1555574 0.1219232 -0.1548691 -0.2696318 -0.08527804 -0.2800298 -0.3146062 -0.09174336 -0.08637243 -0.04938215 0.28709 -0.3916052 0 -0.2144161 0.912843 0.3140435 -0.09549604 -0.08527804 0 -0.2270823 -0.1320489 -0.1640586 0 -0.1119268 0 0.4091659 0.1386021 0.1924161 -0.07672409 0 0 0 0.219565 0.320624 0.008773064 0 0 0.262146 0.2272049 0.2639903 -0.02861438 0.2337068 -0.1104543 0 -0.06086514 -0.1137424 0 -0.08953715 -0.09766364 0.2561785 -0.1737133 0.3552247 -0.07589791 0.3552247 0.3552247 -0.1059722 0.004951515 0.08340304 -0.1154354 0.186798 0 0 0 -0.07574274 0.2534545 0.3728794 0.1262445 0 0.3553234 0.08340304 -0.08294476 0 0.09129966 -0.0677498 0 -0.06954739 -0.06954739 -0.06964423 0.259211 0.259211 0 0.2287038 0.1925391 0.1491277 0 0.237891 0 -0.1059722 0.1739704 0 0.3139558 -0.1122041
0.1078666 0 -0.0721733 -0.07202171 -0.07202171 -0.04168037 -0.06464124 -0.0521229 -0.01837704 0.02989584 0 -0.0167246 -0.07120306 1.01 -0.08033264 -0.01865682 -0.01143533 -0.07457416 -0.05288052 -0.03907024 -0.03683159 -0.04487903 0 -0.005665397 0 0.09241908 -0.04457045 0 0 -0.04712593 0 -0.01714699 -0.07364923 0 -0.04307037 0.8410669 -0.01228826 -0.01231868 0 -0.01228826 -0.001386328 0.8410669 -0.01244032 -0.03683159 -0.03936848 -0.04457045 -0.01486226 -0.03936848 -0.04689852 -0.01486226 0 -0.02748558 -0.04444849 0.06238941 0.1411513 -0.01062511 0.140983 -0.02449494 -0.01228826 -0.06474686 -0.0657985 -0.01817262 0.01401219 0 -0.02008886 -0.01486226 -0.04547046 0.01065144 0.01228826 0 0.1418859 0 -0.01486226 -0.04061951 -0.02521373 -0.03936848 -0.04679027 -0.01486226 -0.04879332 -0.06555295 -0.02303955 -0.01686019 -0.009209483 -0.0209217 -0.06635823 0 -0.02441544 0.1469123 -0.02283221 -0.02064794 -0.01486226 0 -0.04536225 0.02064705 -0.02668394 0 -0.02939037 0 0.03249434 -0.07164488 -0.01971479 -0.00530134 0 0 0 -0.02780457 -0.07324374 0.3107968 0 0 -0.02231736 -0.02858254 -0.02097327 -0.04316762 -0.1485234 -0.004557776 0 -0.02521433 -0.01524461 0 -0.01545753 -0.02086068 -0.07791908 -0.03792622 -0.1653092 -0.05202448 -0.1653092 -0.1653092 -0.01451842 -0.01999133 -0.02862589 -0.01427184 -0.01988456 0 0 0 -0.0531553 -0.02269891 -0.1078649 0.01984452 0 -0.1653305 -0.02862589 -0.02346539 0 0.01480031 -0.02039346 0 -0.05158928 -0.05158928 0.0009356087 -0.06561831 -0.06561831 0 -0.1132912 -0.0536227 -0.09604356 0 -0.01338889 0 -0.01451842 -0.09982767 0 -0.06361242 -0.01444167
0.4482173 0 0.8430436 0.8441661 0.8441661 -0.2835711 -0.3602116 -0.3490549 0.3223322 0.1996582 0 -0.1052499 0.8382045 -0.08033264 1.01 0.3321776 0.06963213 0.8356726 -0.3482219 -0.2648186 0.4547429 -0.2967205 0 -0.06097596 0 0.6614386 -0.2465871 0 0 -0.2858329 0 0.05596816 0.8512842 0 0.07444639 -0.07832919 -0.2973724 -0.2975581 0 -0.2973724 -0.1574794 -0.07832919 -0.2977125 0.4547429 -0.1867326 -0.2465871 -0.1028787 -0.1867326 0.05448669 -0.1028787 0 -0.2323035 -0.2466828 0.4386163 0.8044779 0.1499243 0.8051795 -0.1486567 -0.2973724 -0.3542583 -0.3557287 0.3437569 0.2642497 0 -0.08701408 -0.1028787 -0.2478809 0.2894473 0.2973724 0 0.7994021 0 -0.1028787 -0.1876907 0.1725927 -0.1867326 0.05503711 -0.1028787 -0.3353081 -0.3584962 -0.1036557 -0.0972227 -0.05430485 0.2464548 -0.4486829 0 -0.2554675 0.7749387 0.2602499 0.3732077 -0.1028787 0 -0.2442462 -0.0444109 -0.1928853 0 -0.1530081 0 0.3345009 0.0552482 0.15904 0.02002918 0 0 0 0.186596 0.2383385 0.05405685 0 0 0.2654977 0.1922063 0.2667929 -0.09517392 0.1438599 -0.1298352 0 -0.07728526 -0.1373729 0 -0.1058272 -0.1200892 0.1730019 -0.1662235 0.2404767 -0.1037208 0.2404767 0.2404767 -0.1255174 -0.01154686 0.049336 -0.1383613 0.1541588 0 0 0 -0.1035361 0.2552297 0.2956526 0.1496915 0 0.2405356 0.049336 -0.1029236 0 0.1091753 -0.08385724 0 -0.09869591 -0.09869591 -0.08801406 0.2765077 0.2765077 0 0.1997002 0.181996 0.1415169 0 0.190724 0 -0.1255174 0.1653808 0 0.2275446 -0.1318988
-0.2395235 0 -0.1721478 -0.1717623 -0.1717623 -0.1073715 -0.1461714 -0.08406584 0.9204885 0.0737011 0 -0.04124889 -0.1735342 -0.01865682 0.3321776 1.01 -0.04466888 -0.1744242 -0.08341304 -0.09998411 -0.09573228 -0.1129593 0 -0.02413912 0 0.2025503 -0.1010592 0 0 -0.1129008 0 -0.02679888 -0.1754604 0 0.6060185 -0.002789181 -0.1083027 -0.1083721 0 -0.1083027 -0.05497265 -0.002789181 -0.1075427 -0.09573228 0.004524431 -0.1010592 -0.03935543 0.004524431 0.5875358 -0.03935543 0 -0.08709881 -0.1007406 0.1267964 -0.1762052 -0.02608183 -0.1735062 -0.05109374 -0.1083027 -0.1405888 -0.1413736 0.9469271 0.1124959 0 -0.03756793 -0.03935543 -0.1009641 0.1063425 0.1083027 0 -0.1776464 0 -0.03935543 0.002249202 -0.01514409 0.004524431 0.5880097 -0.03935543 -0.07677051 -0.1427383 -0.03129928 -0.03405046 -0.01177917 -0.04375573 -0.1306243 0 -0.0918964 -0.170711 -0.05775488 0.8753288 -0.03935543 0 -0.0952132 0.1312269 -0.06960612 0 -0.07970569 0 -0.1209796 -0.2020895 -0.03992013 0.06648484 0 0 0 -0.03605125 -0.1334158 0.09253773 0 0 0.03926939 -0.0386654 0.03781473 -0.1148379 -0.2019013 -0.04430924 0 -0.03683551 -0.05300582 0 -0.04316193 -0.04830042 -0.1399511 -0.03927925 -0.2329273 -0.08419741 -0.2329273 -0.2329273 -0.04435334 -0.02927128 -0.05559198 -0.0520528 -0.03914253 0 0 0 -0.08413022 0.03724712 -0.1376068 0.04973865 0 -0.232984 -0.05559198 -0.04298942 0 0.03639621 -0.03846175 0 -0.08566313 -0.08566313 -0.0383405 0.01015914 0.01015914 0 -0.09035593 -0.02727763 -0.06218968 0 -0.05682964 0 -0.04435334 -0.06101536 0 -0.1554181 -0.04487486
0.02963951 0 0.09931346 0.09962064 0.09962064 0.1105093 0.06621852 -0.0626225 -0.04630397 0.0380974 0 -0.02667422 0.09875403 -0.01143533 0.06963213 -0.04466888 1.01 0.09803196 -0.06300109 0.124992 0.03400431 0.1049749 0 -0.01850082 0 0.1240302 0.1228412 0 0 0.09568768 0 -0.02427088 0.09824237 0 -0.05763224 -0.008934774 -0.05326405 -0.05329972 0 -0.05326405 -0.01883135 -0.008934774 -0.05344235 0.03400431 -0.02719698 0.1228412 -0.02709206 -0.02719698 -0.06249141 -0.02709206 0 -0.04865372 0.122065 0.08359675 0.09404988 -0.009681505 0.09464681 -0.03398933 -0.05326405 0.0687148 0.068605 -0.04215141 0.05794334 0 -0.007627116 -0.02709206 0.1202851 0.05347381 0.05326405 0 0.09501306 0 -0.02709206 -0.02763726 -0.01949979 -0.02719698 -0.06235337 -0.02709206 -0.05863317 0.0658941 -0.02472795 0.4040651 -0.004681187 -0.02535911 -0.08734671 0 -0.04727745 0.09834661 -0.03522046 -0.04253354 -0.02709206 0 0.1226782 0.006078721 -0.03695994 0 -0.05600994 0 0.08959323 0.1060001 -0.02781422 -0.02149849 0 0 0 -0.01378162 0.0988214 -0.02942284 0 0 -0.03300821 -0.01520862 -0.03350805 -0.06586714 0.1033625 -0.009886757 0 -0.02265145 -0.03121399 0 -0.01179836 -0.04003904 0.08734172 0.1275206 0.08691423 0.06347655 0.08691423 0.08691423 -0.02641289 -0.02335463 -0.02577577 -0.03022934 -0.0303662 0 0 0 0.06351471 -0.03288513 0.0328513 0.03145698 0 0.08688163 -0.02577577 -0.025866 0 0.01655588 -0.008201011 0 0.06211866 0.06211866 -0.0246748 0.05131141 0.05131141 0 0.07717552 0.102169 0.09288815 0 -0.02998199 0 -0.02641289 0.09556635 0 -0.08471386 -0.027338
0.6267849 0 0.9830874 0.9840637 0.9840637 -0.2188412 -0.2996164 -0.2990862 -0.17622 0.1732666 0 -0.09036056 0.9792718 -0.07457416 0.8356726 -0.1744242 0.09803196 1.01 -0.2979525 -0.2026814 0.532729 -0.2321137 0 -0.05304208 0 0.5647162 -0.2044688 0 0 -0.2404144 0 0.0765692 0.9773851 0 -0.263175 -0.08151918 -0.2445815 -0.2447411 0 -0.2445815 -0.135934 -0.08151918 -0.2453791 0.532729 -0.1588007 -0.2044688 -0.08888571 -0.1588007 -0.2737796 -0.08888571 0 -0.1984981 -0.2047415 0.3932172 0.9454866 0.1730629 0.9447082 -0.1291956 -0.2445815 -0.296709 -0.2978781 -0.1690789 0.2070049 0 -0.07302114 -0.08888571 -0.2056012 0.2368583 0.2445815 0 0.9408977 0 -0.08888571 -0.1592513 0.1897756 -0.1588007 -0.2734587 -0.08888571 -0.2875579 -0.300086 -0.09174281 -0.08667781 -0.04996633 0.2813565 -0.4013821 0 -0.2203063 0.9109523 0.3056242 -0.097697 -0.08888571 0 -0.2053263 -0.1193893 -0.1683309 0 -0.1177371 0 0.4175863 0.1532165 0.1875052 -0.07760148 0 0 0 0.2160475 0.3289934 0.003538437 0 0 0.252739 0.2241826 0.2549283 -0.03669736 0.2458427 -0.1133494 0 -0.06015964 -0.1166222 0 -0.03737086 -0.1007487 0.2641834 -0.1766431 0.3651597 -0.06214229 0.3651597 0.3651597 -0.108697 0.002074584 0.07741881 -0.1175189 0.182621 0 0 0 -0.06198353 0.2442531 0.371525 0.1300344 0 0.3652531 0.07741881 -0.08374314 0 0.09483831 -0.06918405 0 -0.05604966 -0.05604966 -0.07281506 0.2634732 0.2634732 0 0.2392333 0.2043364 0.1632747 0 0.2286083 0 -0.108697 0.1882726 0 0.3086427 -0.1145882
0.4024618 0 -0.2895164 -0.2915027 -0.2915027 -0.1541275 -0.2168759 0.9845035 -0.1293543 0.03987327 0 -0.04895867 -0.2901771 -0.05288052 -0.3482219 -0.08341304 -0.06300109 -0.2979525 1.01 -0.1613279 -0.1585586 -0.1724677 0 -0.042587 0 -0.5226723 -0.1598462 0 0 -0.1753997 0 -0.04049554 -0.2952962 0 -0.194491 -0.05022091 -0.1776823 -0.1777956 0 -0.1776823 0.4383979 -0.05022091 -0.1782488 -0.1585586 0.5444037 -0.1598462 -0.04634041 0.5444037 -0.1428952 -0.04634041 0 0.6625497 -0.1593198 -0.7011645 -0.305555 -0.05280133 -0.3059379 -0.08155227 -0.1776823 -0.1709986 -0.1680906 -0.1259351 0.1869459 0 0.2416212 -0.04634041 -0.1612229 0.1774433 0.1776823 0 -0.3074108 0 -0.04634041 0.5323542 -0.05885475 0.5444037 -0.1431654 -0.04634041 0.9678271 -0.175444 -0.05309074 -0.04526056 -0.02111301 -0.08573661 0.7328377 0 0.7251356 -0.295036 -0.1152167 -0.1367976 -0.04634041 0 -0.1611964 0.2413075 -0.1155153 0 -0.1305342 0 -0.08752468 0.08627848 -0.0632912 -0.04501894 0 0 0 -0.07027986 0.3230668 -0.1064122 0 0 -0.09522209 -0.07152755 -0.09585378 -0.1856001 0.03641025 0.3596099 0 -0.05865459 -0.03735093 0 -0.07560875 -0.08307856 0.3116781 -0.1591677 -0.0101557 -0.2202557 -0.0101557 -0.0101557 -0.06812421 -0.05532484 -0.05382623 -0.07446567 -0.06237569 0 0 0 -0.2201489 -0.09628697 0.1725016 -0.1599819 0 -0.009965008 -0.05382623 -0.06397193 0 0.05561527 0.2370925 0 -0.2198347 -0.2198347 -0.03447645 -0.1656848 -0.1656848 0 -0.3555848 -0.0729969 -0.2466403 0 -0.09718692 0 -0.06812421 -0.3110642 0 -0.05993888 -0.06671342
-0.2234282 0 -0.2248625 -0.2247217 -0.2247217 0.906931 0.6723083 -0.1408524 -0.09504234 0.105073 0 -0.0314514 -0.2245346 -0.03907024 -0.2648186 -0.09998411 0.124992 -0.2026814 -0.1613279 1.01 -0.1168182 0.8927699 0 -0.03662212 0 0.2906872 0.9594296 0 0 0.8409804 0 -0.04228469 -0.2271927 0 -0.1390072 -0.03820649 -0.1338806 -0.1335143 0 -0.1338806 -0.06774305 -0.03820649 -0.134328 -0.1168182 -0.0874565 0.9594296 -0.06271893 -0.0874565 -0.1420682 -0.06271893 0 -0.106068 0.9580944 0.1988113 -0.2325241 -0.04104105 -0.2321366 -0.06941623 -0.1338806 0.6834655 0.6906903 -0.09721738 0.1362497 0 -0.03815201 -0.06271893 0.9514484 0.1333208 0.1338806 0 -0.2324808 0 -0.06271893 -0.09006827 -0.04574666 -0.0874565 -0.1421578 -0.06271893 -0.1574759 0.6854275 0.387709 0.3562395 -0.02095975 -0.07035939 -0.2012324 0 -0.1172317 -0.2251426 -0.08405057 -0.1047181 -0.06271893 0 0.9506908 0.1805306 -0.06406093 0 -0.09468765 0 -0.1371127 0.1551937 -0.03099196 0.0241442 0 0 0 -0.04937681 -0.2255217 -0.07277633 0 0 -0.06948847 -0.05041158 -0.0695788 0.01114147 -0.05124898 -0.05903413 0 0.3621111 -0.07105457 0 0.4315429 -0.09077899 -0.2455368 0.2228037 -0.08905099 0.2923871 -0.08905099 -0.08905099 -0.06679336 -0.03746547 -0.05678137 -0.06271305 -0.02654449 0 0 0 0.2924876 -0.07147635 -0.307217 0.07381884 0 -0.08912734 -0.05678137 0.4347435 0 0.04983181 -0.03792943 0 0.2897424 0.2897424 0.05868994 -0.1970744 -0.1970744 0 0.04285115 -0.1556057 0.015726 0 -0.04621788 0 -0.06679336 0.05001628 0 -0.08348768 -0.06580049
0.3368435 0 0.5298984 0.5308106 0.5308106 -0.122961 -0.1543792 -0.1590852 -0.09483348 0.09429589 0 -0.04309574 0.5438047 -0.03683159 0.4547429 -0.09573228 0.03400431 0.532729 -0.1585586 -0.1168182 1.01 -0.1280871 0 -0.02289959 0 0.3097088 -0.1184233 0 0 -0.1345836 0 -0.0273485 0.5362088 0 -0.1371872 -0.04109659 -0.1544566 -0.1545404 0 -0.1544566 -0.0694143 -0.04109659 -0.1548754 1 -0.07975537 -0.1184233 -0.04054497 -0.07975537 -0.1426776 -0.04054497 0 -0.1090975 -0.1190528 0.2070813 0.5216558 -0.04517515 0.5211058 -0.07908423 -0.1544566 -0.1610853 -0.1620526 -0.09263398 0.09026256 0 -0.04047033 -0.04054497 -0.1193167 0.1519739 0.1544566 0 0.5186919 0 -0.04054497 -0.08221952 -0.0347975 -0.07975537 -0.1423421 -0.04054497 -0.1523937 -0.16296 -0.03755264 -0.04438324 -0.01155598 -0.06067251 -0.211017 0 -0.1199673 0.5390554 -0.07984403 -0.1021092 -0.04054497 0 -0.118984 -0.4791486 -0.09046039 0 -0.1086889 0 -0.1566082 -0.1735694 -0.05288295 -0.03349379 0 0 0 -0.04579421 0.450769 -0.06882454 0 0 -0.09945203 -0.047843 -0.1005674 -0.07321772 0.1871012 -0.06070287 0 -0.03921968 -0.05954458 0 -0.04787262 -0.07434595 0.4115031 -0.1144441 0.2174519 -0.09252711 0.2174519 0.2174519 -0.05310287 -0.03846046 -0.07191777 -0.05681464 -0.05345592 0 0 0 -0.09244386 -0.1029058 0.2708623 0.07575344 0 0.2173731 -0.07191777 -0.04934525 0 0.05445418 -0.04013515 0 -0.08552647 -0.08552647 -0.03282045 0.2169787 0.2169787 0 0.08994248 0.3636561 0.1253564 0 -0.08038545 0 -0.05310287 0.1248573 0 0.1706244 -0.05519172
-0.2707874 0 -0.2510279 -0.2507998 -0.2507998 0.9283572 0.7207113 -0.1530941 -0.1075366 0.1134228 0 0.3640212 -0.2504234 -0.04487903 -0.2967205 -0.1129593 0.1049749 -0.2321137 -0.1724677 0.8927699 -0.1280871 1.01 0 -0.04532063 0 0.1945951 0.8555761 0 0 0.9107356 0 -0.04383709 -0.2538068 0 -0.1453981 0.013836 -0.15303 -0.1527095 0 -0.15303 -0.06762881 0.013836 -0.1535302 -0.1280871 -0.09562593 0.8555761 0.3510766 -0.09562593 -0.1504566 0.3510766 0 -0.1102399 0.8544209 0.2028032 -0.2605291 -0.03897886 -0.2602318 -0.08195284 -0.15303 0.5888396 0.5948354 -0.08635921 0.1562466 0 -0.04112937 0.3510766 0.8485726 0.1520248 0.15303 0 -0.2609596 0 0.3510766 -0.09837085 -0.05046466 -0.09562593 -0.1504671 0.3510766 -0.1672727 0.589782 0.3463554 0.3191619 -0.02097079 -0.07639644 -0.2068001 0 -0.1218566 -0.2517865 -0.0952299 -0.09689476 0.3510766 0 0.8474802 0.2010918 -0.07649244 0 -0.1089722 0 -0.1195516 0.1873672 -0.03816381 0.149913 0 0 0 -0.05583772 -0.2493649 -0.08016861 0 0 -0.0831338 -0.05639498 -0.08345411 -0.02017962 -0.005986622 -0.05804675 0 0.322211 -0.07766219 0 0.3824887 -0.09990005 -0.271219 0.1764002 -0.04807282 0.3304331 -0.04807282 -0.04807282 -0.07456007 -0.04605991 -0.06392113 -0.07027689 -0.0341869 0 0 0 0.3305459 -0.06005215 -0.2993941 0.08290331 0 -0.04815932 -0.06392113 0.3862172 0 0.05741533 -0.04118813 0 0.3275917 0.3275917 0.2863661 -0.2122545 -0.2122545 0 0.08901608 -0.1770204 0.03512351 0 -0.05788094 0 -0.07456007 0.06665639 0 -0.03309466 -0.07431829
0 0 0 0 0 0 0 0 0 0 0 0 0 0 0 0 0 0 0 0 0 0 1.01 0 0 0 0 0 0 0 0 0 0 0 0 0 0 0 0 0 0 0 0 0 0 0 0 0 0 0 0 0 0 0 0 0 0 0 0 0 0 0 0 0 0 0 0 0 0 0 0 0 0 0 0 0 0 0 0 0 0 0 0 0 0 0 0 0 0 0 0 0 0 0 0 0 0 0 0 0 0 0 0 0 0 0 0 0 0 0 0 0 0 0 0 0 0 0 0 0 0 0 0 0 0 0 0 0 0 0 0 0 0 0 0 0 0 0 0 0 0 0 0 0 0 0 0 0 0 0 0 0 0 0 0 0 0 0 0 0 0 0 0 0 0
-0.08068999 0 -0.05094319 -0.05080925 -0.05080925 -0.04500008 -0.05511286 -0.04152683 -0.02528034 0.02155998 0 -0.0237517 -0.05129422 -0.005665397 -0.06097596 -0.02413912 -0.01850082 -0.05304208 -0.042587 -0.03662212 -0.02289959 -0.04532063 0 1.01 0 0.08648698 -0.03412413 0 0 -0.04188907 0 -0.01845456 -0.05222962 0 0.2212034 -0.0129205 -0.04413667 -0.04415938 0 -0.04413667 -0.02584352 -0.0129205 -0.0442502 -0.02289959 -0.01849564 -0.03412413 -0.02252953 -0.01849564 0.2145329 -0.02252953 0 -0.03168436 -0.03401694 0.05484596 -0.05207834 -0.01473411 -0.05216111 -0.02650695 -0.04413667 0.1842023 0.1824236 -0.02237301 0.04550563 0 -0.01040895 -0.02252953 -0.03491174 0.0413946 0.04413667 0 -0.05154473 0 -0.02252953 -0.01977824 -0.01646904 -0.01849564 0.2146973 -0.02252953 -0.0420336 0.1806206 -0.02114914 -0.02348162 -0.01325641 -0.01432816 -0.05610787 0 -0.03517595 -0.05206412 -0.01653666 -0.02020697 -0.02252953 0 -0.03482067 0.04647945 -0.02097608 0 -0.02336364 0 -0.04490988 0.06647813 -0.01142651 -0.01677343 0 0 0 -0.01447714 -0.05556433 -0.01245267 0 0 -0.02568343 -0.01531149 -0.02599485 -0.03929045 0.0630011 -0.02026485 0 -0.02289312 -0.007666073 0 -0.02488689 -0.0122014 -0.05912369 0.2628261 0.05883187 0.1833694 0.05883187 0.05883187 -0.004962531 -0.0009569929 -0.01511923 -0.009974618 -0.01160091 0 0 0 0.1833997 -0.02732683 -0.08722612 0.02558031 0 0.05881035 -0.01511923 -0.02817456 0 0.02248922 -0.01073266 0 0.1819982 0.1819982 -0.0151676 -0.05025339 -0.05025339 0 0.08813748 -0.03421566 0.0991093 0 -0.0139288 0 -0.004962531 0.09787219 0 0.06291584 -0.007631143
0 0 0 0 0 0 0 0 0 0 0 0 0 0 0 0 0 0 0 0 0 0 0 0 1.01 0 0 0 0 0 0 0 0 0 0 0 0 0 0 0 0 0 0 0 0 0 0 0 0 0 0 0 0 0 0 0 0 0 0 0 0 0 0 0 0 0 0 0 0 0 0 0 0 0 0 0 0 0 0 0 0 0 0 0 0 0 0 0 0 0 0 0 0 0 0 0 0 0 0 0 0 0 0 0 0 0 0 0 0 0 0 0 0 0 0 0 0 0 0 0 0 0 0 0 0 0 0 0 0 0 0 0 0 0 0 0 0 0 0 0 0 0 0 0 0 0 0 0 0 0 0 0 0 0 0 0 0 0 0 0 0 0 0 0 0
0.158973 0 0.5582921 0.5597224 0.5597224 0.2180221 0.3277318 -0.510359 0.1962573 0.3074515 0 -0.1531116 0.5552088 0.09241908 0.6614386 0.2025503 0.1240302 0.5647162 -0.5226723 0.2906872 0.3097088 0.1945951 0 0.08648698 0 1.01 0.3118295 0 0 0.1891456 0 0.006836643 0.5649793 0 0.3705221 0.04706411 -0.4470211 -0.4467325 0 -0.4470211 -0.2341794 0.04706411 -0.4472899 0.3097088 -0.2834362 0.3118295 -0.1688471 -0.2834362 0.3365865 -0.1688471 0 -0.3458039 0.3111339 0.6724957 0.5597462 0.09930147 0.5604958 -0.2252476 -0.4470211 0.390075 0.3906226 0.2382062 0.4173303 0 -0.1255567 -0.1688471 0.3035734 0.4365916 0.4470211 0 0.5552431 0 -0.1688471 -0.2879401 0.1117204 -0.2834362 0.3362719 -0.1688471 -0.5038072 0.3977061 0.1110556 0.1047039 -0.08624407 0.1587319 -0.6869511 0 -0.3792361 0.5413016 0.1609798 0.2567873 -0.1688471 0 0.3036643 0.1533685 -0.2957915 0 -0.2766209 0 0.2287969 0.08381852 0.1012605 0.01249346 0 0 0 0.1161859 0.05784329 0.03998056 0 0 0.1597856 0.1201404 0.1611529 -0.1432688 0.1133522 -0.1941766 0 0.122241 -0.2010065 0 0.1459406 -0.2044541 -0.02204856 0.1759166 0.1808745 0.217305 0.1808745 0.1808745 -0.1839468 0.1109495 -0.03137753 -0.1980533 0.09903218 0 0 0 0.217345 0.1469216 -0.005117123 0.2223341 0 0.1808434 -0.03137753 0.1403891 0 0.1631759 -0.1202679 0 0.2193374 0.2193374 -0.06775338 0.1262765 0.1262765 0 0.2858215 0.1121523 0.2310056 0 0.1173872 0 -0.1839468 0.2807218 0 0.1569131 -0.1936638
-0.2260269 0 -0.2266084 -0.2264589 -0.2264589 0.867646 0.6783568 -0.1391952 -0.09685851 0.1071698 0 -0.0321293 -0.2265677 -0.04457045 -0.2465871 -0.1010592 0.1228412 -0.2044688 -0.1598462 0.9594296 -0.1184233 0.8555761 0 -0.03412413 0 0.3118295 1.01 0 0 0.8783353 0 -0.04325917 -0.2286663 0 -0.1417193 -0.04359732 -0.1373479 -0.1369869 0 -0.1373479 -0.06742265 -0.04359732 -0.1377987 -0.1184233 -0.08605538 1 -0.06295345 -0.08605538 -0.1449695 -0.06295345 0 -0.1069117 0.9987496 0.2191927 -0.2356615 -0.04064564 -0.2352838 -0.06881116 -0.1373479 0.7137801 0.7207084 -0.0981913 0.1398821 0 -0.03785863 -0.06295345 0.9911312 0.1367131 0.1373479 0 -0.2360054 0 -0.06295345 -0.08876757 -0.04550297 -0.08605538 -0.1450515 -0.06295345 -0.1556975 0.7152593 0.3818087 0.3520596 -0.02175626 -0.07034396 -0.2215942 0 -0.1169437 -0.2276614 -0.0836554 -0.1066328 -0.06295345 0 0.9908796 0.1829014 -0.1042426 0 -0.1291618 0 -0.1386811 0.1610126 -0.03187211 0.0244 0 0 0 -0.05087407 -0.2276304 -0.07582841 0 0 -0.06855522 -0.0519442 -0.06867839 0.008216193 -0.05864666 -0.05777079 0 0.3574774 -0.07192864 0 0.4281176 -0.09189072 -0.2483979 0.2196994 -0.09617808 0.2887987 -0.09617808 -0.09617808 -0.06735502 -0.03884844 -0.05842651 -0.06362387 -0.02748161 0 0 0 0.2889 -0.07069101 -0.310639 0.07172195 0 -0.09625507 -0.05842651 0.430754 0 0.05019436 -0.03767009 0 0.2861256 0.2861256 0.0587975 -0.1985163 -0.1985163 0 0.03740319 -0.1577607 0.01188503 0 -0.04372635 0 -0.06735502 0.04581444 0 -0.08916111 -0.06653575
0 0 0 0 0 0 0 0 0 0 0 0 0 0 0 0 0 0 0 0 0 0 0 0 0 0 0 1.01 0 0 0 0 0 0 0 0 0 0 0 0 0 0 0 0 0 0 0 0 0 0 0 0 0 0 0 0 0 0 0 0 0 0 0 0 0 0 0 0 0 0 0 0 0 0 0 0 0 0 0 0 0 0 0 0 0 0 0 0 0 0 0 0 0 0 0 0 0 0 0 0 0 0 0 0 0 0 0 0 0 0 0 0 0 0 0 0 0 0 0 0 0 0 0 0 0 0 0 0 0 0 0 0 0 0 0 0 0 0 0 0 0 0 0 0 0 0 0 0 0 0 0 0 0 0 0 0 0 0 0 0 0 0 0 0 0
0 0 0 0 0 0 0 0 0 0 0 0 0 0 0 0 0 0 0 0 0 0 0 0 0 0 0 0 1.01 0 0 0 0 0 0 0 0 0 0 0 0 0 0 0 0 0 0 0 0 0 0 0 0 0 0 0 0 0 0 0 0 0 0 0 0 0 0 0 0 0 0 0 0 0 0 0 0 0 0 0 0 0 0 0 0 0 0 0 0 0 0 0 0 0 0 0 0 0 0 0 0 0 0 0 0 0 0 0 0 0 0 0 0 0 0 0 0 0 0 0 0 0 0 0 0 0 0 0 0 0 0 0 0 0 0 0 0 0 0 0 0 0 0 0 0 0 0 0 0 0 0 0 0 0 0 0 0 0 0 0 0 0 0 0 0
-0.2839572 0 -0.2595494 -0.2592982 -0.2592982 0.874266 0.7113656 -0.1556542 -0.1089548 0.01657016 0 0.3524286 -0.258464 -0.04712593 -0.2858329 -0.1129008 0.09568768 -0.2404144 -0.1753997 0.8409804 -0.1345836 0.9107356 0 -0.04188907 0 0.1891456 0.8783353 0 0 1.01 0 -0.04697764 -0.2612753 0 -0.1628771 -0.04592626 -0.1612862 -0.1609755 0 -0.1612862 -0.07052285 -0.04592626 -0.1618014 -0.1345836 -0.09757378 0.8783353 0.3388706 -0.09757378 -0.1666952 0.3388706 0 -0.1152833 0.8772727 0.1868233 -0.2688339 -0.04386167 -0.2685581 -0.08246321 -0.1612862 0.6056808 0.6116159 -0.1092662 0.1646165 0 -0.0447502 0.3388706 0.8704851 0.1604778 0.1612862 0 -0.2697006 0 0.3388706 -0.09933007 -0.05280725 -0.09757378 -0.1666895 0.3388706 -0.1710542 0.6073989 0.3344419 0.3102976 -0.02339582 -0.07284102 -0.1902253 0 -0.1267232 -0.2605201 -0.09755366 -0.1174189 0.3388706 0 0.8698803 0.2103951 -0.01167962 0 -0.05307776 0 -0.1234251 0.2098656 -0.03606526 0.1467077 0 0 0 -0.06041164 -0.2608018 -0.08207604 0 0 -0.07998988 -0.06108548 -0.08040276 -0.02868848 0.007547642 -0.05982792 0 0.3114561 -0.08077152 0 0.3733067 0.02799988 -0.2296191 0.1690559 -0.03427856 0.3159168 -0.03427856 -0.03427856 -0.07579939 -0.04306061 -0.06608173 -0.07250795 -0.03315303 0 0 0 0.3160324 -0.0824109 -0.2746345 0.08547386 0 -0.03436817 -0.06608173 0.3743278 0 0.06199991 -0.04485406 0 0.312995 0.312995 0.2779433 -0.1705781 -0.1705781 0 0.1108389 -0.1115405 0.06122029 0 -0.05546209 0 -0.07579939 0.09221449 0 -0.01748724 -0.07605253
0 0 0 0 0 0 0 0 0 0 0 0 0 0 0 0 0 0 0 0 0 0 0 0 0 0 0 0 0 0 1.01 0 0 0 0 0 0 0 0 0 0 0 0 0 0 0 0 0 0 0 0 0 0 0 0 0 0 0 0 0 0 0 0 0 0 0 0 0 0 0 0 0 0 0 0 0 0 0 0 0 0 0 0 0 0 0 0 0 0 0 0 0 0 0 0 0 0 0 0 0 0 0 0 0 0 0 0 0 0 0 0 0 0 0 0 0 0 0 0 0 0 0 0 0 0 0 0 0 0 0 0 0 0 0 0 0 0 0 0 0 0 0 0 0 0 0 0 0 0 0 0 0 0 0 0 0 0 0 0 0 0 0 0 0 0
0.03034274 0 0.07861341 0.07883358 0.07883358 -0.04297755 -0.05552788 -0.03818278 -0.03194746 -0.1446645 0 -0.004095513 0.07992231 -0.01714699 0.05596816 -0.02679888 -0.02427088 0.0765692 -0.04049554 -0.04228469 -0.0273485 -0.04383709 0 -0.01845456 0 0.006836643 -0.04325917 0 0 -0.04697764 0 1.01 0.07559445 0 -0.04459276 -0.01479426 -0.05190017 -0.05192381 0 -0.05190017 -0.01803351 -0.01479426 -0.05201836 -0.0273485 -0.0206598 -0.04325917 -0.005750987 -0.0206598 -0.04648796 -0.005750987 0 -0.03073734 -0.04315385 -0.03809764 0.07041804 -0.001648267 0.07028668 -0.03763016 -0.05190017 -0.0556241 -0.05400772 -0.031071 0.05054288 0 -0.007427405 -0.005750987 -0.04242268 0.05068357 0.05190017 0 0.07055446 0 -0.005750987 -0.02200441 0.510969 -0.0206598 -0.04639226 -0.005750987 -0.03807008 -0.05610167 -0.02677085 -0.01255302 -0.01406186 -0.005418744 0.03450409 0 -0.02986742 0.07566161 -0.02070823 -0.0330355 -0.005750987 0 -0.04070881 0.05886391 0.1489029 0 0.325489 0 -0.04588395 0.0842162 -0.01082199 -0.02270366 0 0 0 -0.009302863 -0.05921631 -0.01379215 0 0 -0.01056128 -0.01030704 -0.01096813 -0.05622151 0.08676976 -0.00644665 0 -0.02473234 -0.02008045 0 -0.01647231 0.1932301 0.02198022 -0.03670156 0.07486453 -0.05298128 0.07486453 0.07486453 -0.01822529 -0.01617746 -0.0137501 -0.0224206 -0.01101469 0 0 0 -0.0529581 -0.01263279 0.1131678 0.01759991 0 0.07484149 -0.0137501 -0.02715297 0 0.01313709 -0.0078074 0 -0.05230091 -0.05230091 -0.0005943078 0.03702067 0.03702067 0 0.0993512 0.06602456 -0.009223294 0 -0.01318793 0 -0.01822529 -0.009360054 0 0.0519448 -0.02045583
