1.01 0.04105786 -0.006744061 -0.03708066 -0.0185724 -0.004045049 -0.02617416 0 0.04179148 -0.004045049 -0.02400273 0 0 -0.01690236 0.08508491 -0.03246607 0.07135305 0.29897 -0.01629864 0 0.01817583 -0.02155483 -0.01340497 -0.006744061 -0.006756636 0.01465303 -0.02565512 0 -0.009872962 -0.02565512 -0.008403728 0.01398283 0 -0.03694474 -0.01515786 0 -0.0329852 -0.01867731 0 -0.03012361 0.0573843 -0.0307063 -0.005947053 -0.01143025 -0.03249333 -0.03174508 -0.03199993 -0.02533979 -0.01884145 -0.02533979 -0.02226668 -0.02533979 0 -0.03671242 -0.02140677 -0.03746776 0 0.008347329 -0.02697218 -0.0231807 0.3090936 -0.0234314 -0.009396025 0.07006815 -0.04370275 -0.001590749 -0.03012361 -0.01988065 -0.02321285 -0.01793348 -0.02405311 0.1339349 0 -0.01432371 0 0.2609641 0.05241249 0.1632794 -0.01866054 0.2845008 -0.03671242 -0.025372 -0.01334591 -0.02224091 -0.03900924 -0.001202056 -0.01793348 -0.01793348 -0.02533979 -0.02222916 -0.02668428 -0.00747654 -0.03573881 0 -0.02466133 0.1567793 -0.004664712 0.01398283 0.008347329 -0.02609272 -0.001202056 0 0 -0.0074879 -0.04117229 0 -0.02459213 -0.02405311 -0.01793348 -0.01198207 0 0.4579704 -0.01266255 -0.02217062 -0.02405311 -0.02364293 -0.02364293 0.1327996 0.04044851 -0.01803021 0 -0.01340497 0.07129313 -0.01884145 0 -0.02405441 -0.02367464 0.05211257 -0.01304556 -0.0197203 -0.0518827 -0.02203282 -0.0410696 -0.02193546 0.4579704 -0.02401118 -0.03668392 0 -0.02364293 0 0.01355678 -0.02364293 -0.02364293 -0.02372865 -0.03094275 0.2335806 -0.03211151 -0.02565512 0 -0.01964062 -0.02395226 -0.02431842 -0.02411375
0.04105786 1.01 0.1464179 0.4110447 0.1751554 0.09094635 -0.1417698 0 0.9878216 0.09094635 -0.238645 0 0 0.1126767 0.6223295 -0.350749 0.7337024 -0.07841048 0.4366235 0 0.582786 -0.09928277 -0.1013972 0.1464179 0.1373881 0.571231 -0.1399514 0 0.9290023 -0.1399514 0.1237476 -0.1899412 0 0.3908587 -0.135047 0 -0.3603061 0.1575815 0 -0.1679422 0.3604578 0.2800222 0.01818175 0.08684139 -0.3504033 -0.09738354 -0.1079108 -0.2195998 0.1172319 -0.2195998 -0.1386762 -0.2195998 0 0.3546774 -0.1619433 0.3480331 0 0.07931652 -0.1198351 -0.1919788 -0.04435007 -0.07187828 0.07632694 -0.1612366 0.4617596 0.07556737 -0.1679422 -0.1633645 -0.1919187 0.1811419 -0.2382027 0.2355136 0 -0.142677 0 -0.03989117 0.3291634 -0.04909242 0.3499608 0.1341231 0.3543475 -0.2195298 -0.1531091 -0.2126201 0.0328615 0.1408146 0.1811419 0.1811419 -0.2195998 0.1612299 -0.2080189 -0.02807346 0.05003526 0 -0.2181598 -0.1430177 0.06989453 -0.1899412 0.07931652 -0.1947351 0.1408146 0 0 0.0835758 0.4426646 0 -0.1806132 -0.2382027 0.1811419 -0.1294097 0 -0.01626586 -0.08338385 -0.2388287 -0.2382027 -0.1790667 -0.1790667 0.2366154 0.2127744 0.1803216 0 -0.1013972 -0.130381 0.1172319 0 -0.18078 -0.1786636 0.3192303 0.09155772 -0.1361296 -0.02709604 -0.1373907 0.4421658 -0.1721553 -0.01626586 -0.1759517 0.3543842 0 -0.1790667 0 0.2508723 -0.1790667 -0.1790667 -0.1980301 -0.1704169 -0.05958036 -0.3491511 -0.1399514 0 -0.1713182 0.2619964 -0.2857036 -0.07173429
-0.006744061 0.1464179 1.01 0.3492867 -0.0119874 -0.02214739 -0.02834036 0 0.1457766 -0.02214739 -0.03084295 0 0 -0.007085807 0.2374028 -0.06233607 0.08558181 -0.01641156 -0.1278781 0 0.2454862 0.0008626417 -0.02282001 0.9971946 0.9200854 0.2484711 -0.02758052 0 0.1556117 -0.02758052 0.8899253 -0.0227342 0 0.3617118 -0.0241888 0 -0.06310382 -0.0142791 0 -0.01682338 -0.07365774 -0.03034419 -0.02658314 0.7155101 -0.06237015 -0.04152298 -0.04356552 -0.03928433 -0.01366032 -0.03928433 -0.01498455 -0.03928433 0 -0.05008729 -0.01398051 -0.05107657 0 0.480699 -0.03889463 -0.03785502 -0.0108561 -0.0006730064 -0.01028062 -0.1124638 -0.065866 -0.02430147 -0.01682338 -0.02924625 -0.03789603 -0.01323706 -0.03091093 -0.02440086 0 -0.02315372 0 -0.01863448 0.0578319 -0.03490875 -0.04183971 -0.01046907 -0.05008729 -0.0393256 -0.02593391 -0.02629718 -0.03710073 -0.04384181 -0.01323706 -0.01323706 -0.03928433 -0.01976495 -0.04186538 -0.02149503 0.2594523 0 -0.03843299 -0.06046274 -0.02322405 -0.0227342 0.480699 -0.04024521 -0.04384181 0 0 -0.0243846 -0.05855146 0 -0.04049367 -0.03091093 -0.01323706 -0.01485459 0 -0.02025814 -0.01556285 -0.03119978 -0.03091093 -0.04059765 -0.04059765 -0.02494799 0.04941279 -0.01338163 0 -0.02282001 0.07944159 -0.01366032 0 -0.04111813 -0.04063776 0.003794517 -0.007822019 -0.007920933 -0.08616901 -0.0145561 -0.05841679 -0.02376145 -0.02025814 -0.04104424 -0.05004989 0 -0.04059765 0 -0.01421147 -0.04059765 -0.04059765 -0.04180669 -0.01621331 -0.02287276 -0.06301001 -0.02758052 0 -0.04191979 -0.03723255 -0.0415147 -0.03534299
-0.03708066 0.4110447 0.3492867 1.01 -0.06038626 -0.04643642 -0.05374906 0 0.4146995 -0.04643642 -0.08967762 0 0 -0.02474819 0.6017319 -0.1573849 -0.204543 -0.03597921 -0.360459 0 0.6282256 -0.04216099 -0.04482687 0.3481685 0.3242467 0.6065653 -0.05327987 0 0.3829871 -0.05327987 0.3099917 -0.07542895 0 0.9594001 -0.06246274 0 -0.1621432 -0.04732341 0 -0.06260042 0.06734709 -0.1015684 -0.1081403 0.2429288 -0.1574826 -0.1244629 -0.1282476 -0.1062672 0.2977364 -0.1062672 -0.06561377 -0.1062672 0 0.8746808 -0.0560341 0.8672914 0 0.1811347 -0.08650065 -0.06557626 -0.0500001 -0.04557091 -0.03089333 0.342518 -0.1839074 -0.04754631 -0.06260042 -0.0680436 -0.06569999 -0.05879656 -0.08794011 -0.08545704 0 -0.06151566 0 -0.04620451 0.1280118 -0.07536685 -0.124099 -0.03965968 0.8746808 -0.1063844 -0.06557373 -0.0798792 -0.1103985 0.1520354 -0.05879656 -0.05879656 -0.1062672 0.385136 -0.1094746 -0.05144775 0.003327996 0 -0.103837 -0.1587396 0.071544 -0.07542895 0.1811347 -0.1063114 0.1520354 0 0 0.2222244 -0.1725118 0 -0.0714054 -0.08794011 -0.05879656 -0.04888344 0 -0.05405944 -0.02352017 -0.0887513 -0.08794011 -0.06877005 -0.06877005 -0.07902336 0.07652606 -0.05827091 0 -0.04482687 -0.1825411 0.2977364 0 -0.06879569 -0.06889167 0.1095524 -0.02408422 -0.0517231 0.4976273 -0.06559889 -0.1725377 -0.07190297 -0.05405944 -0.06195753 0.8749486 0 -0.06877005 0 0.1873785 -0.06877005 -0.06877005 -0.07862989 -0.06400132 -0.0538819 -0.1574626 -0.05327987 0 -0.07133006 0.6370355 -0.1248406 -0.0702082
-0.0185724 0.1751554 -0.0119874 -0.06038626 1.01 -0.01047459 -0.0345051 0 0.1763192 -0.01047459 -0.04930918 0 0 0.4290297 0.286027 -0.03963282 0.2298925 -0.01978825 0.1930764 0 0.2959679 -0.02114277 -0.0039615 -0.0119874 -0.01272497 0.2971705 -0.03354027 0 0.1840239 -0.03354027 -0.01540241 -0.03816609 0 -0.05721772 -0.02841403 0 -0.0445846 -0.02917186 0 -0.03165357 0.08270692 0.5922778 0.5598447 -0.01941105 -0.0396794 0.4625672 0.4495979 -0.05627422 -0.02501633 -0.05627422 -0.02936316 -0.05627422 0 -0.05521045 -0.02783291 -0.05649247 0 -0.0005080064 -0.04584657 -0.05884354 -0.02566107 -0.0201086 0.4714922 -0.1087112 -0.08195845 -0.01429923 -0.03165357 -0.03356659 -0.05889265 0.9696348 -0.04937701 -0.04291343 0 -0.02708548 0 -0.02156696 0.0735605 -0.03768411 -0.05059711 -0.0217948 -0.05521045 -0.05632444 -0.02674122 -0.0429298 -0.05845503 -0.2715694 0.9696348 0.9696348 -0.05627422 -0.01121027 -0.05783318 -0.03308981 -0.05036674 0 -0.06068602 -0.07410079 0.1663295 -0.03816609 -0.0005080064 -0.06385964 -0.2715694 0 0 -0.01725082 -0.07390909 0 -0.06350966 -0.04937701 0.9696348 -0.01692783 0 -0.02421064 -0.01324013 -0.04971658 -0.04937701 -0.06313225 -0.06313225 -0.04211128 0.05239342 0.9678704 0 -0.0039615 0.211983 -0.02501633 0 -0.06375451 -0.06214696 0.07294288 0.5024042 -0.01826612 -0.07128569 -0.02891352 -0.07374036 -0.04272359 -0.02421064 -0.06363993 -0.05516233 0 -0.06313225 0 -0.2069254 -0.06313225 -0.06313225 -0.06644513 -0.03166656 -0.02464614 -0.03988553 -0.03354027 0 -0.06263793 -0.04026695 -0.02966163 -0.03426985
-0.004045049 0.09094635 -0.02214739 -0.04643642 -0.01047459 1.01 -0.01209226 0 0.09148763 1 -0.02369313 0 0 -0.004296721 -0.06675815 -0.03778388 0.1294163 -0.01368965 0.09929859 0 -0.06151156 -0.009109882 -0.00547208 -0.02214739 -0.01980185 -0.06075967 -0.01503478 0 -0.09181757 -0.01503478 -0.02084633 -0.02015622 0 -0.04588325 -0.01071892 0 -0.03910069 -0.01891755 0 -0.01066035 0.03612563 -0.02683389 -0.02866778 -0.01740993 -0.03780786 -0.03304294 -0.03428943 -0.03169634 -0.01631329 -0.03169634 0.006413132 -0.03169634 0 -0.03950244 -0.023931 -0.03839894 0 -0.0126481 0.4296606 -0.03234859 -0.002064467 -0.01168413 -0.006653274 0.1177676 -0.04219637 0.9325306 -0.01066035 -0.02116813 -0.03237556 -0.009809834 -0.02603997 -0.02099969 0 -0.01360585 0 -0.01720288 0.03373643 0.4900303 -0.03106313 -0.006554707 -0.03950244 -0.03172375 -0.01562473 -0.02873152 -0.03097035 0.04694225 -0.009809834 -0.009809834 -0.03169634 -0.007590318 -0.0342582 -0.01593761 -0.03308299 0 -0.03114608 0.2326947 -0.01580481 -0.02015622 -0.0126481 -0.03040119 0.04694225 0 0 -0.004783506 -0.0378098 0 -0.02751031 -0.02603997 -0.009809834 -0.02310506 0 -0.01755156 -0.01048439 -0.0262288 -0.02603997 -0.03227297 -0.03227297 -0.02135664 0.03206299 -0.00990829 0 -0.00547208 0.1247631 -0.01631329 0 -0.03262074 -0.03229977 0.0348218 -0.004935549 -0.01220349 -0.05817578 0.006846678 -0.03916444 -0.01411923 -0.01755156 -0.03256211 -0.03947748 0 -0.03227297 0 0.06201032 -0.03227297 -0.03227297 -0.03100651 -0.01169384 -0.01973768 -0.03747998 -0.01503478 0 -0.03314739 -0.03520828 -0.02458464 0.5163459
-0.02617416 -0.1417698 -0.02834036 -0.05374906 -0.0345051 -0.01209226 1.01 0 -0.1394115 -0.01209226 -0.04314756 0 0 -0.02293686 -0.08502156 -0.05641533 -0.1142478 -0.01494222 -0.1416944 0 -0.08357638 -0.009828268 -0.01540409 -0.02834036 -0.02649561 -0.08459676 0.9870638 0 -0.1353064 0.9870638 -0.02841715 -0.04123403 0 -0.05075373 -0.02535658 0 -0.0584168 -0.02015106 0 -0.02229699 0.07182743 -0.04420281 -0.05771879 -0.02490946 -0.05645538 -0.05427219 -0.05703418 -0.03916321 -0.0199274 -0.03916321 -0.02405234 -0.03916321 0 -0.0409771 -0.02375311 -0.0432582 0 -0.01089729 0.6947851 -0.04367002 -0.02054184 -0.01154848 -0.02256177 0.2073005 -0.07083591 -0.008811183 -0.02229699 -0.02106848 -0.04371634 -0.03758169 -0.02773436 -0.03702535 0 -0.02415032 0 -0.01587699 0.06276805 0.7932271 -0.0505753 -0.02335369 -0.04205614 -0.03921117 -0.0273944 -0.01825046 -0.04948295 0.09587173 -0.03758169 -0.03758169 -0.03916321 -0.02386559 -0.04142007 -0.02576404 -0.04982736 0 -0.03815673 0.3837067 -0.01293211 -0.04123403 -0.01089729 -0.03910511 0.09587173 0 0 -0.02030251 -0.06923515 0 -0.0458477 -0.02773436 -0.03758169 -0.02785549 0 -0.02240671 -0.001117359 -0.02807724 -0.02773436 -0.04449034 -0.04449034 -0.0376011 0.04525455 -0.03376921 0 -0.01540409 0.2035138 -0.0199274 0 -0.04394896 -0.04453608 0.06358005 -0.02040212 -0.01957056 -0.07551228 -0.02143752 -0.06908322 -0.03129496 -0.02240671 -0.04500297 -0.04201139 0 -0.04449034 0 0.1166966 -0.04449034 -0.04449034 -0.04721577 -0.02209065 -0.01850698 -0.05686241 0.9870638 0 -0.04261655 -0.02190971 -0.04024022 0.8389979
0 0 0 0 0 0 0 1.01 0 0 0 0 0 0 0 0 0 0 0 0 0 0 0 0 0 0 0 0 0 0 0 0 0 0 0 0 0 0 0 0 0 0 0 0 0 0 0 0 0 0 0 0 0 0 0 0 0 0 0 0 0 0 0 0 0 0 0 0 0 0 0 0 0 0 0 0 0 0 0 0 0 0 0 0 0 0 0 0 0 0 0 0 0 0 0 0 0 0 0 0 0 0 0 0 0 0 0 0 0 0 0 0 0 0 0 0 0 0 0 0 0 0 0 0 0 0 0 0 0 0 0 0 0 0 0 0 0 0 0 0 0 0 0 0 0 0 0 0 0 0 0 0 0
0.04179148 0.9878216 0.1457766 0.4146995 0.1763192 0.09148763 -0.1394115 0 1.01 0.09148763 -0.2383916 0 0 0.1154062 0.6270618 -0.3671582 0.7397617 -0.07687986 0.4310333 0 0.5872385 -0.09674713 -0.09976601 0.1465273 0.1379508 0.5756039 -0.136961 0 0.9406534 -0.136961 0.1244262 -0.1878445 0 0.3944545 -0.1341046 0 -0.3760818 0.1585436 0 -0.1645915 0.3610867 0.2821444 0.02111301 0.08792106 -0.3668082 -0.09691278 -0.1124601 -0.2197341 0.1191465 -0.2197341 -0.137024 -0.2197341 0 0.3584896 -0.1626641 0.351893 0 0.07894934 -0.1164476 -0.1978238 -0.04258017 -0.07015158 0.07896423 -0.1676233 0.472192 0.07627274 -0.1645915 -0.162441 -0.1977596 0.182257 -0.2383733 0.236377 0 -0.1418079 0 -0.03807969 0.3318674 -0.04605427 0.3546889 0.1362704 0.3581593 -0.2196612 -0.1527343 -0.2131662 0.03562885 0.1410941 0.182257 0.182257 -0.2197341 0.1611705 -0.2078556 -0.02752479 0.05141236 0 -0.2179936 -0.1388298 0.07172218 -0.1878445 0.07894934 -0.1944143 0.1410941 0 0 0.08620323 0.4487288 0 -0.1801583 -0.2383733 0.182257 -0.1279879 0 -0.01487296 -0.08550757 -0.2389795 -0.2383733 -0.1786919 -0.1786919 0.2375155 0.2170047 0.1814439 0 -0.09976601 -0.1254303 0.1191465 0 -0.1803723 -0.1782857 0.3220712 0.09418036 -0.1346644 -0.0375818 -0.1350848 0.4482222 -0.1713112 -0.01487296 -0.1751933 0.358194 0 -0.1786919 0 0.25064 -0.1786919 -0.1786919 -0.1972408 -0.1670266 -0.05680398 -0.3656279 -0.136961 0 -0.1708434 0.2644899 -0.2833191 -0.06888663
-0.004045049 0.09094635 -0.02214739 -0.04643642 -0.01047459 1 -0.01209226 0 0.09148763 1.01 -0.02369313 0 0 -0.004296721 -0.06675815 -0.03778388 0.1294163 -0.01368965 0.09929859 0 -0.06151156 -0.009109882 -0.00547208 -0.02214739 -0.01980185 -0.06075967 -0.01503478 0 -0.09181757 -0.01503478 -0.02084633 -0.02015622 0 -0.04588325 -0.01071892 0 -0.03910069 -0.01891755 0 -0.01066035 0.03612563 -0.02683389 -0.02866778 -0.01740993 -0.03780786 -0.03304294 -0.03428943 -0.03169634 -0.01631329 -0.03169634 0.006413132 -0.03169634 0 -0.03950244 -0.023931 -0.03839894 0 -0.0126481 0.4296606 -0.03234859 -0.002064467 -0.01168413 -0.006653274 0.1177676 -0.04219637 0.9325306 -0.01066035 -0.02116813 -0.03237556 -0.009809834 -0.02603997 -0.02099969 0 -0.01360585 0 -0.01720288 0.03373643 0.4900303 -0.03106313 -0.006554707 -0.03950244 -0.03172375 -0.01562473 -0.02873152 -0.03097035 0.04694225 -0.009809834 -0.009809834 -0.03169634 -0.007590318 -0.0342582 -0.01593761 -0.03308299 0 -0.03114608 0.2326947 -0.01580481 -0.02015622 -0.0126481 -0.03040119 0.04694225 0 0 -0.004783506 -0.0378098 0 -0.02751031 -0.02603997 -0.009809834 -0.02310506 0 -0.01755156 -0.01048439 -0.0262288 -0.02603997 -0.03227297 -0.03227297 -0.02135664 0.03206299 -0.00990829 0 -0.00547208 0.1247631 -0.01631329 0 -0.03262074 -0.03229977 0.0348218 -0.004935549 -0.01220349 -0.05817578 0.006846678 -0.03916444 -0.01411923 -0.01755156 -0.03256211 -0.03947748 0 -0.03227297 0 0.06201032 -0.03227297 -0.03227297 -0.03100651 -0.01169384 -0.01973768 -0.03747998 -0.01503478 0 -0.03314739 -0.03520828 -0.02458464 0.5163459
-0.02400273 -0.238645 -0.03084295 -0.08967762 -0.04930918 -0.02369313 -0.04314756 0 -0.2383916 -0.02369313 1.01 0 0 -0.02223821 -0.1474899 -0.09730981 -0.1842238 -0.03006014 -0.2354061 0 -0.1373986 -0.0171937 -0.02510808 -0.03084295 -0.02963839 -0.1374044 -0.04312614 0 -0.2222015 -0.04312614 -0.0297159 -0.03846721 0 -0.08536493 -0.02686641 0 -0.09980009 -0.03492033 0 -0.03835095 0.1101245 -0.06724373 -0.06454525 -0.03288675 -0.09737214 0.6917606 0.6699675 0.8086886 -0.02551791 0.8086886 -0.03993943 0.8086886 0 -0.07812063 -0.03909164 -0.07995181 0 -0.006764164 -0.05343245 0.7834061 -0.01291286 -0.02054144 -0.02613367 -0.178745 -0.116815 -0.02857702 -0.03835095 -0.03975503 0.7831608 -0.03620182 0.989832 -0.06464362 0 -0.0262352 0 -0.03036131 0.09914164 -0.04847431 -0.07730965 -0.02370951 -0.07812063 0.8084224 -0.0276297 0.877588 -0.07928778 0.1440603 -0.03620182 -0.03620182 0.8086886 -0.03822726 0.7834863 -0.04396519 -0.07906224 0 0.8154649 -0.09420237 -0.008027944 -0.03846721 -0.006764164 0.8026117 0.1440603 0 0 -0.009857186 -0.1106158 0 0.7597456 0.989832 -0.03620182 -0.03431797 0 -0.03567285 -0.02590605 0.9870946 0.989832 0.7677881 0.7677881 -0.06552219 0.07874762 -0.03644014 0 -0.02510808 0.3362459 -0.02551791 0 0.7647766 0.7675555 0.1012645 -0.02218429 -0.02842959 -0.1329819 -0.03928239 -0.1103765 -0.04403248 -0.03567285 0.7641466 -0.07734281 0 0.7677881 0 -0.3208539 0.7677881 0.7677881 0.7325214 -0.03965041 -0.02954234 -0.09651924 -0.04312614 0 0.7591292 -0.06017253 -0.07225313 -0.04947549
0 0 0 0 0 0 0 0 0 0 0 1.01 0 0 0 0 0 0 0 0 0 0 0 0 0 0 0 0 0 0 0 0 0 0 0 0 0 0 0 0 0 0 0 0 0 0 0 0 0 0 0 0 0 0 0 0 0 0 0 0 0 0 0 0 0 0 0 0 0 0 0 0 0 0 0 0 0 0 0 0 0 0 0 0 0 0 0 0 0 0 0 0 0 0 0 0 0 0 0 0 0 0 0 0 0 0 0 0 0 0 0 0 0 0 0 0 0 0 0 0 0 0 0 0 0 0 0 0 0 0 0 0 0 0 0 0 0 0 0 0 0 0 0 0 0 0 0 0 0 0 0 0 0
0 0 0 0 0 0 0 0 0 0 0 0 1.01 0 0 0 0 0 0 0 0 0 0 0 0 0 0 0 0 0 0 0 0 0 0 0 0 0 0 0 0 0 0 0 0 0 0 0 0 0 0 0 0 0 0 0 0 0 0 0 0 0 0 0 0 0 0 0 0 0 0 0 0 0 0 0 0 0 0 0 0 0 0 0 0 0 0 0 0 0 0 0 0 0 0 0 0 0 0 0 0 0 0 0 0 0 0 0 0 0 0 0 0 0 0 0 0 0 0 0 0 0 0 0 0 0 0 0 0 0 0 0 0 0 0 0 0 0 0 0 0 0 0 0 0 0 0 0 0 0 0 0 0
-0.01690236 0.1126767 -0.007085807 -0.02474819 0.4290297 -0.004296721 -0.02293686 0 0.1154062 -0.004296721 -0.02223821 0 0 1.01 0.1232695 -0.04700429 0.1390656 -0.01599246 0.1016241 0 0.1295088 -0.02136195 -0.01345273 -0.007085807 -0.003212358 0.129801 -0.02238683 0 0.1193165 -0.02238683 -0.004960609 -0.02094538 0 -0.02416831 -0.0088636 0 -0.04998924 -0.01177478 0 -0.02460218 0.0527804 0.2591567 0.2460649 -0.01156295 -0.04702983 0.2103174 0.2062356 -0.02061963 -0.02312173 -0.02061963 -0.02224527 -0.02061963 0 -0.02130499 -0.03040335 -0.02213645 0 0.007866207 -0.02707264 -0.02373157 0.002481402 -0.02322172 0.8028609 -0.07460473 0.0142675 -0.001935393 -0.02460218 -0.006145263 -0.02376327 0.4325999 -0.02229067 -0.020129 0 -0.007937725 0 -0.01128313 0.03913632 -0.02183327 0.05311918 0.2150798 -0.02130499 -0.02065253 -0.01044311 -0.01791015 -0.03231158 -0.1095211 0.4325999 0.4325999 -0.02061963 -0.009406511 -0.02378225 -0.01093486 -0.02576701 0 -0.02512601 -0.04470338 -0.009374253 -0.02094538 0.007866207 -0.02824977 -0.1095211 0 0 -0.002286485 0.02253504 0 -0.02514376 -0.02229067 0.4325999 -0.0156336 0 -0.01713811 -0.007198583 -0.02046668 -0.02229067 -0.02586391 -0.02586391 -0.02053076 0.02393877 0.4317811 0 -0.01345273 0.08163634 -0.02312173 0 -0.02626568 -0.02423981 0.04029938 0.8512756 -0.01973447 -0.05369394 -0.02519776 0.02265216 -0.02200321 -0.01713811 -0.02621848 -0.02127433 0 -0.02586391 0 -0.08103821 -0.02586391 -0.02586391 -0.03070317 -0.02284877 -0.01469907 -0.04808361 -0.02238683 0 -0.02689406 -0.01191746 -0.03842902 -0.02144773
0.08508491 0.6223295 0.2374028 0.6017319 0.286027 -0.06675815 -0.08502156 0 0.6270618 -0.06675815 -0.1474899 0 0 0.1232695 1.01 -0.226248 0.2656242 -0.05991289 0.06601457 0 0.9459418 -0.06581184 -0.05779758 0.2382641 0.2214307 0.9299695 -0.08289782 0 0.6316953 -0.08289782 0.2080429 -0.1169961 0 0.6346484 -0.09719603 0 -0.2318029 0.2433501 0 -0.104991 0.2439266 0.4624611 0.1671537 0.1586195 -0.2263966 -0.0005345065 -0.01041348 -0.1784626 0.1915772 -0.1784626 -0.09505775 -0.1784626 0 0.5759746 -0.09536922 0.569697 0 0.1204791 -0.1284718 -0.1832144 0.003854049 -0.07263339 0.1303323 0.1220937 -0.2510179 -0.06846092 -0.104991 -0.1071996 -0.1833841 0.2960649 -0.1517044 0.372504 0 -0.0942937 0 -0.007515336 0.2512745 -0.07046315 -0.1818323 0.006582429 0.5755957 -0.1782193 -0.1002296 -0.1375337 0.1198576 -0.06526121 0.2960649 0.2960649 -0.1784626 0.2609856 -0.1574547 -0.09023543 0.2120308 0 -0.1799692 -0.07524123 0.09688688 -0.1169961 0.1204791 -0.1845464 -0.06526121 0 0 0.1462096 -0.2522936 0 -0.1938442 -0.1517044 0.2960649 -0.07267416 0 0.02807407 -0.0485783 -0.1523952 -0.1517044 -0.1905102 -0.1905102 0.3745604 0.1863752 0.2955769 0 -0.05779758 0.04789956 0.1915772 0 -0.1918796 -0.1898781 0.2370325 0.148231 -0.08432732 0.2291875 -0.09349736 -0.2532748 -0.1071986 0.02807407 -0.1855669 0.5755018 0 -0.1905102 0 0.06347237 -0.1905102 -0.1905102 -0.1992619 -0.1068458 -0.01979372 -0.2260437 -0.08289782 0 -0.1928065 0.4198416 -0.1784069 -0.10633
-0.03246607 -0.350749 -0.06233607 -0.1573849 -0.03963282 -0.03778388 -0.05641533 0 -0.3671582 -0.03778388 -0.09730981 0 0 -0.04700429 -0.226248 1.01 -0.2770471 -0.04587168 0.4263231 0 -0.2161523 0.2619822 0.2736126 -0.06343184 -0.05878152 -0.2133052 -0.05495957 0 -0.3516917 -0.05495957 -0.06038463 -0.0790761 0 -0.1486953 -0.06094903 0 0.9725236 -0.04888475 0 -0.08205614 0.1993374 -0.1011941 -0.1123449 -0.0457946 0.999786 -0.1394491 -0.1453961 -0.1232525 -0.04680229 -0.1232525 -0.05734056 -0.1232525 0 -0.1317669 -0.06054314 -0.1331749 0 -0.04299139 -0.0823834 -0.1297204 -0.05366676 0.2332997 -0.03501371 0.5255954 -0.1836894 -0.04253987 -0.08205614 -0.07324825 -0.1298315 -0.05890132 -0.09874205 -0.08483645 0 -0.05992456 0 -0.04991864 0.1671263 -0.06939774 -0.139974 -0.05871599 -0.1308029 -0.1233663 -0.01696752 -0.08428241 -0.09900369 0.2394582 -0.05890132 -0.05890132 -0.1232525 -0.05683913 -0.1076518 -0.07297244 -0.09889782 0 -0.1252137 -0.1523662 -0.03904871 -0.0790761 -0.04299139 -0.1253669 0.2394582 0 0 -0.03280764 -0.1786721 0 -0.1332261 -0.09874205 -0.05890132 -0.04938224 0 -0.05538775 0.2198531 -0.09953318 -0.09874205 -0.1309962 -0.1309962 -0.08560245 0.1337019 -0.05927496 0 0.2736126 -0.2808103 -0.04680229 0 -0.1324252 -0.1311063 0.1688899 -0.0348893 -0.06157621 0.7046281 -0.05820994 -0.1786901 -0.05284861 -0.05538775 -0.1316811 -0.1311777 0 -0.1309962 0 0.3060297 -0.1309962 -0.1309962 -0.1415021 -0.06524785 -0.05388398 0.996575 -0.05495957 0 -0.1335839 -0.09461199 0.7738465 -0.0670677
0.07135305 0.7337024 0.08558181 -0.204543 0.2298925 0.1294163 -0.1142478 0 0.7397617 0.1294163 -0.1842238 0 0 0.1390656 0.2656242 -0.2770471 1.01 -0.05848253 0.7090481 0 0.2212373 -0.07189557 -0.07426497 0.08716219 0.1107808 0.2252274 -0.1120311 0 0.7206081 -0.1120311 0.1000639 -0.143522 0 -0.1936413 -0.09975602 0 -0.2832047 0.2044637 0 -0.1293966 0.3357928 0.3752307 0.1038505 0.1304446 -0.2766107 -0.01576938 -0.02893021 -0.1625929 -0.08208936 -0.1625929 -0.09987999 -0.1625929 0 -0.2450888 -0.1303606 -0.2471717 0 -0.0438811 -0.06585078 -0.1686535 -0.01141905 -0.04070904 0.104127 -0.4255654 0.6049078 0.1129958 -0.1293966 -0.1274938 -0.1684986 0.2407975 -0.189974 0.2894417 0 -0.1085326 0 -0.009359101 0.2603586 0.0002725234 0.4623884 0.1729091 -0.2454364 -0.1624336 -0.1171625 -0.1693034 0.1550112 0.04932957 0.2407975 0.2407975 -0.1625929 -0.1059766 -0.1712204 -0.001435033 0.1372447 0 -0.162107 -0.05720659 0.03083564 -0.143522 -0.0438811 -0.1347733 0.04932957 0 0 -0.06824954 0.5715021 0 -0.1455717 -0.189974 0.2407975 -0.01998391 0 0.0205771 -0.07413498 -0.1900473 -0.189974 -0.145523 -0.145523 0.2866734 0.1752237 0.2395532 0 -0.07426497 0.02959116 -0.08208936 0 -0.147278 -0.1450098 0.2637321 0.1153795 -0.1049382 -0.3959749 -0.09855372 0.5709863 -0.1316291 0.0205771 -0.1470133 -0.2455884 0 -0.145523 0 0.1428846 -0.145523 -0.145523 -0.1584306 -0.1304302 -0.0245049 -0.2756773 -0.1120311 0 -0.1358183 -0.1770911 -0.2114535 -0.02746202
0.29897 -0.07841048 -0.01641156 -0.03597921 -0.01978825 -0.01368965 -0.01494222 0 -0.07687986 -0.01368965 -0.03006014 0 0 -0.01599246 -0.05991289 -0.04587168 -0.05848253 1.01 -0.08304787 0 -0.05885878 -0.02076715 -0.01234018 -0.01641156 -0.01743861 -0.06277229 -0.01432023 0 -0.06622701 -0.01432023 -0.01866194 -0.03128704 0 -0.03459322 -0.01697196 0 -0.04876984 -0.02098071 0 -0.02850096 0.06032494 -0.03362129 -0.04299125 -0.01460657 -0.04589649 -0.04553882 -0.04213989 -0.03845326 -0.01326567 -0.03845326 -0.02750256 -0.03845326 0 -0.029937 -0.01355189 -0.0306946 0 -0.005783078 -0.02481476 -0.03925529 -4.665004e-19 -0.01806012 -0.01892471 0.1276843 -0.02945154 -0.01542035 -0.02850096 -0.02100866 -0.03928284 -0.02222523 -0.03009733 -0.02475877 0 -0.01620643 0 0.8720133 0.04833443 -0.02244982 -0.02496461 -0.01307211 -0.029937 -0.03848122 -0.01826395 -0.02717501 -0.01634195 0.07252939 -0.02222523 -0.02222523 -0.03845326 -0.02079863 -0.03749435 -0.01855575 -0.02732972 0 -0.0360755 0.2501197 -0.01267914 -0.03128704 -0.005783078 -0.03367161 0.07252939 0 0 -0.006527399 -0.03228624 0 -0.036652 -0.03009733 -0.02222523 -0.0213113 0 0.7458722 -0.0176006 -0.02813742 -0.03009733 -0.0358294 -0.0358294 -0.02512478 0.03386065 -0.02231048 0 -0.01234018 0.1380452 -0.01326567 0 -0.03619353 -0.03585745 0.04797691 -0.01778845 -0.01834613 -0.05783032 -0.02732732 -0.03218551 -0.005398283 0.7458722 -0.03612848 -0.02990867 0 -0.0358294 0 0.08581611 -0.0358294 -0.0358294 -0.03172394 -0.02929914 0.7910875 -0.04556321 -0.01432023 0 -0.03154704 -0.01702598 -0.03718517 -0.01950983
-0.01629864 0.4366235 -0.1278781 -0.360459 0.1930764 0.09929859 -0.1416944 0 0.4310333 0.09929859 -0.2354061 0 0 0.1016241 0.06601457 0.4263231 0.7090481 -0.08304787 1.01 0 0.02987915 0.1098701 0.1187791 -0.1278781 -0.1160459 0.03485605 -0.138685 0 0.422322 -0.138685 -0.1209488 -0.1864626 0 -0.3463841 -0.1319056 0 0.4023069 0.1598028 0 -0.1764148 0.4464202 0.2908485 0.02641798 -0.1029235 0.4265954 -0.1037827 -0.120062 -0.2326315 -0.1074714 -0.2326315 -0.1327958 -0.2326315 0 -0.3147252 -0.1626991 -0.3175332 0 -0.07001348 -0.1120143 -0.2436987 -0.04601106 0.1196653 0.07617365 -0.0424486 0.4562615 0.08080897 -0.1764148 -0.1654799 -0.2436223 0.1907173 -0.2418287 0.2409547 0 -0.1396471 0 -0.03957556 0.3522797 -0.04162989 0.3469631 0.1227966 -0.3143957 -0.2325528 -0.1174787 -0.2132871 0.08450821 0.1893305 0.1907173 0.1907173 -0.2326315 -0.1369355 -0.2081439 -0.04927081 -0.01325306 0 -0.2332584 -0.1494034 0.005680888 -0.1864626 -0.07001348 -0.2075809 0.1893305 0 0 -0.0838239 0.4271604 0 -0.2243701 -0.2418287 0.1907173 -0.05173711 0 -0.063334 0.08211713 -0.242832 -0.2418287 -0.2226195 -0.2226195 0.2377802 0.2484823 0.1893004 0 0.1187791 -0.1978673 -0.1074714 0 -0.2251878 -0.2222028 0.3564869 0.0876999 -0.140438 0.1162634 -0.1321987 0.426641 -0.1585301 -0.063334 -0.2244372 -0.3148009 0 -0.2226195 0 0.3222258 -0.2226195 -0.2226195 -0.2418388 -0.1662646 -0.05614904 0.4255096 -0.138685 0 -0.2146615 -0.226377 0.3314925 -0.06622938
0 0 0 0 0 0 0 0 0 0 0 0 0 0 0 0 0 0 0 1.01 0 0 0 0 0 0 0 0 0 0 0 0 0 0 0 0 0 0 0 0 0 0 0 0 0 0 0 0 0 0 0 0 0 0 0 0 0 0 0 0 0 0 0 0 0 0 0 0 0 0 0 0 0 0 0 0 0 0 0 0 0 0 0 0 0 0 0 0 0 0 0 0 0 0 0 0 0 0 0 0 0 0 0 0 0 0 0 0 0 0 0 0 0 0 0 0 0 0 0 0 0 0 0 0 0 0 0 0 0 0 0 0 0 0 0 0 0 0 0 0 0 0 0 0 0 0 0 0 0 0 0 0 0
0.01817583 0.582786 0.2454862 0.6282256 0.2959679 -0.06151156 -0.08357638 0 0.5872385 -0.06151156 -0.1373986 0 0 0.1295088 0.9459418 -0.2161523 0.2212373 -0.05885878 0.02987915 0 1.01 -0.06111394 -0.0536492 0.2463646 0.2289271 0.9834768 -0.08164864 0 0.6325753 -0.08164864 0.2157916 -0.1103815 0 0.6614009 -0.09256115 0 -0.2214659 0.2527842 0 -0.1016307 0.2332892 0.5060962 0.08462001 0.165707 -0.2162952 0.01498045 0.004797937 -0.1671865 0.1998794 -0.1671865 -0.09331855 -0.1671865 0 0.6011218 -0.09123058 0.5949618 0 0.1239208 -0.1231439 -0.1724261 0.007515354 -0.06735335 0.1357444 0.08199423 -0.2434683 -0.06277287 -0.1016307 -0.1038813 -0.1725898 0.3066747 -0.1416879 0.387149 0 -0.09066149 0 -0.003807388 0.2422957 -0.06485731 -0.1784734 0.009729267 0.6007354 -0.1669291 -0.09677509 -0.1284734 0.156654 -0.08595219 0.3066747 0.3066747 -0.1671865 0.2736424 -0.1713557 -0.08495452 0.2506532 0 -0.1684704 -0.1833293 0.1042012 -0.1103815 0.1239208 -0.1727564 -0.08595219 0 0 0.1525962 -0.2454037 0 -0.1823926 -0.1416879 0.3066747 -0.06766439 0 -0.02510785 -0.04616554 -0.1428339 -0.1416879 -0.1788494 -0.1788494 0.3893778 0.1787853 0.3062111 0 -0.0536492 0.003623506 0.1998794 0 -0.1801283 -0.1781958 0.2277178 0.1546918 -0.08349129 0.2551079 -0.091836 -0.2464388 -0.1007125 -0.02510785 -0.1741244 0.6006304 0 -0.1788494 0 0.03762153 -0.1788494 -0.1788494 -0.1879943 -0.1031723 -0.01707938 -0.216053 -0.08164864 0 -0.1813073 0.4365981 -0.1728363 -0.1024835
-0.02155483 -0.09928277 0.0008626417 -0.04216099 -0.02114277 -0.009109882 -0.009828268 0 -0.09674713 -0.009109882 -0.0171937 0 0 -0.02136195 -0.06581184 0.2619822 -0.07189557 -0.02076715 0.1098701 0 -0.06111394 1.01 -0.008600878 0.0008626417 0.001396891 -0.06142976 -0.009123246 0 -0.08991831 -0.009123246 -0.0005034946 -0.02775053 0 -0.03771469 0.005067752 0 0.2567434 -0.01839785 0 -0.03531064 0.05893592 -0.030146 -0.03786526 0.001660731 0.2619257 -0.03260363 -0.03585042 -0.02474727 -0.005154179 -0.02474727 -0.01871742 -0.02474727 0 -0.04088235 -0.008802645 -0.04160558 0 -0.006352645 -0.01718422 -0.02775627 -0.0233963 0.9050599 -0.01945411 0.1357695 -0.0402041 -0.01121155 -0.03531064 -0.005274141 -0.02778714 -0.02054566 -0.01725435 -0.02885719 0 0.002843104 0 -0.01523594 0.0460611 -0.01602403 -0.0295984 -0.02588018 -0.04088235 -0.02477924 -0.0001405633 -0.01243452 -0.03316764 0.07490054 -0.02054566 -0.02054566 -0.02474727 -0.02521319 -0.02779695 -0.01976781 -0.02469157 0 -0.02585875 -0.03641865 -0.01807549 -0.02775053 -0.006352645 -0.02549502 0.07490054 0 0 -0.01827896 -0.03895913 0 -0.02733842 -0.01725435 -0.02054566 -0.0187644 0 -0.02052984 -0.01248847 -0.01748345 -0.01725435 -0.02812082 -0.02812082 -0.02921732 0.03982004 -0.02063698 0 -0.008600878 -0.0700807 -0.005154179 0 -0.0285167 -0.02815132 0.04579786 -0.01828607 -0.02986675 0.1815993 -0.0184582 -0.03885699 -0.007138854 -0.02052984 -0.02846545 -0.04085484 0 -0.02812082 0 0.08868542 -0.02812082 -0.02812082 -0.03286436 -0.03602772 -0.01436282 0.263001 -0.009123246 0 -0.02913126 -0.02768623 0.3403528 -0.01263501
-0.01340497 -0.1013972 -0.02282001 -0.04482687 -0.0039615 -0.00547208 -0.01540409 0 -0.09976601 -0.00547208 -0.02510808 0 0 -0.01345273 -0.05779758 0.2736126 -0.07426497 -0.01234018 0.1187791 0 -0.0536492 -0.008600878 1.01 -0.02282001 -0.01995606 -0.05274177 -0.01472594 0 -0.09431179 -0.01472594 -0.02123474 -0.01856575 0 -0.04307061 -0.01071675 0 0.2664178 -0.01683815 0 -0.02396132 0.05820284 -0.02331864 -0.01933955 -0.01290212 0.2735535 -0.03336405 -0.03386594 -0.03609259 -0.01132487 -0.03609259 -0.01457948 -0.03609259 0 -0.03620679 -0.02614786 -0.03700105 0 -0.01442532 -0.02055159 -0.03734281 -0.01177995 -0.007473851 -0.01057947 0.1501497 -0.05226119 0.001460157 -0.02396132 -0.01110017 -0.03737348 -0.003099699 -0.02516004 -0.0136296 0 -0.009770345 0 -0.01674799 0.04925343 -0.01389023 -0.03779337 -0.01959252 -0.03620679 -0.03612386 -0.01232887 -0.02049069 -0.03744633 0.05964467 -0.003099699 -0.003099699 -0.03609259 -0.01442069 -0.03736505 -0.02487083 -0.03767512 0 -0.03546456 -0.0395807 -0.006310349 -0.01856575 -0.01442532 -0.03850317 0.05964467 0 0 -0.019153 -0.05079896 0 -0.03863814 -0.02516004 -0.003099699 -0.01048277 0 -0.02218476 -0.008230038 -0.02538504 -0.02516004 -0.03937448 -0.03937448 -0.01408554 0.03424124 -0.003224973 0 1 -0.07698044 -0.01132487 0 -0.03976475 -0.03940454 0.05040531 -0.008792241 -0.01798032 0.1942905 -0.01426621 -0.05069435 -0.02116657 -0.02218476 -0.03969328 -0.03617691 0 -0.03937448 0 0.08063205 -0.03937448 -0.03937448 -0.04237929 -0.02493698 -0.01989139 0.2746781 -0.01472594 0 -0.04035026 -0.02505604 -0.03170198 -0.01550837
-0.006744061 0.1464179 0.9971946 0.3481685 -0.0119874 -0.02214739 -0.02834036 0 0.1465273 -0.02214739 -0.03084295 0 0 -0.007085807 0.2382641 -0.06343184 0.08716219 -0.01641156 -0.1278781 0 0.2463646 0.0008626417 -0.02282001 1.01 0.9231079 0.2493522 -0.02758052 0 0.1571193 -0.02758052 0.8928473 -0.02462998 0 0.3628638 -0.0241888 0 -0.06417666 -0.0142791 0 -0.01682338 -0.07365774 -0.03034419 -0.02796423 0.7187891 -0.06346581 -0.04152298 -0.04356552 -0.03928433 -0.01366032 -0.03928433 -0.01498455 -0.03928433 0 -0.05008729 -0.01398051 -0.05107657 0 0.480699 -0.03889463 -0.03785502 -0.0108561 -0.0006730064 -0.01028062 -0.1140241 -0.06488609 -0.02430147 -0.01682338 -0.02924625 -0.03789603 -0.01323706 -0.03091093 -0.02440086 0 -0.02315372 0 -0.01863448 0.0578319 -0.03490875 -0.04057227 -0.01046907 -0.05008729 -0.0393256 -0.02593391 -0.02629718 -0.03710073 -0.04384181 -0.01323706 -0.01323706 -0.03928433 -0.01976495 -0.04186538 -0.02149503 0.2607836 0 -0.03843299 -0.06156162 -0.02322405 -0.02462998 0.480699 -0.04024521 -0.04384181 0 0 -0.0243846 -0.05754042 0 -0.04049367 -0.03091093 -0.01323706 -0.01485459 0 -0.02025814 -0.01556285 -0.03119978 -0.03091093 -0.04059765 -0.04059765 -0.02494799 0.04941279 -0.01338163 0 -0.02282001 0.07944159 -0.01366032 0 -0.04111813 -0.04063776 0.003794517 -0.007822019 -0.007920933 -0.08704897 -0.0145561 -0.0574055 -0.02376145 -0.02025814 -0.04104424 -0.05004989 0 -0.04059765 0 -0.01421147 -0.04059765 -0.04059765 -0.04180669 -0.01621331 -0.02287276 -0.06410826 -0.02758052 0 -0.04191979 -0.03723255 -0.04285354 -0.03534299
-0.006756636 0.1373881 0.9200854 0.3242467 -0.01272497 -0.01980185 -0.02649561 0 0.1379508 -0.01980185 -0.02963839 0 0 -0.003212358 0.2214307 -0.05878152 0.1107808 -0.01743861 -0.1160459 0 0.2289271 0.001396891 -0.01995606 0.9231079 1.01 0.2318242 -0.02579913 0 0.1481918 -0.02579913 0.9644517 -0.02179888 0 0.3373583 -0.0277587 0 -0.06011899 -0.009364306 0 -0.01939581 -0.03182106 -0.02992426 -0.02487179 0.7758764 -0.05881282 -0.03859061 -0.04010607 -0.0353404 -0.01363329 -0.0353404 -0.01225727 -0.0353404 0 -0.04347899 -0.01574726 -0.04440625 0 0.5207584 -0.03639374 -0.03322297 -0.006853382 0.0004531888 -0.007049396 -0.1052829 -0.05809893 -0.02182894 -0.01939581 -0.03097513 -0.03326113 -0.0142493 -0.02969913 -0.02078731 0 -0.0268919 0 -0.018694 0.05586471 -0.03154929 -0.03481604 -0.005922231 -0.04347899 -0.03537866 -0.02920923 -0.02476125 -0.03415703 -0.007294577 -0.0142493 -0.0142493 -0.0353404 -0.01471372 -0.03753982 -0.01905464 0.2868359 0 -0.03602032 -0.05755942 -0.024083 -0.02179888 0.5207584 -0.03623176 -0.007294577 0 0 -0.02248839 -0.05142605 0 -0.03549481 -0.02969913 -0.0142493 -0.009927111 0 -0.02215622 -0.01302227 -0.02996299 -0.02969913 -0.03577951 -0.03577951 -0.02130002 0.04813641 -0.01437936 0 -0.01995606 0.1001786 -0.01363329 0 -0.03626363 -0.03581682 0.05723288 -0.004642268 -0.008083809 -0.07870826 -0.01184921 -0.05130122 -0.02290392 -0.02215622 -0.03619846 -0.04344406 0 -0.03577951 0 0.01568815 -0.03577951 -0.03577951 -0.03618735 -0.01844248 -0.02247011 -0.0595764 -0.02579913 0 -0.03701275 -0.03305633 -0.0390586 -0.03257595
0.01465303 0.571231 0.2484711 0.6065653 0.2971705 -0.06075967 -0.08459676 0 0.5756039 -0.06075967 -0.1374044 0 0 0.129801 0.9299695 -0.2133052 0.2252274 -0.06277229 0.03485605 0 0.9834768 -0.06142976 -0.05274177 0.2493522 0.2318242 1.01 -0.08271159 0 0.6201106 -0.08271159 0.2186643 -0.1110587 0 0.6384937 -0.09133663 0 -0.2188553 0.2540834 0 -0.1001167 0.2193486 0.5090611 0.0852063 0.1683882 -0.2134474 0.01627608 0.005492489 -0.1664319 0.2015885 -0.1664319 -0.09364381 -0.1664319 0 0.5752769 -0.09064842 0.5692956 0 0.1231726 -0.1235996 -0.1711299 0.009722247 -0.0675041 0.1370849 0.0668147 -0.242295 -0.06195694 -0.1001167 -0.1024435 -0.1712927 0.3078721 -0.1422085 0.3859455 0 -0.08945806 0 -0.006826795 0.2286255 -0.06505412 -0.1768901 0.01099617 0.5748893 -0.1661722 -0.09551934 -0.1283873 0.1584551 -0.09741953 0.3078721 0.3078721 -0.1664319 0.2759898 -0.1704698 -0.08366363 0.2544225 0 -0.1681804 -0.18374 0.1066887 -0.1110587 0.1231726 -0.1728298 -0.09741953 0 0 0.1539315 -0.2439139 0 -0.1818079 -0.1422085 0.3078721 -0.06816178 0 -0.02830407 -0.04678625 -0.143345 -0.1422085 -0.1782991 -0.1782991 0.3882161 0.1626593 0.3074125 0 -0.05274177 0.006469427 0.2015885 0 -0.17997 -0.1776421 0.214048 0.1547326 -0.083151 0.2389481 -0.09217693 -0.2449569 -0.09998785 -0.02830407 -0.1735423 0.574778 0 -0.1782991 0 0.02643976 -0.1782991 -0.1782991 -0.1868425 -0.1016309 -0.0206101 -0.2132178 -0.08271159 0 -0.180714 0.399283 -0.170383 -0.102996
-0.02565512 -0.1399514 -0.02758052 -0.05327987 -0.03354027 -0.01503478 0.9870638 0 -0.136961 -0.01503478 -0.04312614 0 0 -0.02238683 -0.08289782 -0.05495957 -0.1120311 -0.01432023 -0.138685 0 -0.08164864 -0.009123246 -0.01472594 -0.02758052 -0.02579913 -0.08271159 1.01 0 -0.1324775 1 -0.02770574 -0.04008286 0 -0.05043571 -0.02669384 0 -0.05687662 -0.01927084 0 -0.02297498 0.07310278 -0.04247758 -0.05604286 -0.02427898 -0.05499915 -0.06475453 -0.06718315 -0.05163608 -0.01927452 -0.05163608 -0.02311786 -0.05163608 0 -0.04095579 -0.02275062 -0.04323025 0 -0.01049673 0.7031871 -0.05576469 -0.0198851 -0.01079233 -0.02208071 0.2122318 -0.06964414 -0.01142918 -0.02297498 -0.02183783 -0.05580781 -0.03666907 -0.043188 -0.0357168 0 -0.02553107 0 -0.01514657 0.06393708 0.8023822 -0.04962696 -0.02795551 -0.04204762 -0.05168054 -0.02865494 -0.03575497 -0.04765114 0.09599231 -0.03666907 -0.03666907 -0.05163608 -0.02292511 -0.05345527 -0.02482399 -0.04799451 0 -0.05074425 0.3894857 -0.01221506 -0.04008286 -0.01049673 -0.05266522 0.09599231 0 0 -0.01983989 -0.06736588 0 -0.05870623 -0.043188 -0.03666907 -0.02705604 0 -0.02159679 -0.0004342685 -0.04349258 -0.043188 -0.05746294 -0.05746294 -0.03628854 0.04789571 -0.03280875 0 -0.01472594 0.2013071 -0.01927452 0 -0.05686641 -0.05750547 0.06469859 -0.0199404 -0.02100684 -0.07435376 -0.02047786 -0.06721579 -0.03027918 -0.02159679 -0.05791065 -0.04200357 0 -0.05746294 0 0.1243854 -0.05746294 -0.05746294 -0.05948731 -0.02270811 -0.01771899 -0.05542345 1 0 -0.05541477 -0.02306723 -0.03832253 0.8485202
0 0 0 0 0 0 0 0 0 0 0 0 0 0 0 0 0 0 0 0 0 0 0 0 0 0 0 1.01 0 0 0 0 0 0 0 0 0 0 0 0 0 0 0 0 0 0 0 0 0 0 0 0 0 0 0 0 0 0 0 0 0 0 0 0 0 0 0 0 0 0 0 0 0 0 0 0 0 0 0 0 0 0 0 0 0 0 0 0 0 0 0 0 0 0 0 0 0 0 0 0 0 0 0 0 0 0 0 0 0 0 0 0 0 0 0 0 0 0 0 0 0 0 0 0 0 0 0 0 0 0 0 0 0 0 0 0 0 0 0 0 0 0 0 0 0 0 0 0 0 0 0 0 0
-0.009872962 0.9290023 0.1556117 0.3829871 0.1840239 -0.09181757 -0.1353064 0 0.9406534 -0.09181757 -0.2222015 0 0 0.1193165 0.6316953 -0.3516917 0.7206081 -0.06622701 0.422322 0 0.6325753 -0.08991831 -0.09431179 0.1571193 0.1481918 0.6201106 -0.1324775 0 1.01 -0.1324775 0.1350885 -0.1784044 0 0.4170734 -0.1265622 0 -0.3595868 0.1629216 0 -0.160845 0.3911416 0.3212494 0.04092646 0.09863523 -0.3516233 -0.08183824 -0.09639494 -0.2107 0.1277314 -0.2107 -0.134601 -0.2107 0 0.3781056 -0.1552665 0.371461 0 0.08062413 -0.190675 -0.217596 -0.03906048 -0.06225242 0.08134263 -0.1808629 0.4920065 -0.09399636 -0.160845 -0.1531847 -0.217512 0.195765 -0.2264967 0.2457042 0 -0.1346262 0 -0.02618077 0.3432544 -0.1333549 0.3658944 0.1406918 0.3777741 -0.2106129 -0.1453747 -0.2012932 0.07036693 0.138873 0.195765 0.195765 -0.2107 0.1701006 -0.2201298 -0.0285907 0.08767882 0 -0.2085145 -0.2057856 0.08174964 -0.1784044 0.08062413 -0.1845895 0.138873 0 0 0.09216761 0.4670134 0 -0.1996081 -0.2264967 0.195765 -0.1202203 0 -0.05323251 -0.08382301 -0.2274497 -0.2264967 -0.1976987 -0.1976987 0.2470215 0.2374431 0.1949816 0 -0.09431179 -0.158171 0.1277314 0 -0.199489 -0.1972719 0.3329853 0.09686771 -0.1323573 -0.01156037 -0.1328077 0.4667324 -0.1624274 -0.05323251 -0.194256 0.3777972 0 -0.1976987 0 0.2596138 -0.1976987 -0.1976987 -0.2150553 -0.1627956 -0.04414371 -0.3505945 -0.1324775 0 -0.1898224 0.2770636 -0.273141 -0.1620559
-0.02565512 -0.1399514 -0.02758052 -0.05327987 -0.03354027 -0.01503478 0.9870638 0 -0.136961 -0.01503478 -0.04312614 0 0 -0.02238683 -0.08289782 -0.05495957 -0.1120311 -0.01432023 -0.138685 0 -0.08164864 -0.009123246 -0.01472594 -0.02758052 -0.02579913 -0.08271159 1 0 -0.1324775 1.01 -0.02770574 -0.04008286 0 -0.05043571 -0.02669384 0 -0.05687662 -0.01927084 0 -0.02297498 0.07310278 -0.04247758 -0.05604286 -0.02427898 -0.05499915 -0.06475453 -0.06718315 -0.05163608 -0.01927452 -0.05163608 -0.02311786 -0.05163608 0 -0.04095579 -0.02275062 -0.04323025 0 -0.01049673 0.7031871 -0.05576469 -0.0198851 -0.01079233 -0.02208071 0.2122318 -0.06964414 -0.01142918 -0.02297498 -0.02183783 -0.05580781 -0.03666907 -0.043188 -0.0357168 0 -0.02553107 0 -0.01514657 0.06393708 0.8023822 -0.04962696 -0.02795551 -0.04204762 -0.05168054 -0.02865494 -0.03575497 -0.04765114 0.09599231 -0.03666907 -0.03666907 -0.05163608 -0.02292511 -0.05345527 -0.02482399 -0.04799451 0 -0.05074425 0.3894857 -0.01221506 -0.04008286 -0.01049673 -0.05266522 0.09599231 0 0 -0.01983989 -0.06736588 0 -0.05870623 -0.043188 -0.03666907 -0.02705604 0 -0.02159679 -0.0004342685 -0.04349258 -0.043188 -0.05746294 -0.05746294 -0.03628854 0.04789571 -0.03280875 0 -0.01472594 0.2013071 -0.01927452 0 -0.05686641 -0.05750547 0.06469859 -0.0199404 -0.02100684 -0.07435376 -0.02047786 -0.06721579 -0.03027918 -0.02159679 -0.05791065 -0.04200357 0 -0.05746294 0 0.1243854 -0.05746294 -0.05746294 -0.05948731 -0.02270811 -0.01771899 -0.05542345 1 0 -0.05541477 -0.02306723 -0.03832253 0.8485202
