1.01 0 -0.106689 -0.01914201 -0.01927193 0 -0.01967369 0 0.2897799 -0.0211434 -0.004962831 0.1747014 -0.05729195 -0.0541573 -0.003878923 -0.0249865 0 0 -0.02056055 -0.02033139 -0.01131887 -0.05676515 0 -0.06619675 -0.05690802 -0.02220445 -0.02050141 0.2911326 -0.01420424 -0.04077051 0 -0.0249865 0.4272076 0.4272076 -0.01100263 0 -0.01420424 0.1742498 -0.01013338 -0.06021252 -0.003878923 0.2818665 0.4272076 -0.02490108 0 0.595367 -0.01984925 0.1746255 -0.0204381 -0.05575819 -0.00477092 0.00211966 0.00211966 -0.02308849 -0.05622802 -0.1028973 -0.02497243 -0.0162781 -0.03394082 0 -0.0207057 0 0 -0.03673698 -0.0204381 0.002246132 0.1758164 0 -0.02961942 0.931604 0 0 -0.01914201 -0.0204573 0.06424883 0 -0.02225416 -0.04230123 0.1752309 -0.02064858 -0.0193117 0.06410065 0.1723828 -0.02567542 0 0.005636901 0.1723828 -0.02338565 0.4263582 -0.006958277 0.005204481 -0.01742887 0 0.6089879 0 0 -0.01624097 0 0.1202533 -0.008238619 -0.03375902 0 -0.03354328 -0.04270356 -0.02129944 -0.01405424 -0.04570818 -0.01695699 0 -0.02194138 -0.01450151 -0.02194138 -0.02940946 -0.07305025 0 0 -0.07853665 -0.07170978 0.07196497 0 -0.04525061 0 0 0.2346243 -0.05032697 -0.06889562 0.1062388 -0.02126905 -0.01953504 -0.04812434 -0.06263931 -0.04301535 -0.01605299 -0.004858345 -0.01766479 -0.02287462 -0.01441717 -0.04620366 -0.01666865 0.998181 -0.02955205 -0.02067585 -0.02639255 0.0716628 -0.008131601 0 -0.02596509 -0.02037573 0.06597955 -0.05038372 -0.02063754 -0.04746217 -0.04736049 0.6278116 0.08584077 -0.01769321 -0.02472417 0.05933008 -0.05407158 -0.02135781 -0.05407158 -0.04909803 0.1209484 0.1269726 -0.03986542 0 -0.04318487 -0.04255877 0.1932421 0 0 0 0 -0.0495092 0 -0.05324408 -0.04351509 -0.2285641 0 0 -0.05434379 0.04615681 0.07734601
0 1.01 0 0 0 0 0 0 0 0 0 0 0 0 0 0 0 0 0 0 0 0 0 0 0 0 0 0 0 0 0 0 0 0 0 0 0 0 0 0 0 0 0 0 0 0 0 0 0 0 0 0 0 0 0 0 0 0 0 0 0 0 0 0 0 0 0 0 0 0 0 0 0 0 0 0 0 0 0 0 0 0 0 0 0 0 0 0 0 0 0 0 0 0 0 0 0 0 0 0 0 0 0 0 0 0 0 0 0 0 0 0 0 0 0 0 0 0 0 0 0 0 0 0 0 0 0 0 0 0 0 0 0 0 0 0 0 0 0 0 0 0 0 0 0 0 0 0 0 0 0 0 0 0 0 0 0 0 0 0 0 0 0 0 0 0 0 0 0 0 0 0 0 0 0 0 0 0 0 0 0 0 0
-0.106689 0 1.01 -0.1394781 -0.09298613 0 -0.09418348 0 -0.3394056 -0.1458824 -0.08789955 -0.5592115 -0.3618401 -0.3456187 -0.07382098 -0.1246685 0 0 -0.2002735 -0.08328757 -0.06785992 -0.3582952 0 0.5345342 -0.3620841 -0.1623301 -0.0863454 -0.3312661 -0.1031605 -0.2543319 0 -0.1246685 -0.2280266 -0.2280266 -0.03671168 0 -0.1031605 -0.5598768 -0.05662343 -0.3717567 -0.07382098 -0.3451933 -0.2280266 -0.09744549 0 -0.1544793 -0.1504216 -0.5594593 -0.07468697 -0.3590351 -0.07751275 -0.08329383 -0.08329383 -0.1944823 -0.3544488 0.9628455 -0.2379227 -0.1535225 0.07696621 0 -0.1479841 0 0 -0.1988269 -0.07468697 -0.08271931 -0.5402791 0 -0.1676959 -0.1148489 0 0 -0.1394781 -0.1516131 0.3683612 0 -0.1450974 -0.2330442 -0.5434389 -0.07541693 -0.1533362 0.3679027 -0.5529805 0.249591 0 -0.08098802 -0.5529805 -0.152154 -0.2248943 -0.1028508 -0.07945361 0.1105314 0 -0.1476393 0 0 -0.131078 0 0.7007574 -0.0634312 -0.208601 0 -0.223719 -0.2063171 0.1414809 -0.08001638 -0.2245467 -0.1165469 0 -0.08314268 -0.1410474 -0.08314268 -0.1190529 -0.4005793 0 0 -0.4334976 0.6466132 0.4073209 0 -0.2557314 0 0 -0.4197824 -0.264646 -0.3407133 0.5833716 -0.0583386 -0.08566548 -0.2099385 -0.2896373 -0.2080418 -0.1495658 -0.08735233 -0.1574917 -0.04011246 -0.07649669 -0.1152585 -0.1245218 -0.1071002 -0.1787311 -0.1477707 -0.1352232 0.2726451 -0.0639039 0 -0.1535032 -0.05533349 0.3241342 -0.1403791 -0.1291816 -0.117894 -0.117696 -0.1619171 0.1056245 -0.1575931 -0.1092653 0.3231495 -0.1586308 -0.06343657 -0.1586308 -0.1290382 0.580355 0.6093161 -0.06796398 0 -0.2370788 -0.07442379 0.2966213 0 0 0 0 -0.1449393 0 -0.1094182 0.03456566 0.1408604 0 0 0.0202382 0.0457712 -0.02832901
-0.01914201 0 -0.1394781 1.01 -0.02640551 0 -0.02700557 0 0.4077654 -0.02590891 -0.01720778 0.2375726 -0.08987241 -0.08443724 -0.01002896 -0.0183645 0 0 0.04331976 -0.02564949 -0.002601192 -0.08828998 0 -0.09183039 -0.05998411 -0.04026075 -0.02264398 0.4157915 -0.03285771 -0.06228122 0 -0.0183645 -0.05854351 -0.05854351 0.003341706 0 -0.03285771 0.2369242 -0.01085428 -0.09106151 -0.01002896 0.3963946 -0.05854351 -0.03341997 0 -0.03953279 -0.02789461 0.2374645 -0.01553911 -0.08844819 -0.02072139 -0.007699077 -0.007699077 -0.04565148 -0.08910758 -0.1363124 -0.05020099 0.906926 -0.05539539 0 -0.04305219 0 0 -0.0541519 -0.01553911 -0.007541454 0.2366474 0 -0.04627785 -0.0186945 0 0 1 -0.04556652 0.07792259 0 -0.02790768 -0.06254742 0.2351486 -0.01594341 -0.04691383 0.07769949 0.231602 -0.04645425 0 -0.00334061 0.231602 -0.03746048 -0.0455164 -0.02676373 -0.003873658 -0.0177846 0 -0.03530404 0 0 -0.04519551 0 -0.1624834 -0.00977923 0.4573712 0 -0.07052816 -0.06708073 -0.02276851 -0.01308339 -0.07609206 -0.03375664 0 -0.01563434 0.9438146 -0.01563434 -0.03672256 -0.1120238 0 0 -0.1227448 -0.08450478 0.09991308 0 0.4068206 0 0 -0.06755819 0.3606017 0.2656171 -0.1720002 0.7616807 0.7979587 0.3815125 0.2880284 -0.06470203 -0.03023025 -0.01707781 -0.03543116 -0.01348918 -0.02161819 -0.06622712 -0.04736656 -0.01902597 -0.0527543 -0.03348545 -0.02155042 -0.2441952 -0.009617061 0 -0.02051621 0.7699151 -0.2834327 -0.07261772 -0.02441019 -0.06806872 -0.0679198 -0.03556913 -0.2309308 -0.03545459 -0.03748705 0.08506293 -0.07817976 0.7398472 -0.07817976 -0.08005817 -0.1540247 -0.1528239 -0.05481224 0 -0.0724876 -0.03115238 -0.09022949 0 0 0 0 -0.08214876 0 -0.05120304 0.287242 -0.11714 0 0 -0.04581328 0.03394232 0.0993134
-0.01927193 0 -0.09298613 -0.02640551 1.01 0 0.9902601 0 -0.06364635 -0.01925451 -0.01850377 0.1589969 0.2576676 0.2714834 -0.01365106 -0.02431601 0 0 -0.03475189 0.9746169 -0.01273533 0.2614131 0 -0.05588458 0.2590812 0.5954564 -0.01823872 -0.06171859 -0.01024169 -0.0521522 0 -0.02431601 -0.04163536 -0.04163536 0.006379661 0 -0.01024169 0.1594048 -0.005000723 0.2505429 -0.01365106 -0.06701835 -0.04163536 -0.01932753 0 -0.03496741 -0.02493386 0.1597847 -0.02145452 0.2619384 -0.01927039 -0.02449243 -0.02449243 -0.03065533 0.2624945 -0.08979748 -0.03256928 -0.03235006 -0.03820825 0 -0.02125807 0 0 0.4868527 -0.02145452 -0.02442737 0.1635535 0 0.2637621 -0.02189575 0 0 -0.02640551 -0.02330546 0.05599616 0 -0.02285919 -0.0496441 0.1629161 -0.02166962 -0.02436897 0.05583819 0.1590789 -0.03257195 0 -0.02274524 0.1590789 -0.03640005 -0.04042261 -0.02959439 -0.02295313 -0.01628856 0 -0.03322172 0 0 -0.02914999 0 -0.1128001 -0.009641535 -0.05442454 0 -0.03991323 -0.05403738 -0.01451351 -0.01171409 -0.05592325 -0.01153192 0 -0.007779144 -0.02910546 -0.007779144 -0.02419169 0.1775033 0 0 0.1560115 -0.06126511 0.06734745 0 -0.06272399 0 0 0.224483 -0.06655174 0.1816018 -0.1149769 -0.03436242 -0.03292069 -0.0654597 -0.08707663 -0.05435187 -0.03419676 -0.01842551 -0.0310854 -0.02175979 -0.01560766 -0.06006323 0.4782102 -0.01919938 -0.02767338 0.6408705 0.4221715 0.08176393 -0.009534224 0 0.4306121 -0.03357063 0.06650215 0.2525531 -0.01810484 -0.05884762 -0.05875096 -0.03355662 0.08158469 -0.03109104 -0.02062038 0.05539857 0.2422651 -0.03432539 0.2422651 0.2638352 -0.1068247 -0.1016168 0.3204367 0 -0.038803 0.3125485 -0.031549 0 0 0 0 -0.02283589 0 0.09210963 0.05390229 0.02028538 0 0 -0.07358128 -0.05797694 -0.007168135
0 0 0 0 0 1.01 0 0 0 0 0 0 0 0 0 0 0 0 0 0 0 0 0 0 0 0 0 0 0 0 0 0 0 0 0 0 0 0 0 0 0 0 0 0 0 0 0 0 0 0 0 0 0 0 0 0 0 0 0 0 0 0 0 0 0 0 0 0 0 0 0 0 0 0 0 0 0 0 0 0 0 0 0 0 0 0 0 0 0 0 0 0 0 0 0 0 0 0 0 0 0 0 0 0 0 0 0 0 0 0 0 0 0 0 0 0 0 0 0 0 0 0 0 0 0 0 0 0 0 0 0 0 0 0 0 0 0 0 0 0 0 0 0 0 0 0 0 0 0 0 0 0 0 0 0 0 0 0 0 0 0 0 0 0 0 0 0 0 0 0 0 0 0 0 0 0 0 0 0 0 0 0 0
-0.01967369 0 -0.09418348 -0.02700557 0.9902601 0 1.01 0 -0.06402336 -0.01998199 -0.01884744 0.1608724 0.2603516 0.274332 -0.0140247 -0.02487309 0 0 -0.03564639 0.9650928 -0.01310503 0.2641359 0 -0.05748712 0.2617591 0.6011415 -0.01863484 -0.06204992 -0.01081229 -0.05199 0 -0.02487309 -0.04260755 -0.04260755 0.006099778 0 -0.01081229 0.1612675 -0.005285533 0.2531122 -0.0140247 -0.06743492 -0.04260755 -0.02013865 0 -0.03561347 -0.02360342 0.1616514 -0.02175437 0.2646459 -0.01955349 -0.02474591 -0.02474591 -0.03178652 0.2651662 -0.09094694 -0.03374297 -0.03298296 -0.03640207 0 -0.02198826 0 0 0.4910462 -0.02175437 -0.02468018 0.1653918 0 0.2602623 -0.02231092 0 0 -0.02700557 -0.02404237 0.05595402 0 -0.02146347 -0.04954099 0.1647307 -0.02197116 -0.02511098 0.05579413 0.1608535 -0.03329878 0 -0.02298064 0.1608535 -0.03510408 -0.03988142 -0.03001312 -0.02319068 -0.01680748 0 -0.03385611 0 0 -0.02999094 0 -0.114673 -0.009999355 -0.05436709 0 -0.03989357 -0.05396859 -0.01489248 -0.01212933 -0.05610784 -0.01220523 0 -0.008230304 -0.02968481 -0.008230304 -0.0224335 0.1805218 0 0 0.1585807 -0.06137631 0.06781701 0 -0.06294145 0 0 0.2265403 -0.0670751 0.1839328 -0.1171382 -0.03510256 -0.03362213 -0.06581034 -0.08731183 -0.05428682 -0.03480467 -0.01876871 -0.03177058 -0.02226194 -0.01593214 -0.06019193 0.4827596 -0.01960074 -0.02687512 0.6470362 0.425976 0.08153624 -0.009891673 0 0.4345242 -0.03430665 0.06681202 0.2493978 -0.01634895 -0.05901502 -0.05891698 -0.03415958 0.08251867 -0.03177561 -0.02134965 0.05537243 0.2390766 -0.0350936 0.2390766 0.2606564 -0.1086516 -0.1033299 0.3172841 0 -0.03885162 0.3094035 -0.03237986 0 0 0 0 -0.02092776 0 0.09148437 0.05884602 0.01558596 0 0 -0.07166044 -0.05631986 -0.0007821794
0 0 0 0 0 0 0 1.01 0 0 0 0 0 0 0 0 0 0 0 0 0 0 0 0 0 0 0 0 0 0 0 0 0 0 0 0 0 0 0 0 0 0 0 0 0 0 0 0 0 0 0 0 0 0 0 0 0 0 0 0 0 0 0 0 0 0 0 0 0 0 0 0 0 0 0 0 0 0 0 0 0 0 0 0 0 0 0 0 0 0 0 0 0 0 0 0 0 0 0 0 0 0 0 0 0 0 0 0 0 0 0 0 0 0 0 0 0 0 0 0 0 0 0 0 0 0 0 0 0 0 0 0 0 0 0 0 0 0 0 0 0 0 0 0 0 0 0 0 0 0 0 0 0 0 0 0 0 0 0 0 0 0 0 0 0 0 0 0 0 0 0 0 0 0 0 0 0 0 0 0 0 0 0
0.2897799 0 -0.3394056 0.4077654 -0.06364635 0 -0.06402336 0 1.01 -0.07689086 0.251647 0.5967331 -0.2047471 -0.1956728 0.2454355 -0.0674933 0 0 0.585625 -0.0631842 -0.04631541 -0.2021091 0 -0.2012838 -0.1841354 -0.09672345 0.2561902 0.9708786 0.3105579 -0.136177 0 -0.0674933 0.6573526 0.6573526 -0.003082431 0 0.3105579 0.5960136 -0.04052306 -0.1595406 0.2454355 0.9695964 0.6573526 -0.08174901 0 0.4567468 0.4653107 0.5932182 0.1272791 -0.1963182 0.2219546 -0.04307268 -0.04307268 -0.1103475 -0.1969271 -0.3275221 -0.007890609 0.4351582 0.07329119 0 0.4386311 0 0 -0.1138696 0.1272791 -0.04274327 0.5919268 0 -0.09529055 0.3104467 0 0 0.4077654 0.4510497 0.2201521 0 0.4486571 -0.1390543 0.5878466 0.1292101 0.4417308 0.2196153 0.5823938 -0.0910334 0 -0.0370302 0.5823938 -0.09516373 0.6432695 -0.06073995 -0.03810375 -0.05963703 0 0.4408762 0 0 0.1816579 0 -0.1916263 0.2147672 0.229616 0 0.05098577 -0.1257309 -0.04973946 -0.0505608 -0.05236129 -0.0690241 0 0.09678279 0.4120771 0.09678279 -0.08347485 0.02685628 0 0 0.09318547 -0.2214722 0.2013525 0 0.09084919 0 0 0.43595 0.0888824 0.2043867 -0.05697387 0.3058763 0.32551 0.06912762 0.1829426 -0.1259844 0.1864501 0.2499442 0.220441 -0.06181578 -0.03896949 -0.1405579 0.09698554 0.2906456 -0.1081491 0.06408731 0.129133 0.05062216 0.2128255 0 0.1377852 0.3110806 0.001404553 -0.1562277 0.3690958 -0.1448891 -0.1445024 0.4508727 0.05093148 0.2205218 -0.07687825 0.1453112 -0.0877528 0.3333787 -0.0877528 -0.06982444 -0.1689618 -0.1543267 -0.05273335 0 -0.1500314 -0.03013511 -0.08741874 0 0 0 0 -0.08896452 0 0.1768823 0.1503173 -0.1912234 0 0 -0.1087961 0.02653813 0.02071877
-0.0211434 0 -0.1458824 -0.02590891 -0.01925451 0 -0.01998199 0 -0.07689086 1.01 -0.01304554 -0.1288958 -0.08413494 -0.08268971 -0.02779664 0.5179886 0 0 -0.0517717 -0.02116969 -0.02658088 -0.08225453 0 -0.08127836 -0.08135231 -0.02650024 -0.01937973 -0.07904369 -0.02500487 -0.06507573 0 0.5179886 -0.05635919 -0.05635919 -0.005029988 0 -0.02500487 -0.1293832 0.2121316 -0.08620547 -0.02779664 -0.08079592 -0.05635919 -0.0351223 0 -0.03641276 -0.04129914 -0.1289571 -0.02208135 -0.08170947 -0.02682601 -0.003345936 -0.003345936 0.3220219 -0.08392062 -0.1432959 0.3047223 -0.02115512 -0.04485064 0 -0.03886861 0 0 -0.04019094 -0.02208135 -0.003164595 -0.1321341 0 -0.04064526 -0.0234478 0 0 -0.02590891 -0.04177693 -0.1090341 0 -0.03973688 -0.06654389 -0.0993338 -0.02247832 -0.04330875 -0.1093646 -0.1309286 -0.03018354 0 -0.007343656 -0.1309286 -0.04498809 -0.05366689 -0.03175573 -0.007884596 -0.02719519 0 -0.0348599 0 0 -0.04297152 0 0.02797545 -0.02554415 -0.0668554 0 -0.07127429 -0.06875611 -0.02630833 -0.0224494 -0.07805505 -0.03033615 0 -0.0118575 -0.02486395 -0.0118575 -0.03438546 -0.1187662 0 0 -0.134599 -0.1048694 -0.07221213 0 -0.07444212 0 0 0.1517928 -0.08725009 -0.1143498 -0.01221586 -0.04126569 -0.03551727 -0.08389215 -0.1071203 -0.07013111 -0.03870123 -0.007528165 -0.04115681 -0.03883891 -0.00473676 -0.07523953 -0.03528926 -0.02101982 -0.05617299 -0.02536965 -0.03881745 -0.05545922 -0.02541318 0 -0.03768608 -0.04268829 -0.07926632 -0.07940377 -0.03253058 -0.07635513 -0.07619801 -0.03164906 -0.035521 -0.04117621 -0.03192832 -0.1048493 -0.08266658 -0.04305735 -0.08266658 -0.07350387 0.03017509 0.03959378 -0.06295185 0 -0.07186498 -0.06342809 0.08637499 0 0 0 0 -0.08997026 0 -0.07685207 -0.08279996 0.04150084 0 0 0.1174851 0.02729447 -0.05226242
-0.004962831 0 -0.08789955 -0.01720778 -0.01850377 0 -0.01884744 0 0.251647 -0.01304554 1.01 0.1490916 -0.05196578 -0.05133005 0.001586919 -0.01886644 0 0 0.420251 -0.01941046 -0.02142211 -0.05050978 0 -0.04807612 -0.05036705 -0.02024555 -0.01219314 0.2567422 -0.02220671 -0.03905345 0 -0.01886644 0.3756493 0.3756493 -0.009763095 0 -0.02220671 0.1486941 -0.0145653 -0.05303699 0.001586919 0.2436833 0.3756493 -0.02370929 0 0.5277406 -0.02065849 0.1490251 -0.01239301 -0.05061057 -0.01006347 -0.01618103 -0.01618103 -0.02507372 -0.05102363 -0.08549236 -0.02583469 -0.02020453 -0.04349802 0 -0.02005686 0 0 -0.02429029 -0.01239301 -0.0161132 0.1462203 0 -0.02039939 -0.008004475 0 0 -0.01720778 -0.02176452 0.05612268 0 -0.02652442 -0.03880728 0.1449212 0.001479427 -0.02265722 0.05599078 0.1456848 -0.01908007 0 -0.01433692 0.1456848 -0.02840826 0.3689967 -0.02011798 -0.01455895 -0.004572017 0 0.5342267 0 0 -0.03131083 0 0.1152574 -0.009190598 -0.02826257 0 -0.03840489 -0.03847832 -0.01327228 -0.0140776 -0.03185191 -0.02206577 0 0.008542714 -0.01188463 0.008542714 -0.01449624 -0.0697666 0 0 -0.07987148 -0.0533361 0.06711809 0 -0.04019741 0 0 0.1995601 -0.040672 -0.06663603 0.1149556 -0.02073701 -0.0222354 -0.04428117 -0.06054343 -0.03721767 -0.02769373 0.9884092 -0.03043736 -0.01742054 -0.0007670286 -0.04258072 -0.02626249 -0.004880575 -0.02121557 -0.02002795 -0.02203594 0.07985869 -0.00910103 0 -0.02202521 -0.01996405 0.06902755 -0.04672166 -0.02205135 -0.04368337 -0.04359449 0.5481747 0.08492764 -0.0304353 -0.01430045 0.06475877 -0.04534965 -0.02028416 -0.04534965 -0.04199793 0.1206471 0.125236 -0.03739709 0 -0.03303488 -0.03975085 -0.05004554 0 0 0 0 -0.06039333 0 -0.04517193 -0.04165643 -0.005093876 0 0 -0.02503575 0.0098113 0.1236581
0.1747014 0 -0.5592115 0.2375726 0.1589969 0 0.1608724 0 0.5967331 -0.1288958 0.1490916 1.01 0.6538969 0.6261871 0.146404 -0.1182111 0 0 0.3497643 0.1510364 0.1401278 0.6471386 0 -0.2916027 0.6533093 0.2746177 0.156365 0.583533 0.1892278 0.4696839 0 -0.1182111 0.3952184 0.3952184 -0.02501231 0 0.1892278 0.9981931 -0.05119577 0.6676673 0.146404 0.6069858 0.3952184 0.2239493 0 0.2724401 0.2799934 0.9968325 0.1213057 0.6479295 0.1381309 0.1286906 0.1286906 -0.2044181 0.6453463 -0.5424311 -0.1265257 0.2517158 -0.03332257 0 0.2635182 0 0 0.3508984 0.1213057 0.1275907 0.956846 0 0.3001102 0.1895506 0 0 0.2375726 0.2710085 0.359381 0 0.2694868 0.4493388 0.9484983 0.1224935 0.2752577 0.3587297 0.9763387 -0.1431546 0 0.1226082 0.9763387 0.2886526 0.39557 0.1177901 0.1192412 -0.1018719 0 0.2599847 0 0 0.05828717 0 -0.4961804 0.1268014 0.07925233 0 -0.06722921 0.4216029 -0.07754195 -0.07859885 0.3939697 -0.1091058 0 0.03375463 0.239147 0.03375463 -0.1269392 0.5583885 0 0 0.5158009 -0.3564262 0.1578524 0 0.4961628 0 0 0.2774049 0.425974 0.6961752 -0.2673157 0.1517992 0.1690596 0.4474887 0.6149663 0.4144279 0.07223409 0.1470479 0.09462562 0.1392206 0.128526 0.3458618 0.2440965 0.1756239 -0.1286823 0.2482937 0.2322542 0.1541605 0.1256392 0 0.2451277 0.1466149 0.1955773 0.3834644 0.2195907 0.3512457 0.3511473 0.270942 0.2643913 0.09516391 0.2270815 0.2743553 0.4131289 0.1615906 0.4131289 0.3612874 -0.3633215 -0.4160313 0.2551113 0 0.1115784 0.2661379 -0.2540987 0 0 0 0 0.08064292 0 0.08124339 0.0382885 -0.1362755 0 0 -0.02835379 -0.01915874 -0.01816831
-0.05729195 0 -0.3618401 -0.08987241 0.2576676 0 0.2603516 0 -0.2047471 -0.08413494 -0.05196578 0.6538969 1.01 0.956862 -0.05203068 -0.0796985 0 0 -0.1196288 0.2475051 0.2164148 0.9890748 0 -0.1664358 0.979824 0.4318536 -0.0482635 -0.1955959 -0.05950142 0.7079753 0 -0.0796985 -0.1310995 -0.1310995 -0.02703041 0 -0.05950142 0.6523871 -0.02353526 0.9732967 -0.05203068 -0.1875087 -0.1310995 0.3513112 0 -0.09394902 -0.09406059 0.6533208 0.0258725 0.9845996 -0.03903924 0.1992555 0.1992555 -0.1435712 0.9820364 -0.3524311 -0.1440834 -0.09791046 -0.1103477 0 -0.08809264 0 0 0.5401914 0.0258725 0.1975848 0.6050765 0 0.4590513 -0.05829867 0 0 -0.08987241 -0.09043356 0.2288533 0 -0.09147569 0.6853677 0.59877 0.02556194 -0.07702259 0.2285692 0.6384173 -0.09094611 0 0.1858638 0.6384173 0.4464091 -0.1183688 0.203676 0.1827626 -0.06754886 0 -0.09376653 0 0 -0.09783353 0 -0.420935 -0.04770523 -0.1415841 0 -0.1271681 0.6385537 -0.04657377 -0.04827513 0.5356457 -0.06705447 0 -0.05268871 -0.0919802 -0.05268871 -0.07505357 0.6483852 0 0 0.5349103 -0.2233749 -0.0007753871 0 0.5270664 0 0 -0.08328621 0.4421548 0.6502468 -0.2684471 -0.09838432 -0.09588473 0.4882866 0.5690591 0.6299955 -0.08491347 -0.05287808 -0.08984128 0.2301796 0.1964689 0.5599359 0.1780231 -0.05697956 -0.05304027 0.2475756 0.1355979 0.1345146 -0.04731735 0 0.1425899 -0.1097116 0.2328247 0.6215667 -0.07638579 0.5707412 0.5702472 -0.08985692 0.2684634 -0.08925395 0.3507641 0.1951492 0.5939825 -0.112148 0.5939825 0.5133381 -0.2801073 -0.3587886 0.3674404 0 0.2810505 0.3598798 -0.2221683 0 0 0 0 0.1874096 0 -0.08822576 -0.09137773 0.00784137 0 0 0.0757694 -0.05151668 -0.03863234
-0.0541573 0 -0.3456187 -0.08443724 0.2714834 0 0.274332 0 -0.1956728 -0.08268971 -0.05133005 0.6261871 0.956862 1.01 -0.05168961 -0.07867667 0 0 -0.1154814 0.2613137 0.2246853 0.9672461 0 -0.1572135 0.958172 0.3253378 -0.04519282 -0.1928079 -0.05770255 0.737446 0 -0.07867667 -0.1263638 -0.1263638 -0.02464348 0 -0.05770255 0.6247626 -0.02152007 0.9316087 -0.05168961 -0.2004606 -0.1263638 0.371284 0 -0.08981684 -0.09052299 0.6256168 -0.05234332 0.9627715 -0.03933053 0.2069362 0.2069362 -0.1369973 0.9601355 -0.33734 -0.1377267 -0.09184406 -0.133752 0 -0.08687182 0 0 0.4647379 -0.05234332 0.2051951 0.6301883 0 0.4833833 -0.05443682 0 0 -0.08443724 -0.08935387 0.2197542 0 -0.08845625 0.7146884 0.6237198 -0.0520207 -0.07666064 0.2191726 0.611408 -0.08894815 0 0.1938907 0.611408 0.4654346 -0.1116903 0.2146648 0.1907905 -0.0639577 0 -0.0880569 0 0 -0.09592102 0 -0.4177112 -0.04856336 -0.1311823 0 -0.12185 0.6658367 -0.04582778 -0.04848416 0.5609021 -0.06392645 0 -0.04803627 -0.08572983 -0.04803627 -0.07395542 0.6341236 0 0 0.5198261 -0.2305587 0.03730819 0 0.5549399 0 0 -0.06813708 0.4708927 0.6404715 -0.2577089 -0.09211919 -0.1000418 0.5153662 0.5484913 0.6571471 -0.08434404 -0.05229369 -0.08962712 0.2392499 -0.0545304 0.5863859 0.1930387 -0.05385761 -0.0471478 0.2609951 0.1515135 0.1176232 -0.04820106 0 0.1581971 -0.1039569 0.2209616 0.651443 -0.07166517 0.5974303 0.5968941 -0.08457228 0.2533228 -0.0890123 0.371055 0.1850754 0.6229887 -0.1069848 0.6229887 0.5393783 -0.2730518 -0.3547761 0.3871137 0 0.299343 0.3796807 -0.2236744 0 0 0 0 0.1406941 0 -0.09788033 -0.1038057 -0.004114369 0 0 0.05353623 -0.06171214 -0.02620597
-0.003878923 0 -0.07382098 -0.01002896 -0.01365106 0 -0.0140247 0 0.2454355 -0.02779664 0.001586919 0.146404 -0.05203068 -0.05168961 1.01 -0.02077514 0 0 -0.02087666 -0.01463549 -0.0110021 -0.05320328 0 -0.04330166 -0.0516992 -0.02348976 -0.015549 0.250336 -0.01406699 -0.03965695 0 -0.02077514 -0.02256885 -0.02256885 0.0547558 0 -0.01406699 0.1460168 -0.006942166 -0.05545387 1 0.243027 -0.02256885 -0.0196084 0 -0.008690713 0.5076966 0.1452976 -0.01160907 -0.0532958 -0.009312185 -0.01550295 -0.01550295 -0.03165778 -0.05368332 -0.06940382 -0.03539775 -0.01341004 -0.03775563 0 -0.02380498 0 0 -0.02818824 -0.01160907 -0.01543648 0.14347 0 -0.02323214 -0.006899365 0 0 -0.01002896 -0.02534244 0.06063463 0 0.4173127 -0.04092972 0.1422043 -0.01183201 -0.02616016 0.06050931 0.1410597 -0.02940717 0 -0.0189885 0.1410597 -0.01959193 0.2944194 -0.008639214 -0.01916206 -0.01052851 0 -0.009341522 0 0 -0.02740028 0 -0.08530597 0.8967844 0.02886242 0 -0.03892522 -0.03882894 0.006410857 -0.01327049 0.01489578 -0.0177641 0 -0.01319022 0.08718975 -0.01319022 -0.01594138 -0.0676288 0 0 -0.08016797 -0.04786252 -0.1165628 0 0.008460831 0 0 -0.04970938 -0.0003221241 -0.02329183 -0.08987237 0.07148863 0.07121097 0.00822967 -0.01193579 -0.0390963 -0.02894389 0.001690049 -0.02651679 -0.01631071 -0.009920675 -0.04392356 -0.02009335 -0.003797352 -0.02762593 -0.02902716 -0.02694674 -0.1505931 0.8887894 0 -0.0252452 0.07320919 -0.1711449 -0.04631262 -0.02371184 -0.04497268 -0.04488844 -0.007307473 -0.1451346 -0.02652045 -0.01801737 -0.1460345 -0.05144567 0.06754103 -0.05144567 -0.04740998 -0.08296966 -0.07881783 -0.03817298 0 -0.04123508 -0.04042802 -0.05712228 0 0 0 0 -0.05420879 0 -0.03500783 0.03214894 0.02740325 0 0 0.07001201 0.02122295 -0.003129397
-0.0249865 0 -0.1246685 -0.0183645 -0.02431601 0 -0.02487309 0 -0.0674933 0.5179886 -0.01886644 -0.1182111 -0.0796985 -0.07867667 -0.02077514 1.01 0 0 -0.04717984 -0.02578457 -0.02287664 -0.07833755 0 -0.07149489 -0.07833882 -0.02868726 -0.01800874 -0.06871996 -0.02085359 -0.0579691 0 1 -0.05266954 -0.05266954 0.006274453 0 -0.02085359 -0.1179434 -0.01265282 -0.08093637 -0.02077514 -0.07039628 -0.05266954 -0.03465951 0 -0.03990019 -0.03213374 -0.1175784 -0.01738732 -0.07764262 -0.02395009 -0.009225907 -0.009225907 -0.04011805 -0.07911104 -0.1234532 -0.04294352 -0.01714188 -0.04420692 0 -0.03250867 0 0 -0.040015 -0.01738732 -0.009085063 -0.1187923 0 -0.03907906 -0.02586586 0 0 -0.0183645 -0.03504639 -0.314941 0 -0.02941404 -0.05684231 -0.1193142 -0.01774118 -0.0363796 -0.3153303 -0.1182062 -0.04166131 0 -0.01229548 -0.1182062 -0.0430152 -0.04942172 -0.03014988 -0.01271228 -0.03047038 0 -0.03918096 0 0 -0.03759655 0 -0.1539187 -0.01586768 -0.0565968 0 -0.06252135 -0.06003715 -0.01564987 -0.0230183 -0.07010586 -0.02346506 0 -0.007830827 -0.01889801 -0.007830827 -0.03189869 -0.1109433 0 0 -0.1255567 -0.07828075 -0.2595096 0 -0.06384991 0 0 -0.08362338 -0.07465274 -0.1008845 -0.1554268 -0.02992924 -0.02962281 -0.06864299 -0.09222473 -0.06045573 -0.03753593 -0.01875255 -0.03698506 -0.03342981 -0.00476583 -0.05662702 -0.03964245 -0.02489149 -0.05036599 -0.02900706 -0.03950412 -0.2406411 -0.01573701 0 -0.0380282 -0.03031884 -0.2705455 -0.06375046 -0.02645913 -0.05742053 -0.05727779 -0.0366532 -0.225722 -0.03699906 -0.03172923 -0.3032244 -0.0657922 -0.03122078 -0.0657922 -0.05950698 -0.1497736 -0.1439552 -0.04853754 0 -0.06196798 -0.04688107 -0.09185963 0 0 0 0 -0.06395866 0 0.0727508 0.1090089 0.03191137 0 0 -0.02157086 0.01622441 -0.06751895
0 0 0 0 0 0 0 0 0 0 0 0 0 0 0 0 1.01 0 0 0 0 0 0 0 0 0 0 0 0 0 0 0 0 0 0 0 0 0 0 0 0 0 0 0 0 0 0 0 0 0 0 0 0 0 0 0 0 0 0 0 0 0 0 0 0 0 0 0 0 0 0 0 0 0 0 0 0 0 0 0 0 0 0 0 0 0 0 0 0 0 0 0 0 0 0 0 0 0 0 0 0 0 0 0 0 0 0 0 0 0 0 0 0 0 0 0 0 0 0 0 0 0 0 0 0 0 0 0 0 0 0 0 0 0 0 0 0 0 0 0 0 0 0 0 0 0 0 0 0 0 0 0 0 0 0 0 0 0 0 0 0 0 0 0 0 0 0 0 0 0 0 0 0 0 0 0 0 0 0 0 0 0 0
0 0 0 0 0 0 0 0 0 0 0 0 0 0 0 0 0 1.01 0 0 0 0 0 0 0 0 0 0 0 0 0 0 0 0 0 0 0 0 0 0 0 0 0 0 0 0 0 0 0 0 0 0 0 0 0 0 0 0 0 0 0 0 0 0 0 0 0 0 0 0 0 0 0 0 0 0 0 0 0 0 0 0 0 0 0 0 0 0 0 0 0 0 0 0 0 0 0 0 0 0 0 0 0 0 0 0 0 0 0 0 0 0 0 0 0 0 0 0 0 0 0 0 0 0 0 0 0 0 0 0 0 0 0 0 0 0 0 0 0 0 0 0 0 0 0 0 0 0 0 0 0 0 0 0 0 0 0 0 0 0 0 0 0 0 0 0 0 0 0 0 0 0 0 0 0 0 0 0 0 0 0 0 0
-0.02056055 0 -0.2002735 0.04331976 -0.03475189 0 -0.03564639 0 0.585625 -0.0517717 0.420251 0.3497643 -0.1196288 -0.1154814 -0.02087666 -0.04717984 0 0 1.01 -0.03543498 -0.03156709 -0.1178354 0 -0.1153404 -0.1193762 -0.04976977 -0.03831422 0.5995612 0.5437414 -0.08600819 0 -0.04717984 0.8313144 0.8313144 -0.02307722 0 0.5437414 0.350174 -0.03131477 -0.1215376 -0.02087666 0.5727211 0.8313144 -0.05608646 0 0.3755747 -0.0569415 0.345562 -0.02047883 -0.1186313 0.3835661 -0.02412166 -0.02412166 -0.07556382 -0.1185037 -0.1903947 -0.07950171 0.02615472 -0.08022923 0 0.7670205 0 0 -0.06356551 -0.02047883 -0.02392662 0.344391 0 -0.05483706 -0.02379122 0 0 0.04331976 0.7432034 0.1235964 0 -0.0573959 -0.08575561 0.3422187 -0.01488017 0.7316246 0.1232804 0.3402157 -0.04945366 0 -0.02104876 0.3402157 -0.05531759 0.2384159 -0.03574706 -0.02168093 -0.02743918 0 0.3858475 0 0 0.3754962 0 -0.06751666 -0.02117286 -0.03794196 0 0.226312 -0.04643633 -0.02884591 -0.03280452 0.06380996 -0.03536496 0 -0.01280693 0.04569964 -0.01280693 -0.0405807 -0.02232583 0 0 0.1138849 -0.135234 0.14823 0 -0.01817894 0 0 0.3712866 -0.03786684 -0.005601222 0.1104026 0.01860475 0.02302715 -0.0277246 -0.08671755 -0.0464481 0.3350467 0.4173509 0.393239 -0.03454757 -0.01818444 -0.05743513 0.1201206 -0.0203813 -0.05806949 0.1885502 0.09456987 0.1319666 -0.02095957 0 0.1007021 0.02010879 0.1104467 -0.06580275 -0.05453976 -0.06042576 -0.0601791 0.3891235 0.1432499 0.3934614 -0.04391098 0.1296005 0.0511764 0.01368135 0.0511764 0.06855324 -0.04599471 -0.03634954 0.06446344 0 -0.08508179 0.08444071 -0.07203879 0 0 0 0 -0.09347117 0 0.1211354 0.1013498 -0.1856038 0 0 -0.0496329 0.0454094 -0.02631903
-0.02033139 0 -0.08328757 -0.02564949 0.9746169 0 0.9650928 0 -0.0631842 -0.02116969 -0.01941046 0.1510364 0.2475051 0.2613137 -0.01463549 -0.02578457 0 0 -0.03543498 1.01 -0.01370921 0.2512421 0 -0.03828036 0.2489055 0.578626 -0.01236008 -0.06111779 -0.01174286 -0.05392025 0 -0.02578457 -0.04269202 -0.04269202 0.005645669 0 -0.01174286 0.151418 -0.005749998 0.2403534 -0.01463549 -0.06668506 -0.04269202 -0.01942221 0 -0.03667191 -0.02280938 0.1518033 -0.0222467 0.2517502 -0.02001809 -0.02516341 -0.02516341 -0.03217769 0.2522716 -0.07988396 -0.03146965 -0.03188677 -0.03826477 0 -0.02105161 0 0 0.4735526 -0.0222467 -0.02509656 0.1555147 0 0.2565126 -0.02299097 0 0 -0.02564949 -0.02317745 0.05720784 0 -0.02060044 -0.05154387 0.1548441 -0.02246628 -0.02427923 0.05704539 0.150927 -0.03058461 0 -0.02336835 0.150927 -0.03821799 -0.04001548 -0.02788506 -0.02358193 -0.01765521 0 -0.03489521 0 0 -0.0313653 0 -0.1044612 -0.01058357 -0.05386751 0 -0.04072807 -0.05597869 -0.01551211 -0.01280741 -0.05837424 -0.0133032 0 -0.008966022 -0.02831204 -0.008966022 -0.02583999 0.1707857 0 0 0.1486592 -0.06567116 0.06889465 0 -0.06407348 0 0 0.2161414 -0.0686454 0.1742531 -0.1058734 -0.03438831 -0.03276297 -0.06712998 -0.08801565 -0.05630144 -0.03580087 -0.01933095 -0.03289189 -0.02030955 -0.01646333 -0.06238854 0.4652335 -0.02025776 -0.02671949 0.6253091 0.4099215 0.08462456 -0.01047527 0 0.4182559 -0.03356514 0.06855248 0.242421 -0.01508442 -0.0612568 -0.06115817 -0.03514761 0.08349414 -0.03289592 -0.02038766 0.0576256 0.2332043 -0.03259047 0.2332043 0.2547649 -0.09756745 -0.09198063 0.3099719 0 -0.03851274 0.302142 -0.03670983 0 0 0 0 -0.02749991 0 0.08789998 0.05257662 0.02329962 0 0 -0.06430646 -0.05363539 -0.009608573
-0.01131887 0 -0.06785992 -0.002601192 -0.01273533 0 -0.01310503 0 -0.04631541 -0.02658088 -0.02142211 0.1401278 0.2164148 0.2246853 -0.0110021 -0.02287664 0 0 -0.03156709 -0.01370921 1.01 0.2195071 0 -0.03303479 0.2180119 -0.02195296 -0.02351152 -0.04374903 -0.02038359 0.2960875 0 -0.02287664 -0.0317312 -0.0317312 -0.009254477 0 -0.02038359 0.1397516 -0.006420581 0.211388 -0.0110021 -0.04778373 -0.0317312 -0.01285806 0 -0.02490211 -0.03302688 0.1400649 -0.01085473 0.2190575 -0.003276955 -0.01994187 -0.01994187 -0.02579339 0.2177594 -0.06661278 -0.03141515 -0.009100272 -0.02833437 0 -0.01975577 0 0 -0.02004175 -0.01085473 -0.0198889 0.1403135 0 -0.01913093 -0.01375243 0 0 -0.002601192 -0.01873506 0.06442024 0 -0.03168867 0.2929598 0.1401407 -0.01107537 -0.01960385 0.06430051 0.139122 -0.01068662 0 -0.0185193 0.139122 0.4746283 -0.03963992 -0.01097581 -0.01868856 -0.01679337 0 -0.02603141 0 0 -0.02802994 0 -0.09105209 -0.00772507 -0.02709846 0 -0.04130718 0.2843974 -0.02137249 -0.007842176 0.2551655 -0.02295276 0 -0.01241892 -0.002996273 -0.01241892 -0.02050584 0.1474132 0 0 -0.0377669 -0.05679076 0.0646824 0 0.2553566 0 0 -0.06459106 0.2277745 0.1589174 -0.09503991 -0.01479338 -0.008845944 0.2389697 0.1745079 0.2822881 -0.0196707 -0.02137249 -0.02257388 0.5535068 -0.004021862 0.2573694 -0.02221891 -0.01125228 -0.02581739 -0.02510895 -0.02655771 0.07017909 -0.007637337 0 -0.02682028 -0.01400925 0.06155087 0.2415968 -0.03160335 0.2536766 0.2540128 -0.02449711 0.07443071 -0.02258353 -0.01381436 0.05971435 0.2302746 -0.01664338 0.2302746 -0.04596716 0.1178943 -0.08095122 0.305676 0 -0.04191777 0.2990249 -0.06254982 0 0 0 0 0.1469648 0 -0.006369577 0.01255161 0.05645827 0 0 0.09996713 0.01246381 0.1671691
-0.05676515 0 -0.3582952 -0.08828998 0.2614131 0 0.2641359 0 -0.2021091 -0.08225453 -0.05050978 0.6471386 0.9890748 0.9672461 -0.05320328 -0.07833755 0 0 -0.1178354 0.2512421 0.2195071 1.01 0 -0.1641171 0.9907743 0.4368343 -0.04660897 -0.1931124 -0.05949827 0.7156679 0 -0.07833755 -0.1292219 -0.1292219 -0.02643092 0 -0.05949827 0.6456502 -0.02253271 0.9624851 -0.05320328 -0.2075156 -0.1292219 0.3563467 0 -0.09185756 -0.09329764 0.6465639 -0.05639789 0.9955032 -0.03907921 0.1995486 0.1995486 -0.14247 0.9929544 -0.3496529 -0.1426581 -0.09600716 -0.1398814 0 -0.08755435 0 0 0.5475628 -0.05639789 0.1978562 0.597987 0 0.4651812 -0.0575715 0 0 -0.08828998 -0.08976133 0.2253116 0 -0.09084636 0.6930195 0.5917415 -0.05611843 -0.07686686 0.2250358 0.6319051 -0.09054844 0 0.1871868 0.6319051 0.4515548 -0.1163867 0.2045889 0.1840916 -0.06662375 0 -0.09178559 0 0 -0.09639156 0 -0.4343389 -0.04931807 -0.1377705 0 -0.1243577 0.6461179 -0.04889413 -0.04920859 0.5421771 -0.06560526 0 -0.05243808 -0.08962058 -0.05243808 -0.07336094 0.6598923 0 0 0.5456782 -0.2412356 -0.006761684 0 0.535005 0 0 -0.07890353 0.4495422 0.6607988 -0.2794285 -0.09789622 -0.09500318 0.4949921 0.5785443 0.637526 -0.08435945 -0.05143211 -0.08905134 0.2341111 0.1993664 0.5677488 0.181836 -0.0564564 -0.05093882 0.2509819 0.1388963 0.1301348 -0.04894062 0 0.1457986 -0.1093633 0.2301041 0.6302899 -0.07477582 0.5787038 0.5782002 -0.08796819 0.2656323 -0.08845847 0.3555141 0.1923437 0.6029166 -0.1115912 0.6029166 0.5211218 -0.2913651 -0.371225 0.3740232 0 0.2866765 0.3661378 -0.2373663 0 0 0 0 0.1928796 0 -0.1045278 -0.1109511 0.00519759 0 0 0.08238703 -0.05457252 -0.0350623
0 0 0 0 0 0 0 0 0 0 0 0 0 0 0 0 0 0 0 0 0 0 1.01 0 0 0 0 0 0 0 0 0 0 0 0 0 0 0 0 0 0 0 0 0 0 0 0 0 0 0 0 0 0 0 0 0 0 0 0 0 0 0 0 0 0 0 0 0 0 0 0 0 0 0 0 0 0 0 0 0 0 0 0 0 0 0 0 0 0 0 0 0 0 0 0 0 0 0 0 0 0 0 0 0 0 0 0 0 0 0 0 0 0 0 0 0 0 0 0 0 0 0 0 0 0 0 0 0 0 0 0 0 0 0 0 0 0 0 0 0 0 0 0 0 0 0 0 0 0 0 0 0 0 0 0 0 0 0 0 0 0 0 0 0 0 0 0 0 0 0 0 0 0 0 0 0 0 0 0 0 0 0 0
-0.06619675 0 0.5345342 -0.09183039 -0.05588458 0 -0.05748712 0 -0.2012838 -0.08127836 -0.04807612 -0.2916027 -0.1664358 -0.1572135 -0.04330166 -0.07149489 0 0 -0.1153404 -0.03828036 -0.03303479 -0.1641171 0 1.01 -0.1675597 -0.03067772 -0.0492462 -0.1967057 -0.0599332 -0.1400604 0 -0.07149489 -0.1283525 -0.1283525 -0.02517197 0 -0.0599332 -0.2915765 -0.03363909 -0.1718887 -0.04330166 -0.2027133 -0.1283525 -0.01121848 0 -0.07214949 -0.09261721 -0.2923335 -0.03857414 -0.1645907 -0.04843455 -0.04496813 -0.04496813 -0.1246821 -0.1657204 0.5176702 -0.1312138 -0.09818227 0.2845689 0 -0.08718206 0 0 -0.06059969 -0.03857414 -0.04463525 -0.2699053 0 -0.03518779 -0.06795884 0 0 -0.09183039 -0.086896 0.2135455 0 -0.08978623 -0.1096865 -0.2721201 -0.03824676 -0.08776446 0.2136778 -0.2767018 0.4696555 0 -0.04328001 -0.2767018 -0.08151495 -0.1326389 -0.04977843 -0.04137339 -0.04093543 0 -0.09228129 0 0 -0.09967415 0 0.3814435 -0.03754273 -0.1295598 0 -0.1209076 -0.07062172 0.2351365 -0.03980741 -0.08640164 -0.06861628 0 -0.0419087 -0.09217386 -0.0419087 -0.06554937 -0.2034672 0 0 -0.1968207 -0.06727074 0.219297 0 -0.1092988 0 0 -0.2407638 -0.08821085 -0.1546296 0.2791809 0.03624431 -0.0005305682 -0.03919165 -0.1233843 -0.07138721 -0.0779589 -0.04776045 -0.08389394 0.03476019 -0.03942831 0.02484634 -0.1090692 -0.06711304 -0.06774897 -0.08631695 -0.09524395 0.05310807 -0.03717267 0 -0.1208877 0.03868652 0.1303321 0.006838614 -0.0825406 0.02423902 0.02396211 -0.09173569 0.1970661 -0.0839622 -0.0124292 0.1604375 -0.006447002 0.03301432 -0.006447002 0.01123953 0.230603 0.2439979 0.03974422 0 -0.08658773 0.03210864 -0.2503922 0 0 0 0 -0.09959739 0 -0.1259666 0.07556253 -0.0169121 0 0 0.08220432 -0.02550931 0.009340859
-0.05690802 0 -0.3620841 -0.05998411 0.2590812 0 0.2617591 0 -0.1841354 -0.08135231 -0.05036705 0.6533093 0.979824 0.958172 -0.0516992 -0.07833882 0 0 -0.1193762 0.2489055 0.2180119 0.9907743 0 -0.1675597 1.01 0.4324495 -0.04789065 -0.1806569 -0.06098135 0.7171635 0 -0.07833882 -0.1311955 -0.1311955 -0.02402311 0 -0.06098135 0.6520827 -0.02331698 0.9592304 -0.0516992 -0.1957354 -0.1311955 0.3519048 0 -0.09263657 -0.09273576 0.6530121 -0.05614063 0.9921437 -0.04011815 0.1968976 0.1968976 -0.1421524 0.9895634 -0.3538295 -0.1431062 -0.07053891 -0.1411902 0 -0.08958763 0 0 0.5420163 -0.05614063 0.1952198 0.6047682 0 0.4596952 -0.05789027 0 0 -0.05998411 -0.09185189 0.2281913 0 -0.09015007 0.6949148 0.5984774 -0.05588216 -0.07908355 0.2279092 0.6384406 -0.09284424 0 0.1847126 0.6384406 0.4489485 -0.1164705 0.2022371 0.1816263 -0.0680704 0 -0.09245697 0 0 -0.09709953 0 -0.4387191 -0.04740849 -0.1243351 0 -0.1265008 0.6412501 -0.05001652 -0.04914383 0.5371852 -0.06653857 0 -0.05234164 -0.06152908 -0.05234164 -0.07449236 0.651264 0 0 0.5374517 -0.2385295 -0.002371852 0 0.5445608 0 0 -0.08160152 0.4574924 0.6635576 -0.2812445 -0.07543507 -0.07136379 0.5037713 0.5828634 0.6326954 -0.08430283 -0.0512772 -0.08919819 0.2342665 0.1980924 0.5634281 0.1782538 -0.05659636 -0.05338755 0.2474397 0.1359999 0.1242152 -0.04702155 0 0.1424652 -0.08653283 0.2225086 0.6250326 -0.07504923 0.5742221 0.5737293 -0.08854812 0.2551092 -0.08861131 0.3513122 0.1957791 0.5974398 -0.08970533 0.5974398 0.5152968 -0.2913986 -0.3713057 0.3706514 0 0.2821174 0.3626408 -0.2352409 0 0 0 0 0.1895813 0 -0.1073791 -0.09923619 -0.002814048 0 0 0.07652299 -0.05465009 -0.02024703
-0.02220445 0 -0.1623301 -0.04026075 0.5954564 0 0.6011415 0 -0.09672345 -0.02650024 -0.02024555 0.2746177 0.4318536 0.3253378 -0.02348976 -0.02868726 0 0 -0.04976977 0.578626 -0.02195296 0.4368343 0 -0.03067772 0.4324495 1.01 -0.02679661 -0.08292333 -0.02062115 -0.07345061 0 -0.02868726 -0.05794255 -0.05794255 -0.002696898 0 -0.02062115 0.2743809 -0.002699601 0.417639 -0.02348976 -0.1005386 -0.05794255 -0.05839949 0 -0.04366999 -0.04432804 0.2744895 -0.03556284 0.4365875 -0.02649957 0.4692394 0.4692394 -0.05575355 0.4326368 -0.1586993 -0.05833707 -0.04526649 -0.07013333 0 -0.03414792 0 0 0.5424397 -0.03556284 0.4680579 0.1756177 0 0.2407576 -0.0273408 0 0 -0.04026075 -0.03502868 0.08817922 0 -0.04222108 -0.07362775 0.1759817 -0.03593091 -0.03428033 0.0885341 0.2702796 -0.04789255 0 0.4375698 0.2702796 -0.05254504 -0.03450634 -0.05079903 0.4332395 -0.03559246 0 -0.04565566 0 0 -0.03079775 0 -0.194504 -0.01949952 -0.02264157 0 -0.004981484 -0.07828806 -0.02979135 -0.02188982 -0.08005087 -0.02584215 0 -0.01932689 -0.04230961 -0.01932689 -0.02564901 0.3037823 0 0 0.274737 -0.1128892 -0.04131056 0 -0.09151721 0 0 0.2214837 -0.1031319 0.2653399 -0.1922774 -0.05712833 -0.03460524 -0.09943096 0.00883731 -0.07802545 -0.03400087 -0.02008891 -0.03262984 -0.02728623 0.4623014 -0.08471373 0.4839072 -0.02206407 0.01853393 0.6397644 0.4212238 0.1016258 -0.01932745 0 0.4301075 -0.05578096 0.0795516 0.102471 -0.03701326 -0.08463602 -0.08446011 -0.04496118 0.1065727 -0.0326761 -0.01117197 0.05904327 0.09494494 -0.05317619 0.09494494 0.110729 -0.1706029 -0.1643465 0.1541836 0 -0.01426367 0.1480085 -0.08341928 0 0 0 0 0.08563186 0 0.01386924 -0.00119663 0.03805599 0 0 0.05081006 -0.007704975 0.002530389
-0.02050141 0 -0.0863454 -0.02264398 -0.01823872 0 -0.01863484 0 0.2561902 -0.01937973 -0.01219314 0.156365 -0.0482635 -0.04519282 -0.015549 -0.01800874 0 0 -0.03831422 -0.01236008 -0.02351152 -0.04660897 0 -0.0492462 -0.04789065 -0.02679661 1.01 0.2642446 -0.01929128 -0.03906306 0 -0.01800874 -0.04549352 -0.04549352 -0.01071534 0 -0.01929128 0.1559326 -0.01598593 -0.05117213 -0.015549 0.2489733 -0.04549352 -0.005011313 0 -0.03549447 0.5719747 0.1553636 -0.01969026 -0.04673128 -0.01296907 -0.01426545 -0.01426545 -0.01205524 -0.04721455 -0.08617995 0.3355777 -0.02609284 -0.04694377 0 -0.03062196 0 0 -0.02006954 -0.01969026 -0.01418242 0.1547319 0 -0.01508385 -0.02281637 0 0 -0.02264398 -0.03225208 0.06827598 0 0.5857103 -0.04056058 0.153319 -0.01989672 -0.03313218 0.06813437 0.1524749 -0.03017716 0 -0.01199447 0.1524749 -0.03648005 0.3988155 -0.02401967 -0.01226944 -0.01939614 0 -0.03390572 0 0 -0.02178255 0 -0.1017772 -0.01681714 -0.04683441 0 -0.0372922 -0.04222499 -0.007894871 -0.01714114 -0.04465283 -0.02931674 0 -0.01297338 -0.02040226 -0.01297338 -0.02540548 0.174452 0 0 0.1597675 -0.05857133 0.07332333 0 -0.04775106 0 0 0.2169165 -0.04949034 0.1842935 -0.1081227 -0.0233748 -0.02190919 -0.04894717 0.2040019 -0.04252815 -0.01645779 -0.01210772 -0.02010968 -0.02472765 -0.009090872 -0.04128044 -0.03786885 -0.02043702 -0.02916227 -0.03057781 -0.0399179 0.08447344 -0.01673814 0 -0.03983365 -0.02253295 0.07575103 -0.04531507 0.6724406 -0.04253914 -0.04243697 -0.03222924 0.03204224 -0.02013199 -0.008763715 0.07075251 -0.05133318 0.1094456 -0.05133318 -0.04539369 -0.1039469 -0.09861188 -0.04575137 0 -0.03431144 -0.04532756 -0.06200215 0 0 0 0 -0.01826008 0 0.02271514 0.03116124 0.03201091 0 0 -0.008540312 0.02836024 -0.008827578
0.2911326 0 -0.3312661 0.4157915 -0.06171859 0 -0.06204992 0 0.9708786 -0.07904369 0.2567422 0.583533 -0.1955959 -0.1928079 0.250336 -0.06871996 0 0 0.5995612 -0.06111779 -0.04374903 -0.1931124 0 -0.1967057 -0.1806569 -0.08292333 0.2642446 1.01 0.3197479 -0.1407167 0 -0.06871996 0.6710729 0.6710729 -0.001688506 0 0.3197479 0.5828622 -0.03889052 -0.1558803 0.250336 0.9493945 0.6710729 -0.08216956 0 0.4629047 0.477416 0.579984 0.129305 -0.1931495 0.2261995 -0.04194092 -0.04194092 -0.1093085 -0.1940674 -0.3191524 -0.004420661 0.3618541 0.07753771 0 0.4508212 0 0 -0.1041962 0.129305 -0.04161911 0.5729661 0 -0.09547735 0.3127054 0 0 0.4157915 0.4635373 0.2142747 0 0.4611279 -0.1433446 0.5690367 0.1313027 0.4541896 0.2137503 0.5684686 -0.0917728 0 -0.03614371 0.5684686 -0.09459717 0.6568574 -0.05903692 -0.03719172 -0.05813612 0 0.4472655 0 0 0.1891619 0 -0.1825854 0.2203227 0.1906962 0 0.05727706 -0.1220753 -0.04840516 -0.0491188 -0.04622635 -0.0684269 0 0.1066307 0.4202001 0.1066307 -0.08153886 0.009287091 0 0 0.07839377 -0.2232452 0.1914194 0 0.0985179 0 0 0.4129724 0.0997435 0.184252 -0.04760516 0.3137662 0.3438725 0.07710208 0.1647843 -0.1218423 0.1924654 0.2550075 0.2272987 -0.06198823 -0.01617241 -0.1368741 0.03874148 0.2919919 -0.1066645 0.0693448 0.08119276 0.04193956 0.2183481 0 0.08875739 0.3189328 -0.007113694 -0.1516933 0.3790465 -0.1415067 -0.1411293 0.4578228 0.04428722 0.2273808 -0.07571966 0.1398471 -0.08196567 0.3425214 -0.08196567 -0.06347474 -0.1636808 -0.1488307 -0.04836004 0 -0.1472509 -0.02606696 -0.08696206 0 0 0 0 -0.07869839 0 0.1466273 0.158113 -0.2070108 0 0 -0.09408885 0.02604934 0.02249906
