1.01 -0.4006992 -0.1210558 -0.1210558 -0.3693179 0.324858 0.1064046 -0.1611463 -0.1605461 0.409571 -0.1009251 0.1145428 0.409571 0.409571 -0.1608463 0.1115233 0.1638417 -0.2112072 -0.0827911 -0.2033212 0.1892012 -0.2268241 0.4093215 -0.2268241 0 0 0.3926483 -0.227828 0.04746052 0 -0.08253495 0.06900293 -0.0827911 -0.07393071 0.1268843 -0.1363145 0.1577357 0.2661057 0.2038249 0.03049077 0 0.1402197 0 0 -0.3301602 -0.1486821 0 0.1415881 -0.08515997 0.1487931 -0.121472 0.06194256 0.1940218 0.06477122 0.01116816 0.02067112 0.07914265 0.03412212 0.07806417 0 -0.2334146 -0.1186563 -0.110949 -0.04159893 -0.17463 -0.0843442 -0.08348776 0.1191634 0.1531359 -0.1605226 0.1632235 0.0724493 0.1562024 0.03617891 -0.04075472 0.01166189 0 0.05607916 0.2189217 -0.1669649 -0.01339325 -0.06338137 0.1522856 -0.11224 0.1131228 -0.1215476 -0.1370298 0.07007075 0.1094258 0.1114632 -0.01259942 -0.1415558 0 -0.01259942 0.07160462 0.2321008 0.01245421 -0.08318399 -0.01259942 0.1859909 -0.1370298 0.1240604 0.1915434 0.02756974 0 -0.1040737 -0.1609937 -0.11224 -0.1821519 -0.04564443 0 -0.1040737 -0.11224 -0.1097942 -0.1609937 -0.1609937 0 -0.11224 0 -0.03377015 0 0.1517676 -0.06224178 -0.2850385 -0.04426252 -0.1181066 0.02874245 0 0 -0.08261917 -0.06480118 -0.1844692 0 -0.002148056 0 0.1125605 0.1588267 0.1333576 -0.028406 -0.05799852 0.1590482 0.04165631 -0.06657107 -0.2572526 0 0.02045192 0 0.0545765 0.008513242 -0.3065794 0 0 0.01789009 0.09316574 0.1359648 0
-0.4006992 1.01 0.5243228 0.5243228 -0.1887505 -0.1993245 0.3629169 -0.1574308 -0.1571662 -0.2338567 -0.04864221 0.3754143 -0.2338567 -0.2338567 -0.1568873 0.3730733 0.2226619 0.5268965 -0.04448401 0.5395614 0.14121 0.526243 -0.2336857 0.526243 0 0 -0.2348756 0.5271668 -0.2891449 0 -0.03389616 -0.0212656 -0.04448401 -0.02736555 0.03929504 -0.06539072 0.02151603 -0.1382731 0.1253692 0.1669226 0 -0.07498193 0 0 -0.1826312 -0.2177161 0 0.2711257 -0.06283145 0.01454519 -0.07870852 0.1495731 -0.1989544 0.1982793 -0.1411953 -0.06805403 -0.06496712 0.1979523 -0.163095 0 0.3010168 -0.03954233 0.101923 -0.1387977 0.111802 -0.1288209 -0.1273487 -0.05865836 -0.1350551 0.3767979 -0.07693329 0.1638484 0.01766742 -0.2079312 -0.06820794 -0.04339432 0 0.1234194 -0.1242549 0.3302963 -0.0202213 0.1251554 -0.134491 0.1031696 -0.05531249 0.0879326 -0.06311578 0.1073434 -0.06304676 0.05641417 -0.02021729 0.3594021 0 -0.02021729 0.1647955 -0.1597704 -0.04338565 -0.1284471 -0.02021729 -0.1227988 -0.06311578 0.04862014 -0.1118893 -0.07523184 0 0.1647889 0.3747699 0.1031696 -0.1230784 -0.1409311 0 0.1647889 0.1031696 0.1083449 0.3747699 0.3747699 0 0.1031696 0 -0.09473567 0 -0.1192749 0.01785601 0.1928874 -0.1419118 0.4121394 -0.1079766 0 0 0.1359753 -0.007020971 0.3252303 0 -0.05771453 0 -0.09774204 -0.1239834 -0.1309942 -0.01108046 -0.03211537 0.0261466 -0.004408472 0.2083433 0.01758885 0 0.120941 0 -0.06996445 0.1231507 0.2267405 0 0 0.1648903 0.06119541 -0.1211901 0
-0.1210558 0.5243228 1.01 1 -0.3612323 -0.3677951 0.6529828 0.3686175 0.3693279 -0.3470237 -0.01526195 0.6756443 -0.3470237 -0.3470237 0.3692944 0.6723188 0.1681067 0.8924259 -0.08967629 0.9187368 0.1930356 0.893177 -0.3469946 0.893177 0 0 -0.3479465 0.8915319 -0.5616642 0 -0.04667133 -0.05926101 -0.08967629 -0.03477683 0.1636518 0.1393436 0.1357051 -0.2714338 0.1777247 0.02784605 0 0.1349055 0 0 -0.3553875 -0.4107548 0 0.1409774 0.1546819 0.1027524 0.1847874 0.1063163 0.4003637 0.06743058 0.2472377 -0.05085924 -0.09522005 0.3421152 0.04585411 0 0.07080161 0.1154159 0.08985365 -0.0295709 0.01237501 -0.007955846 -0.004185129 -0.1137389 -0.1658455 0.1695435 -0.1341536 0.07892799 0.2222643 -0.1234021 -0.0245695 0.2491299 0 0.3553408 -0.0009522736 0.1209469 0.2677121 0.2605953 -0.1667454 0.08829431 -0.10067 0.06643983 -0.08096668 0.3630862 -0.1163413 -0.01701374 0.2672626 0.1775199 0 0.2672626 0.07906892 0.2571393 0.2486819 -0.007818331 0.2672626 0.3065062 -0.08096668 -0.02709198 -0.2104184 -0.1222646 0 -0.03953162 0.1674662 0.08829431 -0.228312 -0.03840582 0 -0.03953162 0.08829431 0.09605717 0.1674662 0.1674662 0 0.08829431 0 -0.1284023 0 0.2917597 0.05530157 -0.08176178 -0.04121783 0.1879929 0.17756 0 0 0.27192 -0.02199202 0.1724124 0 0.0146406 0 0.2035335 -0.1592709 -0.1580379 0.2226371 0.02060987 -0.05166808 0.02738493 0.05854403 -0.1298394 0 0.2997858 0 -0.04171385 0.3281327 -0.04743027 0 0 0.3121928 0.3136201 -0.0917898 0
-0.1210558 0.5243228 1 1.01 -0.3612323 -0.3677951 0.6529828 0.3686175 0.3693279 -0.3470237 -0.01526195 0.6756443 -0.3470237 -0.3470237 0.3692944 0.6723188 0.1681067 0.8924259 -0.08967629 0.9187368 0.1930356 0.893177 -0.3469946 0.893177 0 0 -0.3479465 0.8915319 -0.5616642 0 -0.04667133 -0.05926101 -0.08967629 -0.03477683 0.1636518 0.1393436 0.1357051 -0.2714338 0.1777247 0.02784605 0 0.1349055 0 0 -0.3553875 -0.4107548 0 0.1409774 0.1546819 0.1027524 0.1847874 0.1063163 0.4003637 0.06743058 0.2472377 -0.05085924 -0.09522005 0.3421152 0.04585411 0 0.07080161 0.1154159 0.08985365 -0.0295709 0.01237501 -0.007955846 -0.004185129 -0.1137389 -0.1658455 0.1695435 -0.1341536 0.07892799 0.2222643 -0.1234021 -0.0245695 0.2491299 0 0.3553408 -0.0009522736 0.1209469 0.2677121 0.2605953 -0.1667454 0.08829431 -0.10067 0.06643983 -0.08096668 0.3630862 -0.1163413 -0.01701374 0.2672626 0.1775199 0 0.2672626 0.07906892 0.2571393 0.2486819 -0.007818331 0.2672626 0.3065062 -0.08096668 -0.02709198 -0.2104184 -0.1222646 0 -0.03953162 0.1674662 0.08829431 -0.228312 -0.03840582 0 -0.03953162 0.08829431 0.09605717 0.1674662 0.1674662 0 0.08829431 0 -0.1284023 0 0.2917597 0.05530157 -0.08176178 -0.04121783 0.1879929 0.17756 0 0 0.27192 -0.02199202 0.1724124 0 0.0146406 0 0.2035335 -0.1592709 -0.1580379 0.2226371 0.02060987 -0.05166808 0.02738493 0.05854403 -0.1298394 0 0.2997858 0 -0.04171385 0.3281327 -0.04743027 0 0 0.3121928 0.3136201 -0.0917898 0
-0.3693179 -0.1887505 -0.3612323 -0.3612323 1.01 -0.13337 -0.5027938 -0.1340474 -0.1343306 -0.1657684 -0.05473105 -0.4874028 -0.1657684 -0.1657684 -0.133945 -0.4859067 -0.06061863 -0.3518516 -0.02850825 -0.3414975 0.1215811 -0.3226863 -0.1649869 -0.3226863 0 0 -0.1378136 -0.3225256 0.597673 0 -0.04883529 -0.0233464 -0.02850825 -0.04858919 0.1476157 -0.05270126 0.137734 -0.1067716 0.1162705 0.1563583 0 -0.04333812 0 0 0.9337752 0.7488876 0 -0.04959899 -0.05495615 -0.06740913 -0.06994579 -0.03798639 -0.2183866 -0.06649565 -0.1031908 -0.01410762 -0.1054263 -0.2932984 -0.1161404 0 -0.1120917 -0.03788958 -0.04839238 -0.07824916 0.1770919 -0.08127943 -0.08201128 -0.03759608 -0.09490551 -0.08882617 -0.06151317 -0.02887378 -0.2040833 -0.1355998 0.1922086 -0.2088885 0 -0.1833384 -0.08631402 -0.01073065 -0.2186471 0.01556466 -0.09464052 -0.04789792 -0.03545099 -0.05404135 0.2637568 -0.1676977 -0.01979012 -0.06887436 -0.2189044 -0.09617344 0 -0.2189044 -0.02855122 -0.1145304 -0.2091487 -0.08040543 -0.2189044 -0.1334113 0.2637568 -0.07406489 -0.0905907 0.09301406 0 0.2835583 -0.08977436 -0.04789792 0.5624663 -0.08909497 0 0.2835583 -0.04789792 -0.05201009 -0.08977436 -0.08977436 0 -0.04789792 0 0.1990862 0 -0.1430893 -0.06729868 0.3966004 -0.0860218 -0.09791803 -0.2541999 0 0 0.02183718 -0.1901117 -0.01663711 0 -0.04075303 0 -0.06897801 -0.07893045 -0.09006625 -0.1960963 -0.002662787 -0.1980633 -0.05198738 -0.04231464 0.4719312 0 0.06803223 0 -0.07082451 -0.141619 0.3956632 0 0 0.03685959 -0.1510868 -0.1617856 0
0.324858 -0.1993245 -0.3677951 -0.3677951 -0.13337 1.01 0.2906273 -0.1371924 -0.136982 0.8398633 -0.05682211 0.2964816 0.8398633 0.8398633 -0.1370872 0.2954992 -0.06125795 -0.3646072 -0.02282656 -0.3576523 0.1195179 -0.3651004 0.8392546 -0.3651004 0 0 0.8358151 -0.364296 -0.230376 0 -0.04763948 -0.03360789 -0.02282656 -0.04673564 0.1416339 -0.05408522 0.1356185 -0.1053559 0.1155485 -0.06454259 0 -0.04279822 0 0 -0.1244222 -0.1720695 0 -0.04819349 -0.05716904 0.03874962 -0.06806117 -0.02491912 -0.2651095 -0.06038952 -0.1126451 -0.05175414 -0.05668775 0.1281014 -0.1679321 0 -0.104267 -0.03965263 -0.04368665 -0.1066571 -0.04233633 -0.1033895 -0.1045248 -0.03725314 0.4873398 -0.09947298 -0.06283486 -0.03026413 0.1174922 0.1585969 -0.06655394 -0.2451559 0 -0.2030914 0.02949097 -0.1058854 -0.2537 -0.0198637 0.4876195 -0.04315698 -0.03201822 -0.0440598 -0.04764519 -0.1898647 0.3041887 0.2362438 -0.2536497 -0.1055472 0 -0.2536497 -0.02993501 -0.1386425 -0.2451069 -0.1028508 -0.2536497 -0.1522847 -0.04764519 0.2633202 -0.009106095 0.1759514 0 -0.005297375 -0.09975353 -0.04315698 -0.08880711 -0.1103373 0 -0.005297375 -0.04315698 -0.04500307 -0.09975353 -0.09975353 0 -0.04315698 0 0.112437 0 -0.1602464 0.09411601 -0.01905693 -0.1103344 -0.1043401 -0.02114984 0 0 -0.05954946 0.07662998 -0.08576431 0 0.112491 0 -0.08172516 0.5185772 0.4650667 -0.2236562 0.04331228 0.1148443 -0.00797968 0.05211126 0.01075435 0 -0.05571236 0 0.2463187 -0.1799418 0.009529784 0 0 -0.04988422 -0.1864225 0.05169308 0
0.1064046 0.3629169 0.6529828 0.6529828 -0.5027938 0.2906273 1.01 0.2608607 0.2614592 0.3456246 0.09762288 0.9713553 0.3456246 0.3456246 0.2613275 0.9674318 0.1172169 0.6925029 0.06733771 0.6737996 0.3595158 0.6720473 0.345051 0.6720473 0 0 0.3288962 0.6712143 -0.7960315 0 0.09487057 -0.09490188 0.06733771 0.08975425 0.2988623 0.1005 0.3394026 -0.3801375 0.3743482 -0.02039165 0 0.100893 0 0 -0.4890207 -0.5657766 0 0.1005197 0.1098358 0.117792 0.1338338 0.07908233 0.3275532 0.0083984 0.2062255 0.0770297 -0.1623313 0.3898466 -0.02653733 0 -0.0287515 0.08602881 0.05843719 -0.145862 -0.0362067 -0.09440897 -0.09167339 -0.1524678 0.2090631 0.08147966 -0.1969513 0.06444679 0.3462597 -0.01041319 -0.2269709 0.0807883 0 0.2344514 0.004526149 0.04585527 0.09320455 0.2478178 0.2086284 0.0573176 -0.1353583 0.03210359 -0.1304992 0.2435178 0.08718536 0.1343155 0.09318608 0.08605186 0 0.09318608 0.06601666 0.1877633 0.08077215 -0.09377147 0.09318608 0.2268629 -0.1304992 0.1443903 -0.2453129 -0.0152099 0 -0.06363236 0.07986617 0.0573176 -0.3231572 -0.122686 0 -0.06363236 0.0573176 0.06301041 0.07986617 0.07986617 0 0.0573176 0 -0.06456961 0 0.2402814 0.1093967 -0.1938578 -0.1261709 0.09628008 0.1845201 0 0 0.2318479 0.04464878 0.1013726 0 0.08764627 0 0.1443682 0.180179 0.2015737 0.07633361 0.09982202 0.06315887 0.007656846 0.08835929 -0.2038568 0 0.2627908 0 0.1215537 0.2113825 -0.1491714 0 0 0.3035081 0.250895 0.01417754 0
-0.1611463 -0.1574308 0.3686175 0.3686175 -0.1340474 -0.1371924 0.2608607 1.01 0.9994781 -0.1625262 0.05045327 0.2675585 -0.1625262 -0.1625262 0.9992171 0.2662041 -0.04536823 0.3741284 -0.03649838 0.3839421 0.09198621 0.3741996 -0.1628828 0.3741996 0 0 -0.1619591 0.3688364 -0.2124151 0 -0.03496808 -0.0294879 -0.03649838 -0.03047541 0.1204309 0.3880699 0.1135131 -0.1051434 0.09170409 -0.06561555 0 -0.05667142 0 0 -0.1341428 -0.1686406 0 -0.04275737 0.3125313 -0.06432998 0.4173866 0.03853249 0.3982611 -0.0582019 0.6739801 -0.06255649 0.09474181 0.1319754 0.3388974 0 -0.09968542 0.005490995 0.0681644 0.3237398 -0.007251029 0.3354628 0.333555 -0.03912507 0.000173432 -0.07727711 -0.05223361 -0.02125682 -0.007398376 0.2997928 -0.07491593 0.2728742 0 0.002849282 -0.08779397 -0.08052943 0.2867422 0.09751013 0.000493877 0.0675983 -0.03826692 0.06158611 0.03281212 -0.009666713 -0.04596531 -0.06637623 0.2863638 -0.08104496 0 0.2863638 -0.02094779 -0.09738594 0.2724967 0.334824 0.2863638 0.04019542 0.03281212 -0.0686975 -0.09018483 -0.04565009 0 -0.2404434 -0.07815632 0.0675983 -0.0816432 0.3074119 0 -0.2404434 0.0675983 0.06461539 -0.07815632 -0.07815632 0 0.0675983 0 -0.009679171 0 0.05154154 0.1518758 -0.1829355 0.3034312 -0.08720107 0.2967913 0 0 0.1004935 0.2595329 -0.04753659 0 0.1598701 0 0.4803751 0.02620957 0.005953989 0.2332754 0.1087049 -0.07112048 -0.009778938 -0.121176 -0.08987848 0 0.1285139 0 0.1015559 -0.02282122 -0.1515689 0 0 0.09022958 -0.04775148 0.05479906 0
-0.1605461 -0.1571662 0.3693279 0.3693279 -0.1343306 -0.136982 0.2614592 0.9994781 1.01 -0.1622748 0.05054748 0.2684698 -0.1622748 -0.1622748 0.999739 0.2671175 -0.04527999 0.37451 -0.03828391 0.3846324 0.09298002 0.3745795 -0.1626313 0.3745795 0 0 -0.1617063 0.3692135 -0.2124559 0 -0.03490806 -0.02944871 -0.03828391 -0.0304197 0.1212026 0.3882704 0.1143401 -0.1049859 0.09272131 -0.06551665 0 -0.05660216 0 0 -0.1344352 -0.1688045 0 -0.04268039 0.3127202 -0.06423745 0.4176252 0.03861075 0.3986064 -0.0581094 0.6743672 -0.06363212 0.09495887 0.1331483 0.3390879 0 -0.09951459 0.005562447 0.06825924 0.3242189 -0.007128567 0.3359364 0.3340296 -0.03906117 -0.0002827848 -0.07714948 -0.05215059 -0.02120058 -0.007770065 0.2999995 -0.07481536 0.2732113 0 0.002775841 -0.0876557 -0.08038884 0.2870988 0.09851214 3.597418e-05 0.06769268 -0.03820695 0.06168444 0.03290568 -0.009782524 -0.04589683 -0.06627878 0.2867203 -0.08091305 0 0.2867203 -0.02089164 -0.09771755 0.2728336 0.335297 0.2867203 0.03997865 0.03290568 -0.06859566 -0.09004988 -0.04558769 0 -0.2400033 -0.07802836 0.06769268 -0.08151262 0.3078892 0 -0.2400033 0.06769268 0.06471136 -0.07802836 -0.07802836 0 0.06769268 0 -0.009582349 0 0.05134354 0.1520343 -0.1833805 0.3039073 -0.08706532 0.2968944 0 0 0.1014683 0.2597994 -0.04742273 0 0.1599929 0 0.4806498 0.02637593 0.005479344 0.2336459 0.1089128 -0.07076263 -0.009644381 -0.1209628 -0.08958705 0 0.1292352 0 0.101688 -0.02290487 -0.1512246 0 0 0.09098494 -0.04778509 0.05483138 0
0.409571 -0.2338567 -0.3470237 -0.3470237 -0.1657684 0.8398633 0.3456246 -0.1625262 -0.1622748 1.01 -0.07024088 0.3550951 1 1 -0.1624005 0.3547121 -0.06939358 -0.4337348 -0.03739857 -0.4231248 0.1404673 -0.4337602 0.9991555 -0.4337602 0 0 0.9803172 -0.432617 -0.2768698 0 -0.06113021 -0.04229669 -0.03739857 -0.05762497 0.1238824 -0.05832909 0.1589328 -0.1265665 0.1362821 -0.07838157 0 -0.05312828 0 0 -0.1562569 -0.1816183 0 -0.05887311 -0.06923572 0.009285531 -0.08092011 -0.03799052 -0.1161409 -0.07198276 -0.1327675 0.04706232 -0.08988462 0.08211542 -0.1005827 0 -0.1337574 -0.04890683 -0.05254889 -0.1574366 -0.0637938 -0.1533556 -0.1548528 -0.04539232 0.3963695 -0.1205239 -0.07509293 -0.04055052 0.07749579 0.06104814 -0.07391182 -0.2788541 0 -0.192142 0.1763545 -0.1040023 -0.2892029 0.02087363 0.3968849 -0.05191842 -0.03954465 -0.05598264 -0.06321608 -0.1890029 0.254968 0.1928169 -0.2891456 -0.1262355 0 -0.2891456 -0.04016967 -0.1190723 -0.2787983 -0.1527127 -0.2891456 -0.1373154 -0.06321608 0.2180416 -0.04111053 0.1400305 0 0.1009411 -0.1210616 -0.05191842 -0.1086407 -0.1494245 0 0.1009411 -0.05191842 -0.05377764 -0.1210616 -0.1210616 0 -0.05191842 0 0.08504357 0 -0.1465507 0.0598826 -0.07930133 -0.1495073 -0.1264567 -0.09812951 0 0 -0.01683745 -0.01516653 -0.09925332 0 0.08464079 0 -0.08429938 0.4280362 0.3748538 -0.2678011 0.06524415 0.2163223 -0.03324522 0.005313291 -0.04431028 0 -0.01568262 0 0.201646 -0.1812649 -0.06109481 0 0 -0.01362906 -0.005973567 0.001028298 0
-0.1009251 -0.04864221 -0.01526195 -0.01526195 -0.05473105 -0.05682211 0.09762288 0.05045327 0.05054748 -0.07024088 1.01 0.1004734 -0.07024088 -0.07024088 0.05050037 0.09988287 -0.014841 0.1478193 -0.008102976 0.1513641 0.03817228 0.147476 -0.07035936 0.147476 0 0 -0.06982088 0.147161 -0.07877269 0 0.8792007 -0.01264191 -0.008102976 0.8118018 0.001843897 -0.01955021 0.04048864 -0.03088308 0.0375695 -0.01483262 0 -0.01711024 0 0 -0.0502673 -0.06739716 0 -0.01003225 -0.002567825 -0.01579821 0.1574357 -0.01726241 0.01688639 -0.01406959 0.01387115 -0.01811259 -0.03020351 0.06435637 0.146406 0 -0.03401705 -0.01499418 -0.002883677 -0.0008537945 0.127366 0.1055551 0.106136 -0.01454302 0.02810013 -0.02751799 -0.02117185 -0.01515202 -0.03720602 0.1087308 -0.01966746 0.04342531 0 -0.05931923 0.02874521 -0.03147516 0.04263968 0.05049748 0.022079 -0.002675639 -0.01591014 -0.003546376 0.2200306 -0.05477474 -0.01180543 -0.02805611 0.04263123 -0.02855678 0 0.04263123 -0.01506335 -0.03816851 0.04341663 0.104785 0.04263123 -0.04576649 0.2200306 -0.02609368 -0.03030508 -0.01140653 0 -0.02706115 -0.02598412 -0.002675639 -0.04245662 0.09683349 0 -0.02706115 -0.002675639 -0.004397472 -0.02598412 -0.02598412 0 -0.002675639 0 -0.01893072 0 0.09926761 -0.01391626 -0.0208227 0.09659957 -0.02474661 0.06919169 0 0 0.05263954 0.1306385 -0.03371534 0 -0.003672797 0 -0.02502062 -0.02984288 0.02584638 0.08726645 0.05793162 0.0314447 -0.02572204 0.02240279 0.0435757 0 0.06031505 0 -0.01242292 -0.0312258 0.01760816 0 0 0.06194566 -0.04287766 0.1006479 0
0.1145428 0.3754143 0.6756443 0.6756443 -0.4874028 0.2964816 0.9713553 0.2675585 0.2684698 0.3550951 0.1004734 1.01 0.3550951 0.3550951 0.2683468 0.9960822 0.121247 0.660371 -0.1137555 0.6941014 0.3908416 0.660865 0.3545554 0.660865 0 0 0.338918 0.6599299 -0.7734195 0 0.09745365 -0.09282935 -0.1137555 0.09164678 0.3213623 0.1047845 0.3358301 -0.3708067 0.3739683 -0.02511546 0 0.1021758 0 0 -0.4732518 -0.54725 0 0.1038312 0.1138456 0.1218044 0.1374548 0.08230149 0.2952598 0.01412225 0.1735981 -0.03265999 -0.155135 0.4029416 -0.04486163 0 -0.01982918 0.08763043 0.06085167 -0.1278759 -0.02837826 -0.07775325 -0.07509353 -0.1456564 0.1559735 0.08795817 -0.1903299 0.05102243 0.3183734 -0.02205405 -0.2179993 0.09985419 0 0.2390578 0.01406503 0.0520703 0.1127181 0.2736315 0.1553636 0.05970052 -0.1290848 0.03546563 -0.123851 0.2473722 0.08801682 0.1388387 0.1122858 0.09176538 0 0.1122858 0.05251645 0.1904568 0.09942253 -0.07739725 0.1122858 0.2272852 -0.123851 0.1494618 -0.2381287 -0.01374781 0 -0.04130245 0.08595917 0.05970052 -0.3118583 -0.1051276 0 -0.04130245 0.05970052 0.06568162 0.08595917 0.08595917 0 0.05970052 0 -0.06357705 0 0.2412385 0.1142066 -0.1780324 -0.1085717 0.1026532 0.178909 0 0 0.2568525 0.0361389 0.1080659 0 0.0899822 0 0.1490428 0.1850578 0.1477512 0.09674058 0.1079574 0.07801948 0.01344031 0.08600325 -0.1898475 0 0.2796741 0 0.1242626 0.2200778 -0.1320749 0 0 0.2955381 0.2623883 -0.02296471 0
0.409571 -0.2338567 -0.3470237 -0.3470237 -0.1657684 0.8398633 0.3456246 -0.1625262 -0.1622748 1 -0.07024088 0.3550951 1.01 1 -0.1624005 0.3547121 -0.06939358 -0.4337348 -0.03739857 -0.4231248 0.1404673 -0.4337602 0.9991555 -0.4337602 0 0 0.9803172 -0.432617 -0.2768698 0 -0.06113021 -0.04229669 -0.03739857 -0.05762497 0.1238824 -0.05832909 0.1589328 -0.1265665 0.1362821 -0.07838157 0 -0.05312828 0 0 -0.1562569 -0.1816183 0 -0.05887311 -0.06923572 0.009285531 -0.08092011 -0.03799052 -0.1161409 -0.07198276 -0.1327675 0.04706232 -0.08988462 0.08211542 -0.1005827 0 -0.1337574 -0.04890683 -0.05254889 -0.1574366 -0.0637938 -0.1533556 -0.1548528 -0.04539232 0.3963695 -0.1205239 -0.07509293 -0.04055052 0.07749579 0.06104814 -0.07391182 -0.2788541 0 -0.192142 0.1763545 -0.1040023 -0.2892029 0.02087363 0.3968849 -0.05191842 -0.03954465 -0.05598264 -0.06321608 -0.1890029 0.254968 0.1928169 -0.2891456 -0.1262355 0 -0.2891456 -0.04016967 -0.1190723 -0.2787983 -0.1527127 -0.2891456 -0.1373154 -0.06321608 0.2180416 -0.04111053 0.1400305 0 0.1009411 -0.1210616 -0.05191842 -0.1086407 -0.1494245 0 0.1009411 -0.05191842 -0.05377764 -0.1210616 -0.1210616 0 -0.05191842 0 0.08504357 0 -0.1465507 0.0598826 -0.07930133 -0.1495073 -0.1264567 -0.09812951 0 0 -0.01683745 -0.01516653 -0.09925332 0 0.08464079 0 -0.08429938 0.4280362 0.3748538 -0.2678011 0.06524415 0.2163223 -0.03324522 0.005313291 -0.04431028 0 -0.01568262 0 0.201646 -0.1812649 -0.06109481 0 0 -0.01362906 -0.005973567 0.001028298 0
0.409571 -0.2338567 -0.3470237 -0.3470237 -0.1657684 0.8398633 0.3456246 -0.1625262 -0.1622748 1 -0.07024088 0.3550951 1 1.01 -0.1624005 0.3547121 -0.06939358 -0.4337348 -0.03739857 -0.4231248 0.1404673 -0.4337602 0.9991555 -0.4337602 0 0 0.9803172 -0.432617 -0.2768698 0 -0.06113021 -0.04229669 -0.03739857 -0.05762497 0.1238824 -0.05832909 0.1589328 -0.1265665 0.1362821 -0.07838157 0 -0.05312828 0 0 -0.1562569 -0.1816183 0 -0.05887311 -0.06923572 0.009285531 -0.08092011 -0.03799052 -0.1161409 -0.07198276 -0.1327675 0.04706232 -0.08988462 0.08211542 -0.1005827 0 -0.1337574 -0.04890683 -0.05254889 -0.1574366 -0.0637938 -0.1533556 -0.1548528 -0.04539232 0.3963695 -0.1205239 -0.07509293 -0.04055052 0.07749579 0.06104814 -0.07391182 -0.2788541 0 -0.192142 0.1763545 -0.1040023 -0.2892029 0.02087363 0.3968849 -0.05191842 -0.03954465 -0.05598264 -0.06321608 -0.1890029 0.254968 0.1928169 -0.2891456 -0.1262355 0 -0.2891456 -0.04016967 -0.1190723 -0.2787983 -0.1527127 -0.2891456 -0.1373154 -0.06321608 0.2180416 -0.04111053 0.1400305 0 0.1009411 -0.1210616 -0.05191842 -0.1086407 -0.1494245 0 0.1009411 -0.05191842 -0.05377764 -0.1210616 -0.1210616 0 -0.05191842 0 0.08504357 0 -0.1465507 0.0598826 -0.07930133 -0.1495073 -0.1264567 -0.09812951 0 0 -0.01683745 -0.01516653 -0.09925332 0 0.08464079 0 -0.08429938 0.4280362 0.3748538 -0.2678011 0.06524415 0.2163223 -0.03324522 0.005313291 -0.04431028 0 -0.01568262 0 0.201646 -0.1812649 -0.06109481 0 0 -0.01362906 -0.005973567 0.001028298 0
-0.1608463 -0.1568873 0.3692944 0.3692944 -0.133945 -0.1370872 0.2613275 0.9992171 0.999739 -0.1624005 0.05050037 0.2683468 -0.1624005 -0.1624005 1.01 0.2669937 -0.04532411 0.3744802 -0.03830715 0.3846097 0.09306483 0.3745504 -0.162757 0.3745504 0 0 -0.1618327 0.3691858 -0.2122532 0 -0.03493807 -0.0294683 -0.03830715 -0.03044755 0.1213056 0.3881701 0.1144376 -0.1050646 0.09280421 -0.0655661 0 -0.05663679 0 0 -0.1340424 -0.1685127 0 -0.04271888 0.3126257 -0.06428372 0.4175059 0.03857161 0.3982685 -0.05815566 0.6741736 -0.06366946 0.09485032 0.1332597 0.3391676 0 -0.09960001 0.005526715 0.06821181 0.3243485 -0.006323293 0.3360727 0.3341643 -0.03909312 -0.0003723308 -0.0772133 -0.0521921 -0.02122871 -0.007956525 0.3000685 -0.07486565 0.2732042 0 0.002611813 -0.08772484 -0.08045914 0.2870813 0.09859511 -5.334845e-05 0.06764548 -0.03823694 0.06163526 0.03412428 -0.009934018 -0.04593107 -0.06632751 0.2867028 -0.08097901 0 0.2867028 -0.02091972 -0.09781442 0.2728266 0.3354336 0.2867028 0.0398469 0.03412428 -0.06864658 -0.09011736 -0.0456189 0 -0.2398921 -0.07809235 0.06764548 -0.08157792 0.308016 0 -0.2398921 0.06764548 0.06466337 -0.07809235 -0.07809235 0 0.06764548 0 -0.009630767 0 0.05120688 0.151955 -0.183158 0.3040343 -0.0871332 0.2968428 0 0 0.101553 0.2598318 -0.04747967 0 0.1599315 0 0.4805124 0.02629274 0.005391682 0.2336208 0.1088089 -0.07094158 -0.009711669 -0.1205909 -0.08932021 0 0.1293456 0 0.1016219 -0.0230644 -0.1506639 0 0 0.09109524 -0.04795817 0.05463022 0
0.1115233 0.3730733 0.6723188 0.6723188 -0.4859067 0.2954992 0.9674318 0.2662041 0.2671175 0.3547121 0.09988287 0.9960822 0.3547121 0.3547121 0.2669937 1.01 0.1204808 0.6601847 -0.1131886 0.6936819 0.3932666 0.6604878 0.3541687 0.6604878 0 0 0.3382353 0.6595622 -0.7758263 0 0.0969356 -0.09332665 -0.1131886 0.09117206 0.3171892 0.1049471 0.3315875 -0.3716241 0.3763508 -0.02615806 0 0.1015268 0 0 -0.475125 -0.5498468 0 0.1031529 0.1131238 0.1209532 0.1365962 0.08180124 0.298319 0.02651473 0.172153 -0.03276219 -0.1569015 0.4040838 -0.04623032 0 -0.02157375 0.08904472 0.06118279 -0.130344 -0.02781885 -0.08056459 -0.07791694 -0.1446543 0.1553827 0.0867408 -0.1920346 0.05052997 0.3170935 -0.024734 -0.2209592 0.09722728 0 0.239018 0.01440262 0.05070043 0.1101775 0.2744439 0.1547784 0.0600366 -0.1288759 0.03565648 -0.1230704 0.2468324 0.0873891 0.1385478 0.1097454 0.09050498 0 0.1097454 0.05202684 0.1907212 0.09679576 -0.08020441 0.1097454 0.2274695 -0.1230704 0.1491145 -0.2397381 -0.01353333 0 -0.03792718 0.08473487 0.0600366 -0.313475 -0.1076113 0 -0.03792718 0.0600366 0.06597351 0.08473487 0.08473487 0 0.0600366 0 -0.06449318 0 0.2413402 0.1139473 -0.1736249 -0.1110594 0.1013538 0.1762705 0 0 0.2577102 0.03316928 0.1081332 0 0.08941704 0 0.1480451 0.1843113 0.1472189 0.09433959 0.1073525 0.07601245 0.01329673 0.08271389 -0.1930227 0 0.2809586 0 0.1241613 0.2259482 -0.1353138 0 0 0.2966942 0.2680014 -0.02371322 0
0.1638417 0.2226619 0.1681067 0.1681067 -0.06061863 -0.06125795 0.1172169 -0.04536823 -0.04527999 -0.06939358 -0.014841 0.121247 -0.06939358 -0.06939358 -0.04532411 0.1204808 1.01 0.1654066 -0.01351634 0.1702196 0.05299453 0.1660266 -0.069558 0.1660266 0 0 -0.07029374 0.1660133 -0.08844899 0 -0.01017662 0.003100258 -0.01351634 -0.008719366 -0.3036096 -0.01875445 -0.3270009 -0.04640923 0.02071356 0.6602567 0 -0.02712415 0 0 -0.05896244 0.01246156 0 0.8795939 -0.01533833 0.2394481 -0.02180332 0.5151545 0.1162004 0.7184732 -0.04791575 0.1850618 -0.02979294 0.05047878 -0.02250424 0 0.1270753 -0.01575614 -0.01900139 -0.02424816 -0.02596481 -0.01742637 -0.004470563 -0.03120228 -0.04144027 -0.05132079 -0.005061381 0.5524796 0.02844914 -0.03370617 -0.03487969 0.03475159 0 0.0498806 -0.04317617 -0.05694998 0.03041355 0.03426708 -0.04108683 -0.01879179 -0.0318162 -0.02031731 -0.02051875 0.06005778 -0.02463957 0.1086417 0.03040752 -0.0516771 0 0.03040752 0.554125 -0.05276321 0.03474465 -0.01720819 0.03040752 0.1027791 -0.02051875 0.1035391 -0.0239442 -0.0287186 0 0.009772136 -0.05167354 -0.01879179 -0.03521003 -0.01202897 0 0.009772136 -0.01879179 -0.01772761 -0.05167354 -0.05167354 0 -0.01879179 0 -0.03570729 0 0.09922336 -0.02822977 0.01255246 -0.01292716 0.1373825 -0.1028607 0 0 0.03534765 -0.0589582 -0.02868946 0 -0.0112149 0 -0.03937755 -0.04182979 -0.04161916 0.01463017 0.04406021 0.1232201 -0.04112607 0.07713609 -0.06734264 0 0.05454756 0 -0.01835599 0.02936566 -0.09273604 0 0 0.04731347 0.01857651 -0.03227275 0
-0.2112072 0.5268965 0.8924259 0.8924259 -0.3518516 -0.3646072 0.6925029 0.3741284 0.37451 -0.4337348 0.1478193 0.660371 -0.4337348 -0.4337348 0.3744802 0.6601847 0.1654066 1.01 0.09463122 0.973661 0.2437638 0.9803596 -0.4336381 0.9803596 0 0 -0.4347209 0.9786806 -0.5519512 0 0.1381718 -0.05865376 0.09463122 0.1305559 0.1967521 0.1422414 0.209425 -0.2677917 0.2613407 0.04076318 0 0.137104 0 0 -0.3492254 -0.4039416 0 0.1419176 0.1588247 0.1063374 0.1908816 0.1052611 0.4048905 0.06350073 0.2980902 0.03817922 -0.08662749 0.3141585 0.05201525 0 0.073595 0.1212441 0.09659993 -0.02061009 0.01547323 0.02565631 0.02944183 -0.1115242 -0.1024228 0.170564 -0.1327704 0.09315027 0.2744652 -0.05755979 -0.1633344 0.2913424 0 0.3740553 -0.1299652 0.1233209 0.3112431 0.2259549 -0.1032368 0.09504034 -0.09957646 0.07394267 -0.07517673 0.3800821 -0.1114094 -0.01898567 0.3111815 0.1793593 0 0.3111815 0.09436637 0.2728506 0.2912841 0.02577514 0.3111815 0.3247096 -0.07517673 -0.02860116 -0.2038004 -0.1217319 0 -0.1366154 0.1694285 0.09504034 -0.2268639 -0.004453116 0 -0.1366154 0.09504034 0.101941 0.1694285 0.1694285 0 0.09504034 0 -0.1276227 0 0.3446788 0.0595023 -0.1234218 -0.007735992 0.1893848 0.2527231 0 0 0.2394101 0.05376246 0.1737749 0 0.01953777 0 0.2026213 -0.1549283 -0.0931449 0.2789063 0.04712912 -0.1048361 0.0331718 0.07967052 -0.1626575 0 0.2685226 0 -0.03811898 0.3457895 -0.09713205 0 0 0.3065681 0.2495781 0.01333001 0
-0.0827911 -0.04448401 -0.08967629 -0.08967629 -0.02850825 -0.02282656 0.06733771 -0.03649838 -0.03828391 -0.03739857 -0.008102976 -0.1137555 -0.03739857 -0.03739857 -0.03830715 -0.1131886 -0.01351634 0.09463122 1.01 -0.08040498 0.02817186 0.09498365 -0.03749333 0.09498365 0 0 -0.03938806 0.09534335 -0.05357866 0 -0.008964052 -0.005577684 1 -0.006536641 0.03449563 -0.01912866 0.03301778 -0.02505135 0.0287216 -0.003837574 0 -0.00655813 0 0 -0.03040295 -0.0436194 0 -0.008170412 -0.02264774 -0.01751959 -0.02508125 -0.01290584 0.104181 -0.0129938 -0.02807476 0.612003 -0.02246095 0.03849517 0.1189482 0 -0.03743587 -0.003376632 -0.01561154 -0.05941324 -0.02238371 -0.05643379 -0.05568654 -0.01603712 0.2892759 -0.03146096 -0.01980825 -0.0113802 0.1507798 0.1005225 -0.0153201 -0.06977744 0 -0.02731667 -0.03840165 -0.02648806 -0.07292817 0.02955387 0.2900873 -0.01551042 -0.01461159 -0.01750776 -0.01878502 -0.02308002 -0.009306564 -0.01294061 -0.07291372 -0.03072614 0 -0.07291372 -0.01131614 0.006432352 -0.06976349 -0.05630962 -0.07291372 -0.005697992 -0.01878502 -0.01508322 -0.01843926 0.008025992 0 -0.05930548 -0.03165523 -0.01551042 -0.02281075 -0.05818512 0 -0.05930548 -0.01551042 -0.01635412 -0.03165523 -0.03165523 0 -0.01551042 0 0.009900452 0 -0.007021719 -0.02465444 -0.03262519 -0.05822897 -0.03271003 0.07744836 0 0 0.02926222 0.0812623 -0.01780496 0 -0.01095249 0 -0.0133918 -0.02659765 0.2963373 -0.07218095 -0.03753281 -0.05549768 -0.01548858 0.03499799 -0.02740282 0 0.03551549 0 -0.01364003 -0.01544412 -0.04622731 0 0 0.03614219 -0.02928569 0.1254287 0
-0.2033212 0.5395614 0.9187368 0.9187368 -0.3414975 -0.3576523 0.6737996 0.3839421 0.3846324 -0.4231248 0.1513641 0.6941014 -0.4231248 -0.4231248 0.3846097 0.6936819 0.1702196 0.973661 -0.08040498 1.01 0.2720341 0.9759468 -0.4229997 0.9759468 0 0 -0.4236991 0.9741626 -0.539278 0 0.1414384 -0.05749707 -0.08040498 0.1331151 0.2175107 0.147177 0.2050119 -0.2625778 0.2589096 0.03532007 0 0.1398841 0 0 -0.3414423 -0.3932641 0 0.1451654 0.1635664 0.1104309 0.1948543 0.1089864 0.3759258 0.06777955 0.2699352 -0.06701562 -0.08203647 0.3297334 0.03398351 0 0.08356632 0.1234706 0.09937132 -0.003118045 0.02260183 0.04233199 0.04606121 -0.1063161 -0.1525247 0.1778704 -0.1274748 0.08062584 0.2500806 -0.06795185 -0.1572787 0.3115927 0 0.3804226 -0.1216242 0.1299859 0.3320135 0.2520108 -0.1535112 0.09777126 -0.09474203 0.07740028 -0.06992809 0.3858442 -0.1103237 -0.01332979 0.3315503 0.1859485 0 0.3315503 0.08178176 0.2768152 0.3111313 0.04218343 0.3315503 0.326779 -0.06992809 -0.02238954 -0.1996176 -0.1199073 0 -0.1169963 0.1763456 0.09777126 -0.2188419 0.01278938 0 -0.1169963 0.09777126 0.1049981 0.1763456 0.1763456 0 0.09777126 0 -0.126847 0 0.3473817 0.06482231 -0.1110277 0.009514363 0.1962498 0.2497643 0 0 0.2646286 0.04699671 0.1810232 0 0.0223118 0 0.2087637 -0.1490406 -0.1439756 0.3003114 0.05547 -0.09039929 0.03813395 0.0776763 -0.151621 0 0.2856205 0 -0.03360501 0.3554179 -0.08226167 0 0 0.2995248 0.2619902 -0.02304207 0
0.1892012 0.14121 0.1930356 0.1930356 0.1215811 0.1195179 0.3595158 0.09198621 0.09298002 0.1404673 0.03817228 0.3908416 0.1404673 0.1404673 0.09306483 0.3932666 0.05299453 0.2437638 0.02817186 0.2720341 1.01 0.2790405 0.1407828 0.2790405 0 0 0.1412564 0.27938 0.1837679 0 0.03804648 0.02571582 0.02817186 0.03401268 0.8118836 0.03415239 0.8075646 0.08241393 0.9636722 0.04439482 0 0.04289387 0 0 0.1219878 0.1302192 0 0.04500089 0.03952469 0.05110602 0.05045116 0.03105464 0.2230183 0.04170551 0.01424723 0.05516488 0.04624135 0.1926718 0.1437759 0 -0.3268552 0.03552685 -0.0257673 -0.1331113 0.05498646 -0.1446936 -0.1434715 0.05112762 0.09002118 0.06054712 0.04419443 0.0003910577 0.1716215 -0.07189809 -0.2609648 -0.008901541 0 0.1262332 0.07858438 0.06967227 -0.01474628 0.2541212 0.09006399 -0.02641053 0.04607861 -0.07985466 0.02134648 0.1327295 0.04056702 0.06212155 -0.01546017 0.05589574 0 -0.01546017 0.001969642 0.1128435 -0.009619714 -0.1426218 -0.01546017 0.116247 0.02134648 0.06775311 0.02705426 0.0225434 0 0.1128401 0.05481653 -0.02641053 0.08084264 -0.1275608 0 0.1128401 -0.02641053 -0.02422285 0.05481653 0.05481653 0 -0.02641053 0 0.04056929 0 0.118814 0.01289836 0.009161387 -0.1274968 0.05963427 0.02138749 0 0 0.2429826 -0.05234765 0.0685536 0 0.04746934 0 0.06019104 0.07974254 0.08735336 -0.0001993573 0.0196916 -0.08889075 -0.02543781 -0.01609882 -0.0009298407 0 0.4736536 0 0.05104664 0.1423584 0.0273941 0 0 0.4196318 0.1577623 0.09716103 0
-0.2268241 0.526243 0.893177 0.893177 -0.3226863 -0.3651004 0.6720473 0.3741996 0.3745795 -0.4337602 0.147476 0.660865 -0.4337602 -0.4337602 0.3745504 0.6604878 0.1660266 0.9803596 0.09498365 0.9759468 0.2790405 1.01 -0.4336602 1 0 0 -0.434726 0.9981194 -0.552242 0 0.1376546 -0.05825201 0.09498365 0.1299273 0.2261388 0.1427549 0.2129177 -0.2691304 0.2658989 0.03368514 0 0.1368707 0 0 -0.3486849 -0.4036827 0 0.1424674 0.1594061 0.104717 0.1904176 0.1056706 0.3868937 0.0648752 0.2612958 0.03884123 -0.08853557 0.3394953 0.04875171 0 0.07431038 0.1225985 0.09618711 -0.01389564 0.06391078 0.02747869 0.03127509 -0.110014 -0.1041483 0.1692793 -0.1325954 0.07677373 0.2701365 -0.05643301 -0.161746 0.290412 0 0.3697422 -0.1299065 0.1219183 0.3102239 0.2606846 -0.1049718 0.09462323 -0.09806026 0.07365623 -0.07293731 0.3761034 -0.1130789 -0.01695879 0.309766 0.1772874 0 0.309766 0.07794268 0.2739566 0.2899558 0.02736416 0.309766 0.3212781 -0.07293731 -0.02657187 -0.2049716 -0.1202208 0 -0.1149599 0.1677044 0.09462323 -0.2233272 -0.002498401 0 -0.1149599 0.09462323 0.101564 0.1677044 0.1677044 0 0.09462323 0 -0.1274425 0 0.3413726 0.05910935 -0.100775 -0.005777873 0.1874477 0.253623 0 0 0.2730061 0.05389336 0.2216905 0 0.01834387 0 0.2039389 -0.1562442 -0.09459009 0.2785389 0.04721786 -0.1053862 0.03267213 0.08115543 -0.1377989 0 0.2942605 0 -0.03861588 0.3474263 -0.07520521 0 0 0.3080998 0.2513415 -0.006173318 0
0.4093215 -0.2336857 -0.3469946 -0.3469946 -0.1649869 0.8392546 0.345051 -0.1628828 -0.1626313 0.9991555 -0.07035936 0.3545554 0.9991555 0.9991555 -0.162757 0.3541687 -0.069558 -0.4336381 -0.03749333 -0.4229997 0.1407828 -0.4336602 1.01 -0.4336602 0 0 0.9811635 -0.4325152 -0.2774878 0 -0.06123641 -0.04236865 -0.03749333 -0.05772185 0.1242973 -0.05846587 0.1593014 -0.1268728 0.1365922 -0.07857431 0 -0.05327071 0 0 -0.1566504 -0.1821287 0 -0.0590194 -0.06938829 0.00905554 -0.08110286 -0.03810276 -0.1161306 -0.07216191 -0.1330648 0.04684671 -0.09021221 0.08184716 -0.1014081 0 -0.1336207 -0.04901887 -0.05266828 -0.1581147 -0.06400741 -0.1540179 -0.1555174 -0.04551794 0.3957794 -0.1201665 -0.07524762 -0.04065284 0.07759479 0.06008345 -0.07411611 -0.2790768 0 -0.1917198 0.1759216 -0.1037246 -0.2894512 0.02125431 0.3962956 -0.05203759 -0.03966524 -0.05611099 -0.0633479 -0.1884978 0.254655 0.1947109 -0.2893939 -0.1259014 0 -0.2893939 -0.04027186 -0.1186062 -0.279021 -0.1533746 -0.2893939 -0.136969 -0.0633479 0.2198267 -0.04141211 0.1397965 0 0.101719 -0.1207067 -0.05203759 -0.1088892 -0.1501134 0 0.101719 -0.05203759 -0.05390072 -0.1207067 -0.1207067 0 -0.05203759 0 0.08479379 0 -0.1462263 0.05962022 -0.07938405 -0.1501962 -0.1261527 -0.09862102 0 0 -0.01642609 -0.0159379 -0.09945323 0 0.08444068 0 -0.08451512 0.4274693 0.3742872 -0.2681221 0.06485347 0.216332 -0.03350237 0.00519378 -0.04459259 0 -0.01515211 0 0.2013245 -0.1808434 -0.06095815 0 0 -0.01312296 -0.005472888 0.0002514488 0
-0.2268241 0.526243 0.893177 0.893177 -0.3226863 -0.3651004 0.6720473 0.3741996 0.3745795 -0.4337602 0.147476 0.660865 -0.4337602 -0.4337602 0.3745504 0.6604878 0.1660266 0.9803596 0.09498365 0.9759468 0.2790405 1 -0.4336602 1.01 0 0 -0.434726 0.9981194 -0.552242 0 0.1376546 -0.05825201 0.09498365 0.1299273 0.2261388 0.1427549 0.2129177 -0.2691304 0.2658989 0.03368514 0 0.1368707 0 0 -0.3486849 -0.4036827 0 0.1424674 0.1594061 0.104717 0.1904176 0.1056706 0.3868937 0.0648752 0.2612958 0.03884123 -0.08853557 0.3394953 0.04875171 0 0.07431038 0.1225985 0.09618711 -0.01389564 0.06391078 0.02747869 0.03127509 -0.110014 -0.1041483 0.1692793 -0.1325954 0.07677373 0.2701365 -0.05643301 -0.161746 0.290412 0 0.3697422 -0.1299065 0.1219183 0.3102239 0.2606846 -0.1049718 0.09462323 -0.09806026 0.07365623 -0.07293731 0.3761034 -0.1130789 -0.01695879 0.309766 0.1772874 0 0.309766 0.07794268 0.2739566 0.2899558 0.02736416 0.309766 0.3212781 -0.07293731 -0.02657187 -0.2049716 -0.1202208 0 -0.1149599 0.1677044 0.09462323 -0.2233272 -0.002498401 0 -0.1149599 0.09462323 0.101564 0.1677044 0.1677044 0 0.09462323 0 -0.1274425 0 0.3413726 0.05910935 -0.100775 -0.005777873 0.1874477 0.253623 0 0 0.2730061 0.05389336 0.2216905 0 0.01834387 0 0.2039389 -0.1562442 -0.09459009 0.2785389 0.04721786 -0.1053862 0.03267213 0.08115543 -0.1377989 0 0.2942605 0 -0.03861588 0.3474263 -0.07520521 0 0 0.3080998 0.2513415 -0.006173318 0
0 0 0 0 0 0 0 0 0 0 0 0 0 0 0 0 0 0 0 0 0 0 0 0 1.01 0 0 0 0 0 0 0 0 0 0 0 0 0 0 0 0 0 0 0 0 0 0 0 0 0 0 0 0 0 0 0 0 0 0 0 0 0 0 0 0 0 0 0 0 0 0 0 0 0 0 0 0 0 0 0 0 0 0 0 0 0 0 0 0 0 0 0 0 0 0 0 0 0 0 0 0 0 0 0 0 0 0 0 0 0 0 0 0 0 0 0 0 0 0 0 0 0 0 0 0 0 0 0 0 0 0 0 0 0 0 0 0 0 0 0 0 0 0 0 0 0 0 0 0 0 0 0 0 0 0 0
0 0 0 0 0 0 0 0 0 0 0 0 0 0 0 0 0 0 0 0 0 0 0 0 0 1.01 0 0 0 0 0 0 0 0 0 0 0 0 0 0 0 0 0 0 0 0 0 0 0 0 0 0 0 0 0 0 0 0 0 0 0 0 0 0 0 0 0 0 0 0 0 0 0 0 0 0 0 0 0 0 0 0 0 0 0 0 0 0 0 0 0 0 0 0 0 0 0 0 0 0 0 0 0 0 0 0 0 0 0 0 0 0 0 0 0 0 0 0 0 0 0 0 0 0 0 0 0 0 0 0 0 0 0 0 0 0 0 0 0 0 0 0 0 0 0 0 0 0 0 0 0 0 0 0 0 0
0.3926483 -0.2348756 -0.3479465 -0.3479465 -0.1378136 0.8358151 0.3288962 -0.1619591 -0.1617063 0.9803172 -0.06982088 0.338918 0.9803172 0.9803172 -0.1618327 0.3382353 -0.07029374 -0.4347209 -0.03938806 -0.4236991 0.1412564 -0.434726 0.9811635 -0.434726 0 0 1.01 -0.4335738 -0.258904 0 -0.0616999 -0.04268205 -0.03938806 -0.05814332 0.1261907 -0.05807462 0.1609481 -0.1292045 0.1370273 -0.08017491 0 -0.05292391 0 0 -0.1295638 -0.1591992 0 -0.05967612 -0.07096276 0.007181708 -0.08191794 -0.03861186 -0.1295611 -0.07376366 -0.1329245 0.04485994 -0.09268826 0.08259452 -0.1162239 0 -0.1318568 -0.04951905 -0.05550726 -0.1582821 -0.06150931 -0.1537831 -0.1553015 -0.04720715 0.3926728 -0.1194302 -0.07507399 -0.04111262 0.06267081 0.05819152 -0.07575301 -0.2906623 0 -0.2064281 0.1764596 -0.127351 -0.3016204 -0.008777947 0.3931924 -0.05488465 -0.04139503 -0.05881345 -0.05987492 -0.1884316 0.2519487 0.194392 -0.3015606 -0.125817 0 -0.3015606 -0.0407313 -0.1190721 -0.2906042 -0.1531377 -0.3015606 -0.1373704 -0.05987492 0.2193154 -0.04392132 0.1407922 0 0.09883209 -0.1199793 -0.05488465 -0.1105734 -0.1632597 0 0.09883209 -0.05488465 -0.05669414 -0.1199793 -0.1199793 0 -0.05488465 0 0.08525341 0 -0.1466859 0.05909195 -0.08263593 -0.1633323 -0.1256055 -0.1121212 0 0 -0.04563839 -0.02991769 -0.09899042 0 0.08342308 0 -0.09075908 0.4250169 0.3713085 -0.2803518 0.06344681 0.2152086 -0.0359992 0.005846077 -0.04683594 0 -0.0228007 0 0.1988093 -0.1823777 -0.06184699 0 0 -0.02164828 -0.007094094 -0.001682806 0
-0.227828 0.5271668 0.8915319 0.8915319 -0.3225256 -0.364296 0.6712143 0.3688364 0.3692135 -0.432617 0.147161 0.6599299 -0.432617 -0.432617 0.3691858 0.6595622 0.1660133 0.9786806 0.09534335 0.9741626 0.27938 0.9981194 -0.4325152 0.9981194 0 0 -0.4335738 1.01 -0.5509942 0 0.1371692 -0.05798374 0.09534335 0.1293315 0.2262776 0.1425114 0.2131977 -0.268452 0.2662825 0.03325415 0 0.1374049 0 0 -0.3482628 -0.4027542 0 0.1422903 0.1600019 0.1053938 0.1911277 0.1060845 0.3855548 0.06491922 0.2549295 0.03939808 -0.08782412 0.3386053 0.04637292 0 0.074792 0.1220984 0.09664436 -0.01689372 0.06305193 0.02415226 0.0279744 -0.1095954 -0.1035133 0.1697457 -0.132047 0.07715679 0.2714745 -0.05905118 -0.1627082 0.2884875 0 0.3709963 -0.128972 0.1220681 0.3084092 0.2599575 -0.1043409 0.09507841 -0.09766366 0.07414046 -0.07324262 0.377202 -0.1126222 -0.01742113 0.3079516 0.1777993 0 0.3079516 0.07832499 0.2749975 0.2880316 0.02403509 0.3079516 0.322229 -0.07324262 -0.02751471 -0.2044905 -0.1198018 0 -0.1138266 0.1681753 0.09507841 -0.2224687 -0.00564754 0 -0.1138266 0.09507841 0.1020352 0.1681753 0.1681753 0 0.09507841 0 -0.1275457 0 0.3420861 0.05978515 -0.1000487 -0.00892248 0.1880094 0.2519743 0 0 0.2722487 0.0516433 0.2214528 0 0.01878772 0 0.1951223 -0.1557852 -0.09399419 0.2769055 0.0474747 -0.1038772 0.0329875 0.08174805 -0.1377458 0 0.2933868 0 -0.03866844 0.3486654 -0.07497428 0 0 0.3073177 0.2528044 -0.004826598 0
