1.01 0 0 0 0 0 0 0 0 0 0 0 0 0 0 0 0 0 0 0 0 0 0 0 0 0 0 0 0 0 0 0 0 0 0 0 0 0 0 0 0 0 0 0 0 0 0 0 0 0 0 0 0 0 0 0 0 0 0 0 0 0 0 0 0 0 0 0 0 0 0 0 0 0 0 0 0 0 0 0 0 0 0 0 0 0 0 0 0 0 0 0 0 0 0 0 0 0 0 0 0 0 0 0 0 0 0 0 0 0 0 0 0 0 0 0 0 0 0 0 0 0 0 0 0 0 0 0 0 0 0 0 0 0 0 0 0 0 0 0 0 0 0 0 0 0 0 0 0 0 0 0 0 0 0 0 0 0 0 0 0 0 0 0 0 0 0 0 0 0 0 0 0 0 0 0 0 0 0 0 0 0 0 0 0 0 0 0 0 0 0 0 0 0 0 0 0
0 1.01 0.0908386 0.06639601 0.2289527 0.03479303 0.05787069 -0.5678299 0.08244884 0.0837638 0 0.2315999 0.1511214 0.4490002 0.05426051 0.1535048 0.09543143 0.03507042 0.2255452 0 0.7176087 0.1397162 0.1397162 0.9522926 0.222722 0.09327428 0.03970627 0.999741 0.06264019 0.1276676 0.209479 0 0 0.1276676 0.2102706 0 0 0.6666206 0.2261453 0.2429558 0.05137644 0.04806407 0.2464284 0.09398039 0.03044059 0 0.4266421 0.04806407 0.09913396 0.2252704 0.06639601 0.05524915 0.2232664 0.06639601 0.2248983 0.06721344 0.1397162 0.04326019 0.03970627 0.05069969 0.03530058 -0.526783 0.609744 0.04850597 0.1378861 0.08641112 0.1336394 0.1662026 0.05959693 0.04765821 0.1662026 0.0950212 0.1716409 0.04765821 0.0477996 0.3272609 0.1662026 0 0.1662026 0.1662026 0.1662026 0.1662026 0.164583 0.164583 0.1662026 0.0561344 0.1657918 0.03911744 0.1708112 0.1661636 0.1662026 0.03693662 0.1281843 0.03517796 0.1501523 0.03570736 0.1673005 0.08409531 0.157339 0.1524102 0.1535737 0.2508814 -0.5247375 0.254914 0.04637746 0.28121 0.04959683 0.03897572 0.05257359 0 0.1245619 0.4547964 0.0530409 0.06974751 0 0.01360127 0 -0.002067017 0.03410274 0 0.132708 0.1325061 0.1329902 0.4347499 0.4194037 0.4075282 0.048481 0.132708 0.04033679 0.03731413 0.07064549 0 0.03410274 0.03410274 0.09560838 0.434439 0.1166461 -0.05333666 0.03654418 0 0.1048955 0.1159668 0 0.1494013 0.1102105 0.05339136 0 0.137026 0.08657716 0.08657716 0.04947925 0.08103899 0.05338607 0.03994544 0 0 0 -0.1484401 0 0.08705476 -0.1748241 0.08494639 -0.002372464 0.08705476 0.0868161 0 -0.004817444 0.1185595 0.08857268 -0.001719847 0.09836807 -0.3078464 0 0.124548 0.04986426 -0.02366613 -0.02366613 -0.02366613 0.141852 0.1828315 0.05780083 -0.2331307 0.1283575 -0.09752579 0.1315928 0.03900664 0 -0.2627562 0.04879991 0.1216426 0.03534473 0.2361675 0 0.07778769 0 0.07228823 0.1443123
0 0.0908386 1.01 -0.05240529 0.3931056 -0.02762064 -0.04202237 -0.05277395 -0.0628614 -0.07110502 0 0.3891951 -0.1004288 0.2015026 -0.03492824 -0.09950314 -0.06681386 -0.02757684 0.3998859 0 0.06042139 -0.09634693 -0.09634693 0.09590462 -0.1612844 -0.07479817 -0.02857524 0.09090931 -0.04325595 0.7257749 0.4292768 0 0 0.7257749 0.4287687 0 0 0.1343667 -0.1653579 -0.1772768 -0.04768518 -0.0485312 -0.1820443 -0.06650982 -0.004856767 0 0.2060595 -0.0485312 -0.09369491 0.3972507 -0.05240529 -0.04593414 -0.1627883 -0.05240529 0.3972935 -0.05455485 -0.09634693 -0.03375252 -0.02857524 -0.03590865 -0.02775044 -0.04895192 0.1490463 -0.04514568 -0.09611174 -0.06611724 -0.07616613 -0.119379 -0.03555865 -0.037497 -0.119379 -0.07559805 -0.1233151 -0.037497 -0.05198722 0.2636947 -0.119379 0 -0.119379 -0.119379 -0.119379 -0.119379 -0.1176693 -0.1176693 -0.119379 -0.05526641 -0.1189541 -0.02561714 -0.1219383 -0.1203187 -0.119379 -0.02122784 0.6675597 -0.03230062 -0.1111036 -0.02199347 -0.1221935 -0.04626294 -0.1183969 -0.1131761 -0.1146405 0.3297584 -0.04918036 0.3237656 -0.04470021 -0.1987128 -0.04482872 -0.02432416 -0.05612266 0 -0.03769133 0.069322 -0.02796744 -0.04606915 0 -0.01943639 0 0.2601615 -0.02389162 0 -0.1134392 -0.1133734 -0.113193 0.06860978 0.07263986 0.07586963 -0.0397853 -0.1134392 -0.02936068 -0.03933017 -0.04602845 0 -0.02389162 -0.02389162 -0.06772147 0.06584189 -0.03050966 -0.02224901 0.2548692 0 -0.07490299 -0.03282274 0 -0.1101045 -0.07379898 -0.04643708 0 -0.1041442 -0.06400307 -0.06400307 -0.03967969 -0.0673244 0.002641085 -0.02366936 0 0 0 0.07246888 0 -0.06436929 -0.0134223 -0.06458163 -0.02282725 -0.06436929 -0.06418629 0 0.2890384 -0.08800637 -0.06057819 0.2868818 -0.07780884 -0.07153052 0 -0.04517406 -0.02996255 -0.04033003 -0.04033003 -0.04033003 -0.1128405 0.1040863 -0.05708664 0.3688137 -0.0443973 0.2430487 -0.1032441 0.1688869 0 -0.09912895 -0.04024925 0.5547328 -0.02719583 -0.1530323 0 -0.05702335 0 -0.1024652 -0.115992
0 0.06639601 -0.05240529 1.01 -0.137848 -0.02027014 -0.03820349 -0.03362299 -0.0399871 -0.04291167 0 -0.1405564 -0.06977113 -0.2437417 -0.02785401 -0.06748062 -0.04558543 -0.03582486 -0.1358479 0 0.04769391 -0.06505061 -0.06505061 0.07012379 -0.1009753 -0.03887911 -0.0183695 0.06644594 -0.03683969 -0.07586076 -0.1264779 0 0 -0.07586076 -0.1270244 0 0 0.1024403 -0.1002765 -0.1141719 -0.03128585 -0.0308216 -0.1167501 -0.05531946 -0.017981 0 -0.2301235 -0.0308216 -0.06502174 -0.1354303 1 -0.03053267 -0.1017003 1 -0.1352345 0.9771871 -0.06505061 -0.0370187 -0.0183695 -0.02468939 -0.03357242 -0.03203297 -0.3198516 -0.02856592 -0.06352634 -0.05392725 -0.06450518 -0.09794035 -0.03178222 -0.01813904 -0.09794035 -0.01486255 -0.1009764 -0.01813904 -0.03523503 0.1721718 -0.09794035 0 -0.09794035 -0.09794035 -0.09794035 -0.09794035 -0.09677438 -0.09677438 -0.09794035 -0.02815945 -0.09800497 -0.03524351 -0.09965206 -0.09858367 -0.09794035 -0.01295327 -0.07583405 -0.02153044 -0.08997995 -0.01615598 -0.09949911 -0.04656921 -0.09723026 -0.08984472 -0.09317561 -0.1071963 -0.03219904 -0.1076549 -0.02758791 0.1941227 -0.03559324 -0.02725882 -0.04242814 0 -0.06977172 0.05807431 -0.02199965 0.1887597 0 -0.0196537 0 -0.05611135 -0.0140922 0 -0.02811586 -0.02840265 -0.02827671 0.06392826 0.06777361 0.06586733 -0.03233871 -0.02811586 -0.02206997 -0.0113765 0.189319 0 -0.0140922 -0.0140922 -0.05919464 0.06003629 -0.06243961 -0.01289754 -0.06880438 0 0.08770605 -0.06250625 0 0.07586999 -0.05975088 -0.02552282 0 0.08954342 0.1218026 0.1218026 -0.01517291 0.03847665 0.581978 -0.0260822 0 0 0 0.08402538 0 0.121281 -0.01716115 0.1418244 -0.01512266 0.121281 0.1190422 0 -0.08051882 -0.06134556 0.1170826 -0.08123644 0.008748317 -0.09347353 0 -0.05645387 -0.01349539 -0.03999658 -0.03999658 -0.03999658 -0.03812443 0.03291814 -0.0385706 -0.08419526 -0.0560814 -0.1041256 -0.02413636 0.05845329 0 -0.0423719 -0.04251272 -0.04019156 -0.01308157 0.120446 0 -0.04599401 0 -0.006992719 -0.04263142
0 0.2289527 0.3931056 -0.137848 1.01 -0.06215134 -0.1081493 -0.1190289 -0.154159 -0.1834955 0 0.9904311 -0.2587097 0.5067873 0.2390772 -0.2859556 -0.1739904 -0.08671565 0.985917 0 0.1720586 -0.2445658 -0.2445658 0.2394417 -0.4132149 -0.1659718 -0.07245837 0.2287731 0.2828144 0.5457422 0.911443 0 0 0.5457422 0.9157244 0 0 0.313257 -0.4189959 -0.4524158 -0.1016805 -0.1042206 -0.437776 -0.1401914 -0.05496297 0 0.5053447 -0.1042206 0.4342324 0.9874847 -0.137848 -0.114682 -0.4138147 -0.137848 0.9867669 -0.1415759 -0.2445658 -0.07485915 -0.07245837 0.2316312 -0.08711556 -0.1145203 0.3537217 -0.1082043 -0.2426907 -0.1694738 -0.232872 0.6562349 0.2547168 -0.08463601 0.6562349 -0.1742758 0.6310942 -0.08463601 -0.1110259 0.6951694 0.6562349 0 0.6562349 0.6562349 0.6562349 0.6562349 0.6473427 0.6473427 0.6562349 -0.1161892 0.6545007 -0.08747304 0.6356946 0.653313 0.6562349 -0.06353296 0.5479954 -0.08028928 0.5841532 -0.04750758 0.6396887 0.3032582 0.5979833 0.5883576 0.5750831 -0.1945589 -0.1138453 -0.2029003 0.2218539 0.4167986 -0.03354366 0.09585742 0.1521334 0 -0.2004284 0.02511722 -0.06493933 0.1619516 0 -0.04613334 0 0.1641704 -0.04841311 0 -0.2305602 -0.230802 -0.2296177 0.02954065 0.03618514 0.04837113 -0.08083465 -0.2305602 -0.08338458 0.1566595 0.1620782 0 -0.04841311 -0.04841311 -0.1262482 0.03409226 -0.1957947 -0.05377996 0.1701192 0 0.03517572 -0.1873456 0 -0.01268903 -0.1492995 0.1710047 0 0.01682081 0.06717915 0.06717915 -0.1070123 -0.008548476 -0.09200718 0.06441355 0 0 0 -0.007313478 0 0.06689943 -0.04583562 0.06325121 -0.0690125 0.06689943 0.06753015 0 0.2247044 -0.1907668 0.05086191 0.2190295 -0.03341991 -0.2572414 0 -0.1908507 -0.07081283 -0.04326192 -0.04326192 -0.04326192 -0.1473672 0.2308779 -0.1000707 0.2741533 -0.194703 0.1275767 -0.1416189 0.2970146 0 -0.1946633 -0.06205452 0.5179092 0.06209834 0.02693957 0 -0.1076661 0 -0.1319041 -0.1527316
0 0.03479303 -0.02762064 -0.02027014 -0.06215134 1.01 -0.02258665 -0.01567398 -0.04137091 -0.0410782 0 -0.06366631 -0.03796324 -0.121197 -0.0210158 -0.04476879 -0.04123434 0.01388723 -0.06110021 0 0.03180107 -0.03514875 -0.03514875 -0.2718686 -0.0682113 -0.02571135 0.0072682 0.03482022 -0.02102679 -0.04284986 -0.05397478 0 0 -0.04284986 -0.05465707 0 0 -0.1783025 -0.07044094 -0.06576548 -0.02260725 -0.02151122 -0.035559 -0.0399305 -0.01398096 0 -0.1115454 -0.02151122 -0.02132333 -0.06011737 -0.02027014 -0.0083971 -0.0682658 -0.02027014 -0.06000649 -0.02152571 -0.03514875 0.01003473 0.0072682 -0.01952138 0.01377997 -0.01406477 -0.008940072 -0.009190374 -0.03538512 -0.0215819 -0.03257277 -0.03188517 -0.02371764 -0.01641074 -0.03188517 -0.02729837 0.1334925 -0.01641074 -0.0236636 0.04097862 -0.03188517 0 -0.03188517 -0.03188517 -0.03188517 -0.03188517 -0.03162379 -0.03162379 -0.03188517 -0.02157726 -0.03150077 0.01201477 0.1345829 -0.03227179 -0.03188517 -0.009054088 -0.04282775 -0.02111115 -0.02329278 0.8074913 -0.03109251 -0.009586563 -0.02748409 -0.02419387 -0.02674731 -0.07847887 -0.01415921 -0.07730877 -0.01809547 0.05935482 -0.02370821 -0.009472404 -0.01544569 0 -0.04097101 0.04693401 0.5095454 -0.02414046 0 -0.009974348 0 -0.07277365 0.7830795 0 0.08505777 0.08488744 0.0849513 0.04337288 0.04507635 0.04738928 -0.01663569 0.08505777 -0.01474054 -0.008149997 -0.02414024 0 0.7830795 0.7830795 -0.0251182 -0.04402451 -0.0402663 -0.01756293 -0.07737346 0 -0.03239462 -0.0379998 0 -0.04879798 -0.02508549 -0.01742757 0 -0.05019853 -0.03191928 -0.03191928 -0.02711259 -0.02711093 -0.01592279 -0.009972288 0 0 0 -0.01443509 0 -0.03204854 -0.01668853 -0.02793739 -0.01115403 -0.03204854 -0.03198394 0 -0.06335797 -0.03712235 -0.03123215 -0.06245682 -0.03564343 -0.06173156 0 -0.04569107 -0.005452301 0.1645434 0.1645434 0.1645434 -0.0377092 0.02818147 -0.04053796 -0.06741526 -0.04446779 -0.09019079 -0.03349992 0.05463632 0 -0.03020697 0.1555706 -0.03873555 -0.01052846 0.0728082 0 0.1296832 0 0.005935601 -0.03890465
0 0.05787069 -0.04202237 -0.03820349 -0.1081493 -0.02258665 1.01 -0.04175157 0.6671013 -0.03456105 0 -0.1084213 -0.06837335 -0.1963941 -0.01576892 -0.06549211 0.5807064 -0.02028962 -0.1047127 0 0.03601345 -0.06417998 -0.06417998 0.06262201 -0.0881564 -0.0297638 -0.01905946 0.05791405 -0.02374017 -0.05988367 -0.1016243 0 0 -0.05988367 -0.1026793 0 0 -0.3027238 -0.09183541 -0.101386 -0.02116173 -0.01905266 -0.1031023 0.5920231 -0.01054382 0 -0.1904961 -0.01905266 -0.05496764 -0.107781 -0.03820349 -0.01098296 -0.08824772 -0.03820349 -0.1076072 -0.04010786 -0.06417998 -0.01879868 -0.01905946 -0.01491874 -0.0203913 -0.04128197 -0.2715809 -0.007785188 -0.06411326 0.02807262 -0.06308756 -0.07688483 -0.02119973 -0.02115051 -0.07688483 -0.03349166 -0.07968196 -0.02115051 -0.02128286 0.1647061 -0.07688483 0 -0.07688483 -0.07688483 -0.07688483 -0.07688483 -0.07707751 -0.07707751 -0.07688483 -0.03017482 -0.07629621 -0.02207967 -0.07934516 -0.07661667 -0.07688483 -0.007975119 -0.05885752 -0.01680326 -0.07231872 -0.01811617 -0.07983083 -0.03559523 -0.08060617 -0.0735771 -0.07744425 -0.09809225 -0.04140734 -0.1008571 -0.01889826 0.1835334 -0.0391537 -0.02310244 -0.02306089 0 -0.05001521 0.05519429 -0.01984455 -0.02587252 0 -0.01407869 0 -0.1153665 -0.01523505 0 -0.08730967 -0.08754932 -0.08743722 0.05941266 0.06195417 0.06398285 -0.005721521 -0.08730967 -0.02614582 -0.01330061 -0.0258413 0 -0.01523505 -0.01523505 -0.04076921 0.05539262 -0.04592823 -0.02088241 0.151665 0 -0.04195486 -0.04655784 0 0.3004234 -0.04756681 -0.01959414 0 0.3284618 -0.03052405 -0.03052405 -0.02519972 -0.04377445 -0.03917902 -0.02596914 0 0 0 -0.02159222 0 -0.03076401 -0.007053804 -0.03150865 -0.0199071 -0.03076401 -0.03064411 0 -0.1012028 -0.04958678 -0.03743359 -0.1019124 0.4503094 -0.009593605 0 0.03287177 -0.02596779 -0.02437781 -0.02437781 -0.02437781 0.2854632 0.05645417 0.1041329 -0.09467468 0.02818739 0.121357 -0.0639461 -0.1837769 0 -0.04898517 -0.0245611 -0.05970955 -0.007445454 0.1423571 0 -0.03976698 0 -0.004339483 0.2806896
0 -0.5678299 -0.05277395 -0.03362299 -0.1190289 -0.01567398 -0.04175157 1.01 -0.04039136 -0.04674965 0 -0.1214529 -0.09637066 -0.2498249 -0.04208783 -0.08379202 -0.05247915 -0.02384381 -0.1158824 0 0.03918638 -0.08717424 -0.08717424 -0.5419869 -0.1280921 -0.05714328 -0.02717018 -0.5676818 -0.03833061 -0.06519663 -0.1088681 0 0 -0.06519663 -0.1089949 0 0 -0.3762353 -0.1284405 -0.1409448 -0.03686941 -0.03623224 -0.1421283 -0.05400103 -0.01858104 0 -0.2411286 -0.03623224 -0.05934046 -0.1185118 -0.03362299 -0.03062435 -0.1287867 -0.03362299 -0.1182929 -0.03477271 -0.08717424 -0.02835046 -0.02717018 -0.0391605 -0.02397061 0.9272073 -0.3475659 -0.02915485 -0.08557056 -0.04631749 -0.08158101 -0.09525939 -0.04246862 -0.03144677 -0.09525939 -0.05867701 -0.09834682 -0.03144677 -0.0375401 -0.1786804 -0.09525939 0 -0.09525939 -0.09525939 -0.09525939 -0.09525939 -0.09375931 -0.09375931 -0.09525939 -0.02871816 -0.0952283 -0.02607547 -0.09759319 -0.09458431 -0.09525939 -0.02490747 -0.06102382 -0.03255696 -0.08233034 -0.01896882 -0.09751014 -0.04242704 -0.08365493 -0.08318127 -0.08521282 -0.1448436 0.9241744 -0.148373 -0.01950492 -0.1478071 -0.04370954 -0.02316758 -0.01864191 0 -0.07442673 0.06093233 -0.03514602 -0.04937317 0 -0.01566242 0 0.2554007 -0.01392108 0 -0.1326136 -0.1323115 -0.1327655 0.06038271 0.06344306 0.0646274 -0.02541783 -0.1326136 -0.02371047 -0.0207106 -0.05090613 0 -0.01392108 -0.01392108 -0.04081359 0.06281503 -0.07005652 0.07703525 0.2021003 0 -0.07211781 -0.06864212 0 -0.106988 -0.05342219 -0.02936889 0 -0.09690199 -0.05765668 -0.05765668 -0.01594439 -0.06488116 -0.02452791 -0.02924514 0 0 0 -0.01978076 0 -0.05792016 -0.01030362 -0.05636809 -0.02447633 -0.05792016 -0.0577885 0 0.2408458 -0.06955583 -0.05610754 0.2376811 -0.07330639 -0.1122676 0 -0.07228241 -0.03656546 0.07353628 0.07353628 0.07353628 -0.09244063 -0.4320687 -0.03718211 -0.09746605 -0.07455477 -0.1525227 -0.08061457 -0.2849362 0 0.5507966 -0.04111619 -0.05926829 -0.03273182 -0.1280739 0 -0.06055554 0 -0.1035197 -0.0936371
0 0.08244884 -0.0628614 -0.0399871 -0.154159 -0.04137091 0.6671013 -0.04039136 1.01 -0.05658273 0 -0.1547943 -0.07978229 -0.2973781 -0.03116087 -0.1045683 0.8354689 -0.04143041 -0.1504995 0 0.06346762 -0.07143931 -0.07143931 0.09202491 -0.1438094 -0.04616055 -0.02134962 0.08179013 -0.04108552 -0.09079414 -0.1416378 0 0 -0.09079414 -0.1432316 0 0 -0.3654161 -0.09128922 -0.106082 -0.04288187 -0.04001 -0.1080861 0.7064708 -0.02002639 0 -0.2851664 -0.04001 -0.07922563 -0.1538042 -0.0399871 -0.03520919 -0.1434456 -0.0399871 -0.1535434 -0.0419152 -0.07143931 -0.04079766 -0.02134962 -0.03150269 -0.0415629 -0.04139079 -0.3917141 -0.03163905 -0.06964267 0.01189316 -0.06914713 -0.1055979 -0.03876518 -0.02953805 -0.1055979 -0.04909753 -0.1113061 -0.02953805 -0.04156955 0.2362462 -0.1055979 0 -0.1055979 -0.1055979 -0.1055979 -0.1055979 -0.1043876 -0.1043876 -0.1055979 -0.04754568 -0.1053003 -0.0437696 -0.1107115 -0.1052961 -0.1055979 -0.02109494 -0.09007508 -0.0309305 -0.09499635 -0.03332159 -0.1073854 -0.04085689 -0.1046008 -0.0969346 -0.1000556 -0.1596199 -0.04160525 -0.163711 -0.04345955 0.2671566 -0.05024533 -0.0289436 -0.04834288 0 -0.08408465 0.09228498 -0.01875748 -0.04021126 0 -0.0108658 0 -0.1559239 -0.03195543 0 -0.1226008 -0.1229581 -0.1227918 0.09918957 0.09968064 0.06334966 -0.02463517 -0.1226008 -0.02969831 -0.02600384 -0.04016904 0 -0.03195543 -0.03195543 -0.04158623 0.09257956 -0.07627292 -0.0119443 0.02506688 0 -0.05699395 -0.07797113 0 0.1656308 -0.05166928 -0.0424269 0 0.1818957 -0.05282895 -0.05282895 0.5435062 -0.05128199 -0.04366296 -0.03012833 0 0 0 -0.02385817 0 -0.05317403 -0.02061968 -0.05423631 -0.01965613 -0.05317403 -0.0530016 0 -0.1443725 -0.0775607 -0.05510282 -0.1460751 0.2822465 -0.07738948 0 -0.02525823 -0.03575604 -0.03006163 -0.03006163 -0.03006163 0.140501 0.05833169 0.05496189 -0.1299004 -0.02160478 -0.01703128 -0.09838212 -0.06550212 0 -0.04690578 -0.03456882 -0.06999415 -0.02241566 0.2053466 0 -0.05374065 0 -0.06694306 0.1590719
0 0.0837638 -0.07110502 -0.04291167 -0.1834955 -0.0410782 -0.03456105 -0.04674965 -0.05658273 1.01 0 -0.1858365 -0.1087599 0.1975834 -0.05208122 0.6055597 -0.07225277 -0.03345835 -0.1798468 0 0.06704145 -0.09551519 -0.09551519 0.09320173 0.4171051 -0.07255163 -0.0265054 0.08383984 -0.05844309 -0.09385894 -0.1636376 0 0 -0.09385894 -0.16409 0 0 0.1397579 0.4121652 0.383807 -0.04538706 -0.04585974 0.3776578 -0.07486391 -0.03605027 0 0.2092611 -0.04585974 -0.09504429 -0.1797565 -0.04291167 -0.04713913 0.417289 -0.04291167 -0.179459 -0.04330866 -0.09551519 -0.03653181 -0.0265054 -0.05051858 -0.03196244 -0.03700775 0.1478814 -0.04400525 -0.09439557 -0.07445322 -0.09085924 -0.1331205 -0.04746823 -0.03494956 -0.1331205 -0.07512495 -0.1374823 -0.03494956 -0.04749545 -0.2597022 -0.1331205 0 -0.1331205 -0.1331205 -0.1331205 -0.1331205 -0.1312177 -0.1312177 -0.1331205 -0.04501811 -0.1336819 -0.03328657 -0.1380558 -0.1340939 -0.1331205 -0.01016576 -0.1015038 -0.03328657 -0.1203844 -0.03465315 -0.1353029 -0.05324244 -0.1245858 -0.1181398 -0.1208367 0.3688436 -0.03726807 0.3626284 -0.04369515 -0.2212715 -0.05796023 -0.03831101 -0.04564134 0 0.5958401 0.09776379 -0.04205101 -0.01419033 0 -0.01474756 0 -0.2035494 -0.01940081 0 0.3635773 0.3630917 0.3632607 0.1038094 0.1047472 0.1067991 -0.03887736 0.3635773 -0.03728616 -0.03511956 -0.01406562 0 -0.01940081 -0.01940081 -0.07784195 0.09625165 0.6407878 -0.03523302 -0.2017378 0 -0.05813309 0.6340441 0 -0.09226189 -0.07711737 -0.04087606 0 -0.07969261 -0.03724565 -0.03724565 -0.03678629 -0.05724916 -0.03315249 -0.0392371 0 0 0 -0.01902807 0 -0.03767738 -0.02617012 -0.03903397 -0.01622393 -0.03767738 -0.03746167 0 -0.1871992 0.6544753 -0.04225093 -0.186408 -0.0681021 0.3785043 0 0.5929215 -0.01117454 -0.05874864 -0.05874864 -0.05874864 -0.1036117 0.09511208 0.6120602 -0.1633955 0.5799887 -0.2219381 -0.09570587 0.1578549 0 -0.08876548 -0.05855686 -0.112728 -0.03259231 -0.1226279 0 -0.06244597 0 0.4189735 -0.1074093
0 0 0 0 0 0 0 0 0 0 1.01 0 0 0 0 0 0 0 0 0 0 0 0 0 0 0 0 0 0 0 0 0 0 0 0 0 0 0 0 0 0 0 0 0 0 0 0 0 0 0 0 0 0 0 0 0 0 0 0 0 0 0 0 0 0 0 0 0 0 0 0 0 0 0 0 0 0 0 0 0 0 0 0 0 0 0 0 0 0 0 0 0 0 0 0 0 0 0 0 0 0 0 0 0 0 0 0 0 0 0 0 0 0 0 0 0 0 0 0 0 0 0 0 0 0 0 0 0 0 0 0 0 0 0 0 0 0 0 0 0 0 0 0 0 0 0 0 0 0 0 0 0 0 0 0 0 0 0 0 0 0 0 0 0 0 0 0 0 0 0 0 0 0 0 0 0 0 0 0 0 0 0 0 0 0 0 0 0 0 0 0 0 0 0 0 0 0
0 0.2315999 0.3891951 -0.1405564 0.9904311 -0.06366631 -0.1084213 -0.1214529 -0.1547943 -0.1858365 0 1.01 -0.2610935 0.5116102 0.2375805 -0.2874587 -0.1742112 -0.08758507 0.9763501 0 0.1733155 -0.2472151 -0.2472151 0.2424535 -0.4171863 -0.1682352 -0.07403035 0.2314233 0.2810973 0.5404306 0.9021836 0 0 0.5404306 0.9063909 0 0 0.3019212 -0.4158972 -0.4499178 -0.1006347 -0.1037145 -0.4353379 -0.1181497 -0.05411276 0 0.4985632 -0.1037145 0.4292339 0.9776577 -0.1405564 -0.1160096 -0.410513 -0.1405564 0.9769522 -0.1262849 -0.2472151 -0.07596539 -0.07403035 0.2295934 -0.08798872 -0.1166835 0.3440196 -0.1091577 -0.24524 -0.1704474 -0.2353522 0.6491216 0.2535217 -0.0864576 0.6491216 -0.1763465 0.6322219 -0.0864576 -0.1107764 0.6959077 0.6491216 0 0.6491216 0.6491216 0.6491216 0.6491216 0.6403905 0.6403905 0.6491216 -0.1188855 0.647426 -0.08843351 0.6284446 0.6461808 0.6491216 -0.06498722 0.5426742 -0.08217279 0.5771185 -0.0487416 0.6326775 0.2996184 0.5911633 0.5815446 0.5683237 -0.2001338 -0.1160174 -0.2086231 0.2184495 0.4194471 -0.03426691 0.09411326 0.1492224 0 -0.2023019 0.02839009 -0.02156721 0.1600728 0 -0.04600407 0 0.1557391 -0.04968725 0 -0.22191 -0.2221658 -0.2209806 0.03251432 0.03910769 0.05146131 -0.08089844 -0.22191 -0.0840402 0.1547699 0.160201 0 -0.04968725 -0.04968725 -0.1268261 0.0370009 -0.1977136 -0.004476293 0.1625333 0 0.05363595 -0.189387 0 0.009510751 -0.1500839 0.1676288 0 0.02413642 0.06518843 0.06518843 -0.1070487 0.004247533 -0.09444204 0.06349939 0 0 0 -0.008996942 0 0.06489688 -0.04710923 0.06122312 -0.07023648 0.06489688 0.06553154 0 0.2165795 -0.1929202 0.04902685 0.210817 -0.0221409 -0.2480407 0 -0.1934404 -0.0715975 -0.01507291 -0.01507291 -0.01507291 -0.1401273 0.2343751 -0.1023575 0.2679446 -0.1974449 0.1275144 -0.1339544 0.2936963 0 -0.1979518 -0.03487307 0.5125644 0.06113978 0.02796544 0 -0.08643999 0 -0.1363715 -0.1458443
0 0.1511214 -0.1004288 -0.06977113 -0.2587097 -0.03796324 -0.06837335 -0.09637066 -0.07978229 -0.1087599 0 -0.2610935 1.01 -0.5361413 -0.04925267 -0.1873126 0.07680666 -0.04285418 -0.25638 0 0.09926434 0.9272935 0.9272935 0.1571103 -0.2804475 -0.1041558 -0.04886352 0.1512351 -0.0611208 -0.1353734 -0.2402911 0 0 -0.1353734 -0.2411961 0 0 0.1065731 -0.2830574 -0.3035777 -0.05063017 -0.06939507 -0.3055239 0.07721775 0.2290042 0 -0.5090671 -0.06939507 -0.1335792 -0.255727 -0.06977113 0.4250501 -0.2794358 -0.06977113 -0.2555721 -0.06996294 0.9272935 -0.04518916 -0.04886352 -0.04919807 -0.04313771 -0.08769503 0.131254 0.3898525 0.9160721 0.615536 0.8925872 -0.1876184 -0.05344804 0.2945159 -0.1876184 -0.1093899 -0.1898491 0.2945159 -0.07432163 -0.2679097 -0.1876184 0 -0.1876184 -0.1876184 -0.1876184 -0.1876184 -0.1861274 -0.1861274 -0.1876184 -0.08193651 -0.1867938 -0.04440352 -0.1892761 -0.1814709 -0.1876184 -0.0401671 -0.1350246 -0.06158329 -0.1757061 -0.0230596 -0.144384 -0.05863705 -0.1372671 -0.1728751 -0.1313704 -0.3068574 -0.08725465 -0.3096643 -0.05789806 -0.2408655 0.3180352 0.08821128 -0.06350478 0 -0.146719 0.04832027 -0.04891494 -0.05858798 0 0.189027 0 -0.03776965 -0.02478931 0 0.2424647 0.243651 0.2423533 0.08894006 0.04361105 0.04971503 -0.05102009 0.2424647 0.06348214 -0.06172401 -0.05848411 0 -0.02478931 -0.02478931 0.5498727 0.08967237 -0.1371272 -0.0549519 -0.09978634 0 -0.03065516 -0.1386869 0 0.1195331 0.6220963 0.003943168 0 0.1529959 -0.002994531 -0.002994531 -0.06546778 0.2798465 0.04842921 0.09107338 0 0 0 -0.04094787 0 -0.00061499 -0.03936358 -0.00491276 0.1777029 -0.00061499 -0.0002382226 0 -0.2336093 -0.1386266 -0.01287308 -0.214666 0.1872802 -0.1433601 0 -0.1388417 0.2648049 -0.003134977 -0.003134977 -0.003134977 0.5731252 0.1497926 -0.09005779 -0.1674019 -0.1431273 0.2582218 0.6166565 -0.3345075 0 -0.15282 -0.006519591 -0.1402605 0.0744502 0.3913375 0 0.09786839 0 -0.1492677 0.5725064
0 0.4490002 0.2015026 -0.2437417 0.5067873 -0.121197 -0.1963941 -0.2498249 -0.2973781 0.1975834 0 0.5116102 -0.5361413 1.01 0.1081602 0.3408979 -0.3419531 0.08958504 0.5004342 0 0.3264101 -0.5008804 -0.5008804 0.4693602 0.4986683 0.1923358 0.07865545 0.4490165 0.1330658 0.2828032 0.466478 0 0 0.2828032 0.4687851 0 0 0.6209414 0.4793405 0.5180567 -0.2089981 -0.2070051 0.5184866 -0.2830733 -0.125239 0 0.9510444 -0.2070051 0.239959 0.5014497 -0.2437417 -0.2366687 0.4979498 -0.2437417 0.500833 -0.2334942 -0.5008804 0.09771041 0.07865545 0.1051891 0.08922073 -0.2302822 0.6907392 -0.2190294 -0.4952909 -0.3521437 -0.4809688 0.3587049 0.1208822 -0.1577977 0.3587049 0.1903817 0.3340009 -0.1577977 -0.1841771 0.169506 0.3587049 0 0.3587049 0.3587049 0.3587049 0.3587049 0.3548551 0.3548551 0.3587049 0.1437791 0.3574742 0.09508054 0.3322589 0.3539416 0.3587049 0.07543322 0.2821818 0.09761687 0.3275393 -0.1000219 0.3321621 0.1538535 0.3173101 0.3308667 0.3054432 0.5519175 -0.2290736 0.551685 0.1151998 0.09405564 -0.1531991 -0.00637774 0.1309463 0 0.2676869 0.1649542 -0.01305025 0.05025442 0 -0.109079 0 0.1682137 -0.09584744 0 -0.04139265 -0.04202189 -0.04091929 0.1177019 0.1381128 0.1418786 -0.1618742 -0.04139265 0.0149548 0.09102368 0.05052348 0 -0.09584744 -0.09584744 -0.2683407 0.139618 0.2491445 0.02256875 0.1608852 0 -0.01888025 0.2503829 0 -0.1619241 -0.3067382 0.07181938 0 -0.2123109 -0.08727804 -0.08727804 -0.1530072 -0.1287547 -0.1886615 -0.009918749 0 0 0 -0.07147767 0 -0.08806261 -0.05668408 -0.09406746 -0.1116852 -0.08806261 -0.08790172 0 0.2850728 0.2495586 0.004389155 0.2739364 -0.1900819 0.004588041 0 0.2315294 -0.1338969 -0.01184604 -0.01184604 -0.01184604 -0.4024839 -0.05733523 0.1077586 0.08724201 0.2358106 -0.1996965 -0.3385288 0.2761234 0 0.006602963 0.04258023 0.266861 -0.007620557 -0.2973775 0 0.001871732 0 0.1675012 -0.3948556
0 0.05426051 -0.03492824 -0.02785401 0.2390772 -0.0210158 -0.01576892 -0.04208783 -0.03116087 -0.05208122 0 0.2375805 -0.04925267 0.1081602 1.01 -0.07640413 -0.03800731 -0.02931899 0.2418178 0 0.03042072 -0.04494474 -0.04494474 0.05866601 -0.1118627 -0.04101187 -0.008037312 0.05430217 0.8697512 -0.05285073 -0.09781847 0 0 -0.05285073 -0.09807213 0 0 0.04999821 -0.1138063 -0.1231322 -0.02045842 -0.0226847 -0.1259305 -0.030647 -0.01580354 0 0.09077011 -0.0226847 -0.06000652 0.2167508 -0.02785401 -0.01931502 -0.1119452 -0.02785401 0.2170369 -0.02984886 -0.04494474 -0.02957986 -0.008037312 0.9636671 -0.02939992 -0.04026027 0.05774976 -0.01958042 -0.04389916 -0.03303664 -0.04381125 0.326991 0.937188 -0.01370179 0.326991 -0.04388834 0.315419 -0.01370179 -0.0264982 0.1706959 0.326991 0 0.326991 0.326991 0.326991 0.326991 0.3298383 0.3298383 0.326991 -0.0290682 0.3271406 -0.03074957 0.3173141 0.3257101 0.326991 -0.02325168 -0.04972969 -0.03074957 -0.07257673 -0.02095714 0.3214311 -0.03393184 -0.07140382 -0.07194419 -0.07194267 -0.1203319 -0.04037923 -0.1206916 -0.02572791 -0.04795782 -0.02511549 -0.0157967 -0.0403005 0 -0.05643727 0.03572348 -0.01770998 0.8081292 0 -0.004510494 0 -0.1158674 -0.01386214 0 0.2374812 0.2372032 0.2372968 0.03913057 0.03991538 0.04111868 -0.02217648 0.2374812 -0.009760055 -0.02999626 0.808252 0 -0.01386214 -0.01386214 -0.03448966 0.03489481 -0.0513631 -0.01607866 -0.1128678 0 0.5064805 -0.05290202 0 0.3348919 -0.0386818 -0.02345947 0 0.3601279 0.5616867 0.5616867 -0.0292695 -0.03090349 -0.02204298 -0.01111564 0 0 0 -0.003225162 0 0.5605329 -0.01760626 0.5562764 -0.01076507 0.5605329 0.5611091 0 -0.1045125 -0.04787963 0.5310719 -0.1036376 -0.0309857 -0.05983439 0 -0.05764347 -0.01839635 -0.02641862 -0.02641862 -0.02641862 -0.05124779 0.06151946 -0.04044616 -0.03924551 -0.06061634 -0.07482674 -0.05349523 0.0905416 0 -0.05758442 -0.02953151 -0.05937997 0.3655278 -0.1142118 0 -0.03411539 0 0.1435505 -0.05168678
0 0.1535048 -0.09950314 -0.06748062 -0.2859556 -0.04476879 -0.06549211 -0.08379202 -0.1045683 0.6055597 0 -0.2874587 -0.1873126 0.3408979 -0.07640413 1.01 -0.1201226 -0.05514993 -0.2812322 0 0.1183661 -0.1722241 -0.1722241 0.1614835 0.6869327 -0.109352 -0.05209317 0.1536284 -0.08893666 -0.1451065 -0.2566142 0 0 -0.1451065 -0.2581201 0 0 0.2219224 0.6695563 0.6209205 -0.07848805 -0.0764587 0.6104999 -0.1150125 -0.04610801 0 0.3067031 -0.0764587 -0.1526939 -0.2821511 -0.06748062 -0.08553604 0.678734 -0.06748062 -0.2825501 -0.06918785 -0.1722241 -0.05692274 -0.05209317 -0.07541554 -0.05430666 -0.07131463 0.2392876 -0.08060713 -0.1701657 -0.1272563 -0.1652513 -0.2126262 -0.07471772 -0.04320335 -0.2126262 -0.117942 -0.2168577 -0.04320335 -0.07894032 -0.4024391 -0.2126262 0 -0.2126262 -0.2126262 -0.2126262 -0.2126262 -0.2102118 -0.2102118 -0.2126262 -0.07893607 -0.2130806 -0.03599423 -0.2163288 -0.2135474 -0.2126262 -0.04376285 -0.1516622 -0.06356165 -0.1927776 -0.03500833 -0.2190796 -0.08610819 -0.2047511 -0.1911585 -0.1985336 0.6018986 -0.07249933 0.5936361 -0.07040618 -0.2062997 -0.08161826 -0.05676897 -0.0740182 0 0.6964558 0.07520716 -0.05258894 -0.05161957 0 -0.03838344 0 -0.2612348 -0.02693325 0 0.359215 0.358448 0.3590406 0.04149072 0.05036082 0.0575518 -0.06205215 0.359215 0.2005469 -0.06233445 -0.05148054 0 -0.02693325 -0.02693325 -0.05840974 0.02809367 0.7078867 -0.04617504 -0.2518513 0 -0.1149265 0.6996295 0 -0.1655742 -0.07189021 -0.07169841 0 -0.1487158 -0.0895295 -0.0895295 -0.06938139 -0.08069439 -0.0556662 -0.05059406 0 0 0 -0.04874115 0 -0.0902004 0.01359279 -0.09167942 -0.02319555 -0.0902004 -0.0904681 0 -0.2251432 0.6761799 0.06116165 -0.2259922 -0.110094 0.3703793 0 0.6613408 -0.0435828 -0.05239448 -0.05239448 -0.05239448 -0.1782485 0.08228696 0.356827 -0.1775127 0.6429171 -0.2485987 -0.1067319 0.166196 0 -0.1452679 0.02330794 -0.157479 -0.04095639 -0.2299463 0 -0.01989499 0 0.515452 -0.1850519
0 0.09543143 -0.06681386 -0.04558543 -0.1739904 -0.04123434 0.5807064 -0.05247915 0.8354689 -0.07225277 0 -0.1742112 0.07680666 -0.3419531 -0.03800731 -0.1201226 1.01 -0.04538592 -0.1715726 0 0.07013976 -0.1117072 -0.1117072 0.1044844 -0.1682078 -0.05856758 -0.02675338 0.09486753 -0.0462645 -0.09720895 -0.161304 0 0 -0.09720895 -0.1626818 0 0 -0.4607082 -0.1224291 -0.1391082 -0.05072651 -0.04874307 -0.1402246 0.8898651 0.3540258 0 -0.3296756 -0.04874307 -0.08951534 -0.1741371 -0.04558543 -0.04171573 -0.1679217 -0.04558543 -0.1738369 -0.0470421 -0.1117072 -0.04307266 -0.02675338 -0.03725996 -0.04554151 -0.0510261 -0.4728096 -0.03671864 -0.1100938 -0.03474179 -0.1090777 -0.1248238 -0.04414212 -0.0335892 -0.1248238 -0.06178777 -0.1298862 -0.0335892 -0.05149055 0.2956673 -0.1248238 0 -0.1248238 -0.1248238 -0.1248238 -0.1248238 -0.1238795 -0.1238795 -0.1248238 -0.0511547 -0.1248485 -0.04489576 -0.1294109 -0.1247815 -0.1248238 -0.01867854 -0.09408032 -0.03518871 -0.1130464 -0.032296 -0.1261598 -0.05269013 -0.1213698 -0.1141533 -0.1175195 -0.1836736 -0.05126721 -0.1881981 -0.04539549 0.2640791 0.3314456 -0.02914984 -0.05695179 0 -0.09908747 0.05747932 -0.02139322 -0.05131402 0 -0.005060796 0 -0.04076533 -0.03162403 0 -0.1656694 -0.163856 -0.1658837 0.1082285 0.1073748 0.07580514 -0.03427653 -0.1656694 -0.02918758 -0.02888726 -0.05127796 0 -0.03162403 -0.03162403 -0.07924338 0.1001546 -0.09265848 -0.01735534 0.1184838 0 -0.07159771 -0.094764 0 0.2160301 -0.08827696 -0.04778608 0 0.2385438 -0.06358435 -0.06358435 0.4693647 0.09757459 -0.04620448 -0.03137046 0 0 0 -0.03347495 0 -0.06043998 -0.02149456 -0.06517675 -0.02586566 -0.06043998 -0.06024168 0 -0.09751089 -0.09283984 -0.06135033 -0.1000677 0.3678327 -0.1038311 0 -0.05147591 -0.03930614 -0.03667728 -0.03667728 -0.03667728 0.2010599 0.07674916 0.03282294 -0.1600764 -0.04820688 0.0004506286 -0.003270954 -0.09976707 0 -0.06693229 -0.03655 -0.1013878 0.139698 0.2762446 0 -0.05972166 0 -0.09681864 0.1938569
0 0.03507042 -0.02757684 -0.03582486 -0.08671565 0.01388723 -0.02028962 -0.02384381 -0.04143041 -0.03345835 0 -0.08758507 -0.04285418 0.08958504 -0.02931899 -0.05514993 -0.04538592 1.01 -0.08601932 0 0.02179554 -0.03696261 -0.03696261 0.02952915 -0.07802196 -0.02231824 -0.01006852 0.03510441 -0.03589773 -0.04167755 -0.07410007 0 0 -0.04167755 -0.07490312 0 0 0.06018546 -0.07982019 0.1765046 -0.02050629 -0.02172263 0.1751206 -0.04211386 -0.01456184 0 0.09691251 -0.02172263 0.1515781 -0.08523059 -0.03582486 -0.02539904 -0.07715998 -0.03582486 -0.08510087 -0.03481742 -0.03696261 0.939233 -0.01006852 -0.02764954 0.9982414 -0.01875503 0.07747223 -0.01990202 -0.03662707 -0.02854964 -0.03627688 -0.06583964 -0.0323584 -0.01964044 -0.06583964 -0.02541818 -0.06215482 -0.01964044 -0.02454207 0.1162395 -0.06583964 0 -0.06583964 -0.06583964 -0.06583964 -0.06583964 -0.06412242 -0.06412242 -0.06583964 -0.01966537 -0.06650073 0.9696461 -0.06235593 -0.0662584 -0.06583964 -0.01501156 -0.04169424 -0.01346902 -0.0555546 0.01169039 -0.06703783 -0.02570479 -0.06212812 -0.05649885 -0.05844553 -0.08060533 -0.01886706 -0.08582111 -0.01121216 0.1287844 -0.02713928 -0.0243122 0.3289662 0 -0.04924263 0.04114661 -0.003567709 -0.03374544 0 -0.009278923 0 -0.07660386 0.01017016 0 -0.07457146 -0.07475098 -0.07466602 -0.09190018 -0.08805557 -0.08650618 -0.01649044 -0.07457146 -0.02339066 -0.0128287 -0.03375594 0 0.01017016 0.01017016 -0.03256119 0.03999717 -0.04318923 -0.01922869 -0.07743906 0 -0.0440728 -0.04305166 0 -0.05753945 -0.02778479 -0.01794369 0 -0.05556369 -0.03914836 -0.03914836 -0.031348 -0.03035208 -0.02819053 -0.007530284 0 0 0 -0.006606581 0 -0.03930423 -0.009966779 -0.03976948 -0.01084631 -0.03930423 -0.03922634 0 -0.06366714 -0.04402059 -0.04702403 -0.06531147 -0.03763183 -0.06937514 0 -0.04430165 0.004939788 -0.02791466 -0.02791466 -0.02791466 -0.03722241 0.02952048 -0.02349141 -0.06276383 -0.04791345 -0.08384997 -0.0318124 0.05466952 0 -0.03691298 -0.02921512 -0.03299822 -0.01661366 0.1612251 0 -0.02300589 0 -0.07700122 -0.03816907
0 0.2255452 0.3998859 -0.1358479 0.985917 -0.06110021 -0.1047127 -0.1158824 -0.1504995 -0.1798468 0 0.9763501 -0.25638 0.5004342 0.2418178 -0.2812322 -0.1715726 -0.08601932 1.01 0 0.1697519 -0.2423348 -0.2423348 0.2358397 -0.4072513 -0.1640416 -0.0702084 0.225361 0.2855476 0.5131472 0.8957116 0 0 0.5131472 0.9001894 0 0 0.3084163 -0.4127848 -0.4454056 -0.1003232 -0.103042 -0.4303695 -0.1377152 -0.05519169 0 0.4992026 -0.103042 0.4408281 0.9734134 -0.1358479 -0.1141855 -0.4076031 -0.1358479 0.9726656 -0.1394463 -0.2423348 -0.07377029 -0.0702084 0.2340679 -0.08641327 -0.1117782 0.3483262 -0.1076704 -0.2402854 -0.1676614 -0.2302355 0.6668496 0.2580131 -0.08384848 0.6668496 -0.1723751 0.6416775 -0.08384848 -0.109574 0.6858488 0.6668496 0 0.6668496 0.6668496 0.6668496 0.6668496 0.6577055 0.6577055 0.6668496 -0.1135994 0.6650561 -0.08662857 0.6462157 0.6639539 0.6668496 -0.06144789 0.5148861 -0.07939508 0.5939718 -0.04711549 0.6505608 0.3077768 0.6082523 0.5983066 0.5853924 -0.1855869 -0.1110888 -0.1937241 0.2239779 0.429975 -0.0326015 0.09894049 0.1528348 0 -0.19633 0.02093407 -0.06480439 0.1645043 0 -0.04434798 0 0.148252 -0.04792245 0 -0.2261793 -0.2266515 -0.2252198 0.02514521 0.03139929 0.04335826 -0.07998712 -0.2261793 -0.08098873 0.1600338 0.1646277 0 -0.04792245 -0.04792245 -0.1252657 0.02961238 -0.1918737 -0.05331128 0.1552139 0 0.03862875 -0.1832431 0 -0.04296939 -0.1478711 0.1739702 0 -0.01583782 0.07034592 0.07034592 -0.1045578 -0.06484651 -0.08991488 -0.06159754 0 0 0 -0.005965047 0 0.07008316 -0.04670612 0.06646803 -0.0672735 0.07008316 0.0707088 0 0.2353211 -0.1873623 0.05398965 0.229775 -0.07894162 -0.2528598 0 -0.186337 -0.06927652 -0.04164791 -0.04164791 -0.04164791 -0.178341 0.2277534 -0.09683265 0.2839342 -0.1899833 0.1135179 -0.1761038 0.3195718 0 -0.1917416 -0.06015292 0.5272321 0.06299038 0.009898475 0 -0.1046272 0 -0.1260017 -0.1832026
0 0 0 0 0 0 0 0 0 0 0 0 0 0 0 0 0 0 0 1.01 0 0 0 0 0 0 0 0 0 0 0 0 0 0 0 0 0 0 0 0 0 0 0 0 0 0 0 0 0 0 0 0 0 0 0 0 0 0 0 0 0 0 0 0 0 0 0 0 0 0 0 0 0 0 0 0 0 0 0 0 0 0 0 0 0 0 0 0 0 0 0 0 0 0 0 0 0 0 0 0 0 0 0 0 0 0 0 0 0 0 0 0 0 0 0 0 0 0 0 0 0 0 0 0 0 0 0 0 0 0 0 0 0 0 0 0 0 0 0 0 0 0 0 0 0 0 0 0 0 0 0 0 0 0 0 0 0 0 0 0 0 0 0 0 0 0 0 0 0 0 0 0 0 0 0 0 0 0 0 0 0 0 0 0 0 0 0 0 0 0 0 0 0 0 0 0 0
0 0.7176087 0.06042139 0.04769391 0.1720586 0.03180107 0.03601345 0.03918638 0.06346762 0.06704145 0 0.1733155 0.09926434 0.3264101 0.03042072 0.1183661 0.07013976 0.02179554 0.1697519 0 1.01 0.09273814 0.09273814 0.6812868 0.1604216 0.05840921 0.01972626 0.7174234 0.04239433 0.09397101 0.1575566 0 0 0.09397101 0.1581652 0 0 0.478139 0.1644648 0.1732805 0.03387751 0.03071643 0.1761871 0.06939665 0.02218202 0 0.3084352 0.03071643 0.07155561 0.1681422 0.04769391 0.04044315 0.1610304 0.04769391 0.16788 0.04842979 0.09273814 0.02782319 0.01972626 0.02894765 0.02196481 0.03929162 0.4370031 0.03113573 0.09159634 0.05791024 0.08915708 0.1196324 0.0356143 0.02859322 0.1196324 0.06047717 0.1248471 0.02859322 0.0291321 0.239883 0.1196324 0 0.1196324 0.1196324 0.1196324 0.1196324 0.1183339 0.1183339 0.1196324 0.0424619 0.1193028 0.02477001 0.1241857 0.1199392 0.1196324 0.02990691 0.09737561 0.01776432 0.1113483 0.03171666 0.1188617 0.06516135 0.1176697 0.11325 0.1124492 0.177539 0.03951478 0.1803324 0.03542988 0.2107233 0.04317767 0.024875 0.04366372 0 0.09303436 0.6740809 0.03759534 0.04282567 0 0.002232737 0 0.1709882 0.03317171 0 0.1493532 0.1492339 0.1495436 0.6460121 0.6285864 0.6137876 0.03971728 0.1493532 0.02535641 0.02347187 0.04278678 0 0.03317171 0.03317171 0.0721702 0.6465277 0.08750233 0.02471031 0.1782823 0 0.06429456 0.08717698 0 0.1032134 0.08049444 0.03828712 0 0.098727 0.05704068 0.05704068 0.04421309 0.06419133 0.04129284 0.02544871 0 0 0 -0.2133553 0 0.0573882 -0.2476725 0.05560088 0.01893666 0.0573882 0.05721455 0 0.1474849 0.09135166 0.05878981 0.1493211 0.0755508 -0.4121198 0 0.09399776 0.03029751 0.01503089 0.01503089 0.01503089 0.1043015 -0.08352792 0.04211713 -0.4075938 0.09675352 -0.2782591 0.1000104 -0.1516845 0 0.07346765 0.02059176 0.09001689 0.01616697 0.1801117 0 0.03869473 0 0.08980381 0.1050966
0 0.1397162 -0.09634693 -0.06505061 -0.2445658 -0.03514875 -0.06417998 -0.08717424 -0.07143931 -0.09551519 0 -0.2472151 0.9272935 -0.5008804 -0.04494474 -0.1722241 -0.1117072 -0.03696261 -0.2423348 0 0.09273814 1.01 1 0.1452686 -0.2594122 -0.09574656 -0.04419431 0.1398215 -0.05715184 -0.1322716 -0.227146 0 0 -0.1322716 -0.2280638 0 0 0.2105409 -0.2616118 -0.2801032 -0.04161944 -0.06105242 -0.2824937 -0.1140803 -0.03469943 0 -0.4738346 -0.06105242 -0.1250549 -0.2415591 -0.06505061 0.4567159 -0.258316 -0.06505061 -0.2414571 -0.06534136 1 -0.04063294 -0.04419431 -0.04484121 -0.03722976 -0.08000667 0.2282165 0.4178493 0.9879451 0.6627518 0.962517 -0.172956 -0.04947925 0.3177953 -0.172956 -0.1005112 -0.1750336 0.3177953 -0.06511188 -0.3445816 -0.172956 0 -0.172956 -0.172956 -0.172956 -0.172956 -0.1714048 -0.1714048 -0.172956 -0.07881946 -0.1718986 -0.04045069 -0.1744445 -0.1662798 -0.172956 -0.04100102 -0.1328037 -0.05735707 -0.1618812 -0.02106459 -0.131131 -0.05576497 -0.1248498 -0.1629653 -0.1188134 -0.2858512 -0.07949828 -0.2876828 -0.05490949 -0.272791 0.05653298 0.09623122 -0.05673608 0 -0.1328287 0.0671293 -0.04627125 -0.05012959 0 0.1951626 0 -0.106842 -0.02245725 0 0.2909787 0.2906523 0.2909029 0.07586669 0.02924329 0.0355827 -0.04277795 0.2909787 0.06900006 -0.06020913 -0.05002347 0 -0.02245725 -0.02245725 0.5934649 0.07860391 -0.1228196 -0.05137858 -0.1717059 0 -0.01484162 -0.123948 0 0.07716436 0.6708285 0.01099912 0 0.105833 0.01070585 0.01070585 -0.05951028 0.1901404 0.05798759 0.1009475 0 0 0 -0.0371354 0 0.01065057 -0.03792976 0.008986537 0.1948701 0.01065057 0.01100833 0 -0.2643531 -0.1247331 -0.003209817 -0.2438289 0.1112557 -0.1198266 0 -0.121326 0.2852457 0.006796882 0.006796882 0.006796882 0.5505891 0.1355268 -0.08113828 -0.1522675 -0.1257644 0.2551342 0.5913123 -0.3273406 0 -0.1400505 0.0003088345 -0.1336339 -0.04063404 0.3431897 0 0.1151396 0 -0.1251996 0.5520199
