1.01 0 0 0 0 0 0 0 0 0 0 0 0 0 0 0 0 0 0 0 0 0 0 0 0 0 0 0 0 0 0 0 0 0 0 0 0 0 0 0 0 0 0 0 0 0 0 0 0 0 0 0 0 0 0 0 0 0 0 0 0 0 0 0 0 0 0 0 0 0 0 0 0 0 0 0 0 0 0 0 0 0 0 0 0 0 0 0 0 0 0 0 0 0 0 0 0 0 0 0 0 0 0 0 0 0 0 0 0 0 0 0 0 0 0 0 0 0 0 0 0 0 0 0 0 0 0 0 0 0 0 0 0 0 0 0 0 0 0 0 0 0 0 0 0 0 0 0 0 0 0 0 0 0 0 0 0 0 0 0 0 0 0 0 0 0 0 0 0 0 0 0 0 0 0 0 0 0 0 0 0 0 0 0 0 0 0 0 0 0 0 0 0 0 0 0 0 0 0 0 0 0 0 0 0 0 0 0 0 0 0 0 0 0 0 0 0 0 0 0 0 0
0 1.01 0 0 0 0 0 0 0 0 0 0 0 0 0 0 0 0 0 0 0 0 0 0 0 0 0 0 0 0 0 0 0 0 0 0 0 0 0 0 0 0 0 0 0 0 0 0 0 0 0 0 0 0 0 0 0 0 0 0 0 0 0 0 0 0 0 0 0 0 0 0 0 0 0 0 0 0 0 0 0 0 0 0 0 0 0 0 0 0 0 0 0 0 0 0 0 0 0 0 0 0 0 0 0 0 0 0 0 0 0 0 0 0 0 0 0 0 0 0 0 0 0 0 0 0 0 0 0 0 0 0 0 0 0 0 0 0 0 0 0 0 0 0 0 0 0 0 0 0 0 0 0 0 0 0 0 0 0 0 0 0 0 0 0 0 0 0 0 0 0 0 0 0 0 0 0 0 0 0 0 0 0 0 0 0 0 0 0 0 0 0 0 0 0 0 0 0 0 0 0 0 0 0 0 0 0 0 0 0 0 0 0 0 0 0 0 0 0 0 0 0
0 0 1.01 0 0 0 0 0 0 0 0 0 0 0 0 0 0 0 0 0 0 0 0 0 0 0 0 0 0 0 0 0 0 0 0 0 0 0 0 0 0 0 0 0 0 0 0 0 0 0 0 0 0 0 0 0 0 0 0 0 0 0 0 0 0 0 0 0 0 0 0 0 0 0 0 0 0 0 0 0 0 0 0 0 0 0 0 0 0 0 0 0 0 0 0 0 0 0 0 0 0 0 0 0 0 0 0 0 0 0 0 0 0 0 0 0 0 0 0 0 0 0 0 0 0 0 0 0 0 0 0 0 0 0 0 0 0 0 0 0 0 0 0 0 0 0 0 0 0 0 0 0 0 0 0 0 0 0 0 0 0 0 0 0 0 0 0 0 0 0 0 0 0 0 0 0 0 0 0 0 0 0 0 0 0 0 0 0 0 0 0 0 0 0 0 0 0 0 0 0 0 0 0 0 0 0 0 0 0 0 0 0 0 0 0 0 0 0 0 0 0 0
0 0 0 1.01 0 0.7033585 0.7025632 0.7025632 0 -0.251873 0 -0.4489208 0.1266306 0.2788725 0.2200776 -0.1420326 0 0 0 0 -0.117577 0 0 0 -0.4434684 0 -0.2459612 -0.2459612 0 -0.4206761 -0.3772698 0.5255222 -0.3904017 0.5324765 -0.3788507 0.4809301 -0.2433419 0 -0.5207687 -0.4485211 -0.08668137 0 0 0.1460926 0 0 0.3000028 -0.08671934 0 0 0 0 0 0.5994899 0 0.2405425 0 0 0 0 -0.08671934 0 0.5936397 -0.4707511 0 0.09273101 -0.4412835 -0.1079983 -0.152925 0 0 0 -0.4550174 -0.1290341 0 0.1216071 0.1246106 -0.0859461 0 0 0.2252349 0 0 0.494241 0 0 0 0 -0.1151433 0 0 0 0 0 -0.4244506 -0.4244289 0 -0.08375467 0 0 0 -0.4182897 0 0 0 0.2250095 -0.08523762 0.08853034 -0.09594077 0.01115101 0.01935561 0 0 0 0 0 0 0 0 0 0 0 -0.09218173 0 -0.08831024 0 0 0 0 -0.3547408 -0.3455286 -0.08893547 -0.08967514 -0.08079943 -0.08815968 0 -0.3801309 -0.08203191 0 0 -0.06938763 -0.06938763 0 0 0 0 -0.06938763 -0.06938763 0 0 -0.06848266 -0.06938763 -0.06938763 0 0 -0.06638705 -0.06938763 0 -0.07252017 -0.06938763 -0.06938763 -0.4056687 0.1262884 0 0 0 0 0 -0.06207721 -0.06938763 0 -0.06938763 0 0 0 0 0 0 0 0.1914214 0 -0.01071176 0 0 -0.001108136 -0.08835749 0 0 -0.05540173 -0.0879563 -0.09560378 0.05327833 -0.008985722 -0.3481729 0 0 0 0 -0.08133229 0 -0.08501835 -0.0879563 -0.3609345 -0.08362312 0.1484249 0 0 0 0.1914214 0 0 -0.09560378 -0.09560378 -0.08362312 0.06118581 0 0 0 -0.08362312 0 -0.08362312 0
0 0 0 0 1.01 0 0 0 0 0 0 0 0 0 0 0 0 0 0 0 0 0 0 0 0 0 0 0 0 0 0 0 0 0 0 0 0 0 0 0 0 0 0 0 0 0 0 0 0 0 0 0 0 0 0 0 0 0 0 0 0 0 0 0 0 0 0 0 0 0 0 0 0 0 0 0 0 0 0 0 0 0 0 0 0 0 0 0 0 0 0 0 0 0 0 0 0 0 0 0 0 0 0 0 0 0 0 0 0 0 0 0 0 0 0 0 0 0 0 0 0 0 0 0 0 0 0 0 0 0 0 0 0 0 0 0 0 0 0 0 0 0 0 0 0 0 0 0 0 0 0 0 0 0 0 0 0 0 0 0 0 0 0 0 0 0 0 0 0 0 0 0 0 0 0 0 0 0 0 0 0 0 0 0 0 0 0 0 0 0 0 0 0 0 0 0 0 0 0 0 0 0 0 0 0 0 0 0 0 0 0 0 0 0 0 0 0 0 0 0 0 0
0 0 0 0.7033585 0 1.01 0.9487435 0.9487435 0 -0.2267176 0 -0.4145419 0.1321448 0.2634126 0.2074218 -0.1274816 0 0 0 0 -0.101898 0 0 0 -0.4078377 0 -0.2259212 -0.2259212 0 -0.400763 -0.3880895 0.5226299 -0.39485 0.5287441 -0.3823351 0.5176042 -0.2216771 0 -0.495721 -0.4348815 -0.08456656 0 0 0.1629885 0 0 0.2742919 -0.1334884 0 0 0 0 0 0.5785157 0 0.2443478 0 0 0 0 -0.1334884 0 0.5742596 -0.4292681 0 0.08114385 -0.4067108 -0.1005288 -0.134577 0 0 0 -0.4369187 -0.1450835 0 0.2125945 0.1850475 -0.07008708 0 0 0.2273189 0 0 0.4886329 0 0 0 0 -0.1303295 0 0 0 0 0 -0.4033403 -0.4032994 0 -0.1303929 0 0 0 -0.3976796 0 0 0 0.2262962 -0.06752186 0.009012574 -0.1135701 0.02456855 0.01410191 0 0 0 0 0 0 0 0 0 0 0 -0.1365797 0 -0.1346694 0 0 0 0 -0.31593 -0.3226404 -0.1354666 -0.1355532 -0.1352471 -0.1344122 0 -0.3189092 -0.1328577 0 0 -0.1252391 -0.1252391 0 0 0 0 -0.1252391 -0.1252391 0 0 -0.1241938 -0.1252391 -0.1252391 0 0 -0.1223076 -0.1252391 0 -0.1272071 -0.1252391 -0.1252391 -0.3641299 0.2164764 0 0 0 0 0 -0.1219474 -0.1252391 0 -0.1252391 0 0 0 0 0 0 0 0.1987271 0 -0.02919317 0 0 -0.01409647 -0.1034161 0 0 -0.0729062 -0.1031713 -0.1062613 -0.02718954 -0.03745391 -0.305414 0 0 0 0 -0.1028993 0 -0.1058264 -0.1031713 -0.3163282 -0.1048944 0.137671 0 0 0 0.1987271 0 0 -0.1062613 -0.1062613 -0.1048944 0.05834013 0 0 0 -0.1048944 0 -0.1048944 0
0 0 0 0.7025632 0 0.9487435 1.01 1 0 -0.2316404 0 -0.402737 0.1304679 0.2671529 0.2086109 -0.1303129 0 0 0 0 -0.1065783 0 0 0 -0.395336 0 -0.2317006 -0.2317006 0 -0.3903997 -0.3964941 0.5147345 -0.4043032 0.5222967 -0.3908658 0.5113164 -0.2272164 0 -0.4912902 -0.4265152 -0.09030594 0 0 0.1640572 0 0 0.2794134 -0.1366378 0 0 0 0 0 0.5752243 0 0.2477962 0 0 0 0 -0.1366378 0 0.5705543 -0.4213913 0 0.08385284 -0.3966153 -0.105717 -0.1390842 0 0 0 -0.4283148 -0.1500368 0 0.1789974 0.1540555 -0.06864853 0 0 0.232558 0 0 0.4843381 0 0 0 0 -0.1343947 0 0 0 0 0 -0.3690479 -0.3690118 0 -0.133557 0 0 0 -0.3630075 0 0 0 0.2306091 -0.07131861 0.008032291 -0.1178414 0.05397697 0.04332183 0 0 0 0 0 0 0 0 0 0 0 -0.1401568 0 -0.1379738 0 0 0 0 -0.3020352 -0.281517 -0.138815 -0.1390006 -0.1386767 -0.1377262 0 -0.3071969 -0.1359042 0 0 -0.1270707 -0.1270707 0 0 0 0 -0.1270707 -0.1270707 0 0 -0.1260385 -0.1270707 -0.1270707 0 0 -0.1234471 -0.1270707 0 -0.1291372 -0.1270707 -0.1270707 -0.3451784 0.2118067 0 0 0 0 0 -0.1238865 -0.1270707 0 -0.1270707 0 0 0 0 0 0 0 0.20126 0 -0.03158293 0 0 -0.01902594 -0.1053757 0 0 -0.07554259 -0.1051088 -0.1080909 -0.02910602 -0.0377857 -0.3070239 0 0 0 0 -0.104982 0 -0.1073733 -0.1051088 -0.2988021 -0.1069185 0.1373753 0 0 0 0.20126 0 0 -0.1080909 -0.1080909 -0.1069185 0.05705601 0 0 0 -0.1069185 0 -0.1069185 0
0 0 0 0.7025632 0 0.9487435 1 1.01 0 -0.2316404 0 -0.402737 0.1304679 0.2671529 0.2086109 -0.1303129 0 0 0 0 -0.1065783 0 0 0 -0.395336 0 -0.2317006 -0.2317006 0 -0.3903997 -0.3964941 0.5147345 -0.4043032 0.5222967 -0.3908658 0.5113164 -0.2272164 0 -0.4912902 -0.4265152 -0.09030594 0 0 0.1640572 0 0 0.2794134 -0.1366378 0 0 0 0 0 0.5752243 0 0.2477962 0 0 0 0 -0.1366378 0 0.5705543 -0.4213913 0 0.08385284 -0.3966153 -0.105717 -0.1390842 0 0 0 -0.4283148 -0.1500368 0 0.1789974 0.1540555 -0.06864853 0 0 0.232558 0 0 0.4843381 0 0 0 0 -0.1343947 0 0 0 0 0 -0.3690479 -0.3690118 0 -0.133557 0 0 0 -0.3630075 0 0 0 0.2306091 -0.07131861 0.008032291 -0.1178414 0.05397697 0.04332183 0 0 0 0 0 0 0 0 0 0 0 -0.1401568 0 -0.1379738 0 0 0 0 -0.3020352 -0.281517 -0.138815 -0.1390006 -0.1386767 -0.1377262 0 -0.3071969 -0.1359042 0 0 -0.1270707 -0.1270707 0 0 0 0 -0.1270707 -0.1270707 0 0 -0.1260385 -0.1270707 -0.1270707 0 0 -0.1234471 -0.1270707 0 -0.1291372 -0.1270707 -0.1270707 -0.3451784 0.2118067 0 0 0 0 0 -0.1238865 -0.1270707 0 -0.1270707 0 0 0 0 0 0 0 0.20126 0 -0.03158293 0 0 -0.01902594 -0.1053757 0 0 -0.07554259 -0.1051088 -0.1080909 -0.02910602 -0.0377857 -0.3070239 0 0 0 0 -0.104982 0 -0.1073733 -0.1051088 -0.2988021 -0.1069185 0.1373753 0 0 0 0.20126 0 0 -0.1080909 -0.1080909 -0.1069185 0.05705601 0 0 0 -0.1069185 0 -0.1069185 0
0 0 0 0 0 0 0 0 1.01 0 0 0 0 0 0 0 0 0 0 0 0 0 0 0 0 0 0 0 0 0 0 0 0 0 0 0 0 0 0 0 0 0 0 0 0 0 0 0 0 0 0 0 0 0 0 0 0 0 0 0 0 0 0 0 0 0 0 0 0 0 0 0 0 0 0 0 0 0 0 0 0 0 0 0 0 0 0 0 0 0 0 0 0 0 0 0 0 0 0 0 0 0 0 0 0 0 0 0 0 0 0 0 0 0 0 0 0 0 0 0 0 0 0 0 0 0 0 0 0 0 0 0 0 0 0 0 0 0 0 0 0 0 0 0 0 0 0 0 0 0 0 0 0 0 0 0 0 0 0 0 0 0 0 0 0 0 0 0 0 0 0 0 0 0 0 0 0 0 0 0 0 0 0 0 0 0 0 0 0 0 0 0 0 0 0 0 0 0 0 0 0 0 0 0 0 0 0 0 0 0 0 0 0 0 0 0 0 0 0 0 0 0
0 0 0 -0.251873 0 -0.2267176 -0.2316404 -0.2316404 0 1.01 0 -0.1388415 -0.02835883 0.09834155 0.08726322 -0.03783932 0 0 0 0 -0.04006649 0 0 0 -0.1372902 0 0.9555482 0.9555482 0 -0.1348201 0.3106187 -0.1244352 0.2088905 -0.09075908 0.2020011 -0.0671734 0.9395272 0 0.3898194 -0.1457566 -0.02851992 0 0 0.05851015 0 0 -0.3691821 -0.04565978 0 0 0 0 0 -0.2877874 0 0.08076531 0 0 0 0 -0.04565978 0 -0.2702264 0.1353734 0 -0.03179295 0.05958556 -0.027622 0.6350446 0 0 0 0.04176801 0.6071682 0 0.01395421 0.002113048 -0.01935588 0 0 0.08124699 0 0 0.07725817 0 0 0 0 0.5841396 0 0 0 0 0 -0.04570769 -0.045772 0 -0.04580208 0 0 0 -0.04258244 0 0 0 0.06569506 0.262512 -0.04107296 0.2487505 0.029046 0.0324409 0 0 0 0 0 0 0 0 0 0 0 -0.02524888 0 -0.0240725 0 0 0 0 -0.07454983 -0.08826195 -0.0169408 -0.02675718 -0.02633986 -0.02423648 0 -0.03516574 -0.02071898 0 0 -0.01364178 -0.01364178 0 0 0 0 -0.01364178 -0.01364178 0 0 -0.01383143 -0.01364178 -0.01364178 0 0 -0.0145854 -0.01364178 0 -0.0138933 -0.01364178 -0.01364178 -0.0817122 -0.05012272 0 0 0 0 0 -0.01533208 -0.01364178 0 -0.01364178 0 0 0 0 0 0 0 0.0525641 0 -0.04901646 0 0 -0.0402147 -0.01370547 0 0 -0.01737508 -0.01332843 -0.01160868 0.0004768355 -0.02402786 -0.07526959 0 0 0 0 -0.01148481 0 -0.01202765 -0.01332843 -0.0807989 -0.01196634 0.02204655 0 0 0 0.0525641 0 0 -0.01160868 -0.01160868 -0.01196634 -0.01592797 0 0 0 -0.01196634 0 -0.01196634 0
0 0 0 0 0 0 0 0 0 0 1.01 0 0 0 0 0 0 0 0 0 0 0 0 0 0 0 0 0 0 0 0 0 0 0 0 0 0 0 0 0 0 0 0 0 0 0 0 0 0 0 0 0 0 0 0 0 0 0 0 0 0 0 0 0 0 0 0 0 0 0 0 0 0 0 0 0 0 0 0 0 0 0 0 0 0 0 0 0 0 0 0 0 0 0 0 0 0 0 0 0 0 0 0 0 0 0 0 0 0 0 0 0 0 0 0 0 0 0 0 0 0 0 0 0 0 0 0 0 0 0 0 0 0 0 0 0 0 0 0 0 0 0 0 0 0 0 0 0 0 0 0 0 0 0 0 0 0 0 0 0 0 0 0 0 0 0 0 0 0 0 0 0 0 0 0 0 0 0 0 0 0 0 0 0 0 0 0 0 0 0 0 0 0 0 0 0 0 0 0 0 0 0 0 0 0 0 0 0 0 0 0 0 0 0 0 0 0 0 0 0 0 0
0 0 0 -0.4489208 0 -0.4145419 -0.402737 -0.402737 0 -0.1388415 0 1.01 -0.05150729 0.08218778 0.1262996 -0.06136799 0 0 0 0 -0.06753871 0 0 0 0.9863183 0 -0.1374181 -0.1374181 0 0.9494866 0.5918302 -0.5464918 0.5654021 -0.598223 0.5397126 -0.606438 -0.133939 0 0.7290094 0.9062289 0.2137105 0 0 0.0872179 0 0 0.02102212 -0.06538545 0 0 0 0 0 -0.6462584 0 0.02427847 0 0 0 0 -0.06538545 0 -0.6487938 0.8076597 0 -0.03703001 0.8571437 0.2371371 -0.09988887 0 0 0 0.8012539 -0.1016464 0 -0.2047159 -0.2001803 -0.03947063 0 0 0.01276377 0 0 -0.6438998 0 0 0 0 -0.1020568 0 0 0 0 0 0.738712 0.7388871 0 -0.06477401 0 0 0 0.7249726 0 0 0 0.03056409 0.03463182 0.02900788 -0.09983296 -0.05972255 -0.05521364 0 0 0 0 0 0 0 0 0 0 0 -0.04446166 0 -0.0647217 0 0 0 0 0.6905397 0.6296497 -0.06433321 -0.05206692 -0.06672495 -0.06412385 0 0.7003737 -0.0632656 0 0 -0.05723228 -0.05723228 0 0 0 0 -0.05723228 -0.05723228 0 0 -0.0575267 -0.05723228 -0.05723228 0 0 -0.0586979 -0.05723228 0 -0.04955616 -0.05723228 -0.05723228 0.6255303 -0.101874 0 0 0 0 0 -0.0598589 -0.05723228 0 -0.05723228 0 0 0 0 0 0 0 0.09779925 0 -0.04482451 0 0 -0.05984263 -0.05675617 0 0 -0.06955478 -0.05804888 -0.05539377 -0.06980219 0.01877995 0.5426423 0 0 0 0 -0.06086846 0 -0.04599966 -0.05804888 0.5762245 -0.06036545 0.07344895 0 0 0 0.09779925 0 0 -0.05539377 -0.05539377 -0.06036545 0.0524911 0 0 0 -0.06036545 0 -0.06036545 0
0 0 0 0.1266306 0 0.1321448 0.1304679 0.1304679 0 -0.02835883 0 -0.05150729 1.01 0.04882788 0.03776768 -0.02780127 0 0 0 0 -0.0297172 0 0 0 -0.05195441 0 -0.02882508 -0.02882508 0 -0.04989052 -0.049865 0.07455459 -0.0491816 0.07423847 -0.04853648 0.07012671 -0.02898087 0 -0.0674721 -0.05707948 -0.01046358 0 0 0.01369322 0 0 0.03915389 -0.02306288 0 0 0 0 0 0.07748379 0 0.03371498 0 0 0 0 -0.02306288 0 0.07751459 -0.05903166 0 0.02647789 -0.05065699 -0.01877656 -0.0220673 0 0 0 -0.05786207 -0.02502604 0 0.1058693 0.2088751 -0.01921546 0 0 0.03366844 0 0 0.08059179 0 0 0 0 -0.0252443 0 0 0 0 0 -0.06585903 -0.06588456 0 -0.02311474 0 0 0 -0.06461044 0 0 0 0.0341965 -0.01554266 -0.003581443 -0.03204752 -0.05338486 -0.05133502 0 0 0 0 0 0 0 0 0 0 0 -0.02247609 0 -0.02393376 0 0 0 0 -0.04527336 -0.05462956 -0.02418568 -0.02472663 -0.0246345 -0.0239843 0 -0.05401994 -0.02248688 0 0 -0.01990052 -0.01990052 0 0 0 0 -0.01990052 -0.01990052 0 0 -0.01995788 -0.01990052 -0.01990052 0 0 -0.02018624 -0.01990052 0 -0.02041287 -0.01990052 -0.01990052 -0.06781277 -0.02533436 0 0 0 0 0 -0.01373578 -0.01990052 0 -0.01990052 0 0 0 0 0 0 0 0.02361698 0 -0.03158859 0 0 -0.02611769 -0.01701356 0 0 -0.01729195 -0.01689167 -0.02311864 -0.0167655 -0.01186304 -0.07100992 0 0 0 0 -0.001191148 0 -0.00259964 -0.01689167 -0.06755997 -0.01737633 0.01424247 0 0 0 0.02361698 0 0 -0.02311864 -0.02311864 -0.01737633 0.004687965 0 0 0 -0.01737633 0 -0.01737633 0
0 0 0 0.2788725 0 0.2634126 0.2671529 0.2671529 0 0.09834155 0 0.08218778 0.04882788 1.01 0.8304016 -0.4255435 0 0 0 0 -0.4015785 0 0 0 0.08052948 0 0.06392721 0.06392721 0 0.07857229 0.1341263 0.4660027 -0.01387194 0.4295187 -0.02049403 0.3551374 0.06535358 0 -0.003265852 -0.05200247 0.04173822 0 0 0.5293419 0 0 0.3663398 -0.3504428 0 0 0 0 0 0.3398018 0 0.6005233 0 0 0 0 -0.3504428 0 0.3371125 0.01951999 0 -0.1208856 0.08962987 0.007358339 0.04624098 0 0 0 -0.03482642 0.05014329 0 0.07179694 0.0823987 -0.264749 0 0 0.5624739 0 0 0.3425291 0 0 0 0 0.05087839 0 0 0 0 0 -0.02039151 -0.02031464 0 -0.3474667 0 0 0 -0.02533578 0 0 0 0.5705472 0.03690694 0.0151325 -0.1905104 0.04276973 0.03993049 0 0 0 0 0 0 0 0 0 0 0 -0.3224337 0 -0.3401201 0 0 0 0 0.1061238 0.1189456 -0.3371824 -0.3318211 -0.3331404 -0.3395291 0 0.1200753 -0.3204275 0 0 -0.2865788 -0.2865788 0 0 0 0 -0.2865788 -0.2865788 0 0 -0.2859587 -0.2865788 -0.2865788 0 0 -0.2834997 -0.2865788 0 -0.2835734 -0.2865788 -0.2865788 0.01089713 0.07336128 0 0 0 0 0 -0.2810746 -0.2865788 0 -0.2865788 0 0 0 0 0 0 0 0.6427219 0 -0.2270207 0 0 -0.2129677 -0.2891836 0 0 -0.2749145 -0.2904154 -0.2960663 -0.05703871 -0.01032008 0.1078255 0 0 0 0 -0.2936616 0 -0.2842959 -0.2904154 0.1210701 -0.2967123 0.4528672 0 0 0 0.6427219 0 0 -0.2960663 -0.2960663 -0.2967123 0.2080409 0 0 0 -0.2967123 0 -0.2967123 0
0 0 0 0.2200776 0 0.2074218 0.2086109 0.2086109 0 0.08726322 0 0.1262996 0.03776768 0.8304016 1.01 0.04065664 0 0 0 0 0.03987583 0 0 0 0.1267621 0 0.08754336 0.08754336 0 0.1289131 0.1242697 0.3846334 0.1262756 0.3707146 0.1206913 0.3468915 0.08622407 0 0.1718986 0.1327736 0.03679006 0 0 0.6347088 0 0 0.4668476 0.0387026 0 0 0 0 0 0.2511712 0 0.700167 0 0 0 0 0.0387026 0 0.2471699 0.1403572 0 -0.1595488 0.1251989 0.03476745 0.03282651 0 0 0 0.1339816 0.03718738 0 0.0378258 0.05163711 0.0250514 0 0 0.6586401 0 0 0.2559963 0 0 0 0 0.03965239 0 0 0 0 0 0.1371045 0.1371674 0 0.0388502 0 0 0 0.1325575 0 0 0 0.6666719 0.0257568 0.04210697 0.0694452 0.1225654 0.1202877 0 0 0 0 0 0 0 0 0 0 0 0.04163548 0 0.03848022 0 0 0 0 0.110827 0.1188891 0.03920788 0.03951503 0.03917385 0.03862627 0 0.1228912 0.03706071 0 0 0.03404258 0.03404258 0 0 0 0 0.03404258 0.03404258 0 0 0.03420295 0.03404258 0.03404258 0 0 0.03484094 0.03404258 0 0.0325616 0.03404258 0.03404258 0.13718 0.06337662 0 0 0 0 0 0.03547346 0.03404258 0 0.03404258 0 0 0 0 0 0 0 0.734853 0 -0.01852296 0 0 0.002469002 0.0265691 0 0 0.02234788 0.02623039 0.02468685 0.02909066 0.01820986 0.1320266 0 0 0 0 0.02696746 0 0.02991077 0.02623039 0.1435996 0.02612939 0.5506507 0 0 0 0.734853 0 0 0.02468685 0.02468685 0.02612939 0.2576559 0 0 0 0.02612939 0 0.02612939 0
0 0 0 -0.1420326 0 -0.1274816 -0.1303129 -0.1303129 0 -0.03783932 0 -0.06136799 -0.02780127 -0.4255435 0.04065664 1.01 0 0 0 0 0.9483899 0 0 0 -0.05902794 0 0.02473622 0.02473622 0 -0.05492436 -0.05492276 -0.193689 0.2557844 -0.1460504 0.2700187 -0.03153157 0.02797442 0 0.2241461 0.2372696 -0.01546917 0 0 0.02149272 0 0 0.05347101 0.8353687 0 0 0 0 0 -0.1957584 0 -0.01775628 0 0 0 0 0.8353687 0 -0.1971864 0.1193142 0 -0.02255264 -0.0612251 -0.01768379 -0.03069334 0 0 0 0.230063 -0.03088657 0 -0.0628728 -0.05515362 0.6216426 0 0 -0.01478462 0 0 -0.2019299 0 0 0 0 -0.02945911 0 0 0 0 0 0.2133226 0.2132886 0 0.8292469 0 0 0 0.214366 0 0 0 -0.01803563 -0.02942016 -0.02776542 0.5464097 0.1314255 0.1321038 0 0 0 0 0 0 0 0 0 0 0 0.7820257 0 0.8132779 0 0 0 0 -0.0551976 -0.06298254 0.8084605 0.7978574 0.7999854 0.812308 0 -0.05747861 0.7695927 0 0 0.691778 0.691778 0 0 0 0 0.691778 0.691778 0 0 0.690771 0.691778 0.691778 0 0 0.6867826 0.691778 0 0.6828563 0.691778 0.691778 0.2114227 -0.02508438 0 0 0 0 0 0.6828563 0.691778 0 0.691778 0 0 0 0 0 0 0 -0.04306705 0 0.4495814 0 0 0.462539 0.6838321 0 0 0.6219204 0.6857952 0.6948232 0.1858191 0.05693851 -0.01226112 0 0 0 0 0.6733016 0 0.6569814 0.6857952 -0.01095067 0.6780332 0.0271722 0 0 0 -0.04306705 0 0 0.6948232 0.6948232 0.6780332 0.01679126 0 0 0 0.6780332 0 0.6780332 0
0 0 0 0 0 0 0 0 0 0 0 0 0 0 0 0 1.01 0 0 0 0 0 0 0 0 0 0 0 0 0 0 0 0 0 0 0 0 0 0 0 0 0 0 0 0 0 0 0 0 0 0 0 0 0 0 0 0 0 0 0 0 0 0 0 0 0 0 0 0 0 0 0 0 0 0 0 0 0 0 0 0 0 0 0 0 0 0 0 0 0 0 0 0 0 0 0 0 0 0 0 0 0 0 0 0 0 0 0 0 0 0 0 0 0 0 0 0 0 0 0 0 0 0 0 0 0 0 0 0 0 0 0 0 0 0 0 0 0 0 0 0 0 0 0 0 0 0 0 0 0 0 0 0 0 0 0 0 0 0 0 0 0 0 0 0 0 0 0 0 0 0 0 0 0 0 0 0 0 0 0 0 0 0 0 0 0 0 0 0 0 0 0 0 0 0 0 0 0 0 0 0 0 0 0 0 0 0 0 0 0 0 0 0 0 0 0 0 0 0 0 0 0
0 0 0 0 0 0 0 0 0 0 0 0 0 0 0 0 0 1.01 0 0 0 0 0 0 0 0 0 0 0 0 0 0 0 0 0 0 0 0 0 0 0 0 0 0 0 0 0 0 0 0 0 0 0 0 0 0 0 0 0 0 0 0 0 0 0 0 0 0 0 0 0 0 0 0 0 0 0 0 0 0 0 0 0 0 0 0 0 0 0 0 0 0 0 0 0 0 0 0 0 0 0 0 0 0 0 0 0 0 0 0 0 0 0 0 0 0 0 0 0 0 0 0 0 0 0 0 0 0 0 0 0 0 0 0 0 0 0 0 0 0 0 0 0 0 0 0 0 0 0 0 0 0 0 0 0 0 0 0 0 0 0 0 0 0 0 0 0 0 0 0 0 0 0 0 0 0 0 0 0 0 0 0 0 0 0 0 0 0 0 0 0 0 0 0 0 0 0 0 0 0 0 0 0 0 0 0 0 0 0 0 0 0 0 0 0 0 0 0 0 0 0 0
0 0 0 0 0 0 0 0 0 0 0 0 0 0 0 0 0 0 1.01 0 0 0 0 0 0 0 0 0 0 0 0 0 0 0 0 0 0 0 0 0 0 0 0 0 0 0 0 0 0 0 0 0 0 0 0 0 0 0 0 0 0 0 0 0 0 0 0 0 0 0 0 0 0 0 0 0 0 0 0 0 0 0 0 0 0 0 0 0 0 0 0 0 0 0 0 0 0 0 0 0 0 0 0 0 0 0 0 0 0 0 0 0 0 0 0 0 0 0 0 0 0 0 0 0 0 0 0 0 0 0 0 0 0 0 0 0 0 0 0 0 0 0 0 0 0 0 0 0 0 0 0 0 0 0 0 0 0 0 0 0 0 0 0 0 0 0 0 0 0 0 0 0 0 0 0 0 0 0 0 0 0 0 0 0 0 0 0 0 0 0 0 0 0 0 0 0 0 0 0 0 0 0 0 0 0 0 0 0 0 0 0 0 0 0 0 0 0 0 0 0 0 0
0 0 0 0 0 0 0 0 0 0 0 0 0 0 0 0 0 0 0 1.01 0 0 0 0 0 0 0 0 0 0 0 0 0 0 0 0 0 0 0 0 0 0 0 0 0 0 0 0 0 0 0 0 0 0 0 0 0 0 0 0 0 0 0 0 0 0 0 0 0 0 0 0 0 0 0 0 0 0 0 0 0 0 0 0 0 0 0 0 0 0 0 0 0 0 0 0 0 0 0 0 0 0 0 0 0 0 0 0 0 0 0 0 0 0 0 0 0 0 0 0 0 0 0 0 0 0 0 0 0 0 0 0 0 0 0 0 0 0 0 0 0 0 0 0 0 0 0 0 0 0 0 0 0 0 0 0 0 0 0 0 0 0 0 0 0 0 0 0 0 0 0 0 0 0 0 0 0 0 0 0 0 0 0 0 0 0 0 0 0 0 0 0 0 0 0 0 0 0 0 0 0 0 0 0 0 0 0 0 0 0 0 0 0 0 0 0 0 0 0 0 0 0
0 0 0 -0.117577 0 -0.101898 -0.1065783 -0.1065783 0 -0.04006649 0 -0.06753871 -0.0297172 -0.4015785 0.03987583 0.9483899 0 0 0 0 1.01 0 0 0 -0.06508512 0 0.01947516 0.01947516 0 -0.06077316 -0.05912911 -0.1760671 0.2347935 -0.1299484 0.2488526 -0.02027217 0.02276467 0 0.2019109 0.2153849 -0.0177945 0 0 0.01814249 0 0 0.05165685 0.7913974 0 0 0 0 0 -0.1762036 0 -0.01708724 0 0 0 0 0.7913974 0 -0.1776829 0.1027265 0 -0.02422995 -0.06990328 -0.01733139 -0.02881257 0 0 0 0.2064981 -0.02787535 0 -0.06360532 -0.05430551 0.5895732 0 0 -0.01271944 0 0 -0.1809704 0 0 0 0 -0.02656244 0 0 0 0 0 0.1910299 0.1909942 0 0.7855612 0 0 0 0.1921733 0 0 0 -0.01725626 -0.02968471 -0.02854022 0.5172975 0.1149288 0.1158384 0 0 0 0 0 0 0 0 0 0 0 0.7403414 0 0.7702655 0 0 0 0 -0.06154105 -0.07019309 0.7656506 0.7554985 0.757531 0.7693364 0 -0.06355199 0.7288082 0 0 0.6549571 0.6549571 0 0 0 0 0.6549571 0.6549571 0 0 0.6539922 0.6549571 0.6549571 0 0 0.6501703 0.6549571 0 0.6464077 0.6549571 0.6549571 0.1911261 -0.02423985 0 0 0 0 0 0.6464077 0.6549571 0 0.6549571 0 0 0 0 0 0 0 -0.04046285 0 0.4251367 0 0 0.4400642 0.6473429 0 0 0.5904497 0.6492242 0.6578749 0.1727262 0.05192394 0.009724908 0 0 0 0 0.6372504 0 0.6216052 0.6492242 0.01073307 0.6417854 0.02590729 0 0 0 -0.04046285 0 0 0.6578749 0.6578749 0.6417854 0.01469898 0 0 0 0.6417854 0 0.6417854 0
0 0 0 0 0 0 0 0 0 0 0 0 0 0 0 0 0 0 0 0 0 1.01 0 0 0 0 0 0 0 0 0 0 0 0 0 0 0 0 0 0 0 0 0 0 0 0 0 0 0 0 0 0 0 0 0 0 0 0 0 0 0 0 0 0 0 0 0 0 0 0 0 0 0 0 0 0 0 0 0 0 0 0 0 0 0 0 0 0 0 0 0 0 0 0 0 0 0 0 0 0 0 0 0 0 0 0 0 0 0 0 0 0 0 0 0 0 0 0 0 0 0 0 0 0 0 0 0 0 0 0 0 0 0 0 0 0 0 0 0 0 0 0 0 0 0 0 0 0 0 0 0 0 0 0 0 0 0 0 0 0 0 0 0 0 0 0 0 0 0 0 0 0 0 0 0 0 0 0 0 0 0 0 0 0 0 0 0 0 0 0 0 0 0 0 0 0 0 0 0 0 0 0 0 0 0 0 0 0 0 0 0 0 0 0 0 0 0 0 0 0 0 0
0 0 0 0 0 0 0 0 0 0 0 0 0 0 0 0 0 0 0 0 0 0 1.01 0 0 0 0 0 0 0 0 0 0 0 0 0 0 0 0 0 0 0 0 0 0 0 0 0 0 0 0 0 0 0 0 0 0 0 0 0 0 0 0 0 0 0 0 0 0 0 0 0 0 0 0 0 0 0 0 0 0 0 0 0 0 0 0 0 0 0 0 0 0 0 0 0 0 0 0 0 0 0 0 0 0 0 0 0 0 0 0 0 0 0 0 0 0 0 0 0 0 0 0 0 0 0 0 0 0 0 0 0 0 0 0 0 0 0 0 0 0 0 0 0 0 0 0 0 0 0 0 0 0 0 0 0 0 0 0 0 0 0 0 0 0 0 0 0 0 0 0 0 0 0 0 0 0 0 0 0 0 0 0 0 0 0 0 0 0 0 0 0 0 0 0 0 0 0 0 0 0 0 0 0 0 0 0 0 0 0 0 0 0 0 0 0 0 0 0 0 0 0
0 0 0 0 0 0 0 0 0 0 0 0 0 0 0 0 0 0 0 0 0 0 0 1.01 0 0 0 0 0 0 0 0 0 0 0 0 0 0 0 0 0 0 0 0 0 0 0 0 0 0 0 0 0 0 0 0 0 0 0 0 0 0 0 0 0 0 0 0 0 0 0 0 0 0 0 0 0 0 0 0 0 0 0 0 0 0 0 0 0 0 0 0 0 0 0 0 0 0 0 0 0 0 0 0 0 0 0 0 0 0 0 0 0 0 0 0 0 0 0 0 0 0 0 0 0 0 0 0 0 0 0 0 0 0 0 0 0 0 0 0 0 0 0 0 0 0 0 0 0 0 0 0 0 0 0 0 0 0 0 0 0 0 0 0 0 0 0 0 0 0 0 0 0 0 0 0 0 0 0 0 0 0 0 0 0 0 0 0 0 0 0 0 0 0 0 0 0 0 0 0 0 0 0 0 0 0 0 0 0 0 0 0 0 0 0 0 0 0 0 0 0 0
0 0 0 -0.4434684 0 -0.4078377 -0.395336 -0.395336 0 -0.1372902 0 0.9863183 -0.05195441 0.08052948 0.1267621 -0.05902794 0 0 0 0 -0.06508512 0 0 0 1.01 0 -0.1358152 -0.1358152 0 0.9616616 0.6006448 -0.5561141 0.5741757 -0.6081665 0.5479366 -0.5948734 -0.1324555 0 0.736067 0.9130601 0.2173013 0 0 0.08556507 0 0 0.02504756 -0.06383562 0 0 0 0 0 -0.6415582 0 0.02222961 0 0 0 0 -0.06383562 0 -0.6439725 0.8018038 0 -0.04078257 0.8491749 0.2378892 -0.09937472 0 0 0 0.7941319 -0.1008534 0 -0.1998324 -0.1959791 -0.03803454 0 0 0.0104797 0 0 -0.639328 0 0 0 0 -0.1012445 0 0 0 0 0 0.7326919 0.7328706 0 -0.06321519 0 0 0 0.719272 0 0 0 0.02851076 0.03496424 0.0305172 -0.09857475 -0.0549221 -0.05056357 0 0 0 0 0 0 0 0 0 0 0 -0.04254807 0 -0.06308863 0 0 0 0 0.6795624 0.6194354 -0.06267468 -0.05027298 -0.0650428 -0.062482 0 0.6971376 -0.0617528 0 0 -0.05591051 -0.05591051 0 0 0 0 -0.05591051 -0.05591051 0 0 -0.05620183 -0.05591051 -0.05591051 0 0 -0.05736065 -0.05591051 0 -0.04813399 -0.05591051 -0.05591051 0.6177071 -0.09798884 0 0 0 0 0 -0.05850936 -0.05591051 0 -0.05591051 0 0 0 0 0 0 0 0.09728881 0 -0.04200055 0 0 -0.05758888 -0.05444544 0 0 -0.06711176 -0.05575508 -0.05311665 -0.0682835 0.02048382 0.5339251 0 0 0 0 -0.05854408 0 -0.04350187 -0.05575508 0.568412 -0.05805684 0.07418648 0 0 0 0.09728881 0 0 -0.05311665 -0.05311665 -0.05805684 0.0510898 0 0 0 -0.05805684 0 -0.05805684 0
0 0 0 0 0 0 0 0 0 0 0 0 0 0 0 0 0 0 0 0 0 0 0 0 0 1.01 0 0 0 0 0 0 0 0 0 0 0 0 0 0 0 0 0 0 0 0 0 0 0 0 0 0 0 0 0 0 0 0 0 0 0 0 0 0 0 0 0 0 0 0 0 0 0 0 0 0 0 0 0 0 0 0 0 0 0 0 0 0 0 0 0 0 0 0 0 0 0 0 0 0 0 0 0 0 0 0 0 0 0 0 0 0 0 0 0 0 0 0 0 0 0 0 0 0 0 0 0 0 0 0 0 0 0 0 0 0 0 0 0 0 0 0 0 0 0 0 0 0 0 0 0 0 0 0 0 0 0 0 0 0 0 0 0 0 0 0 0 0 0 0 0 0 0 0 0 0 0 0 0 0 0 0 0 0 0 0 0 0 0 0 0 0 0 0 0 0 0 0 0 0 0 0 0 0 0 0 0 0 0 0 0 0 0 0 0 0 0 0 0 0 0 0
0 0 0 -0.2459612 0 -0.2259212 -0.2317006 -0.2317006 0 0.9555482 0 -0.1374181 -0.02882508 0.06392721 0.08754336 0.02473622 0 0 0 0 0.01947516 0 0 0 -0.1358152 0 1.01 1 0 -0.1327649 0.3172036 -0.1280701 0.2154529 -0.09602845 0.2099402 -0.07278142 0.9790736 0 0.415601 -0.1416477 -0.02710893 0 0 0.0602971 0 0 -0.3722096 -0.05026679 0 0 0 0 0 -0.3123976 0 0.04228523 0 0 0 0 -0.05026679 0 -0.2954746 0.1387082 0 -0.03214094 0.06173193 -0.0264794 0.6354734 0 0 0 0.04223417 0.6084191 0 0.01567997 -0.0003627338 -0.0262682 0 0 0.04343896 0 0 0.05105101 0 0 0 0 0.586409 0 0 0 0 0 -0.04144068 -0.04150529 0 -0.05040475 0 0 0 -0.03827972 0 0 0 0.03112837 0.2586689 -0.04298387 0.2496126 0.02638678 0.02942309 0 0 0 0 0 0 0 0 0 0 0 -0.02981929 0 -0.02875705 0 0 0 0 -0.07170649 -0.0852825 -0.02165379 -0.03136138 -0.03096655 -0.0289168 0 -0.03406961 -0.02552018 0 0 -0.01867764 -0.01867764 0 0 0 0 -0.01867764 -0.01867764 0 0 -0.0188616 -0.01867764 -0.01867764 0 0 -0.01959305 -0.01867764 0 -0.01888777 -0.01867764 -0.01867764 -0.08183281 -0.04995191 0 0 0 0 0 -0.0203176 -0.01867764 0 -0.01867764 0 0 0 0 0 0 0 0.009175383 0 -0.0444237 0 0 -0.03515693 -0.01870544 0 0 -0.01144652 -0.0183395 -0.01667085 -0.004417203 -0.02433649 -0.06725324 0 0 0 0 -0.005156225 0 -0.005867892 -0.0183395 -0.07646719 -0.00558492 0.02155398 0 0 0 0.009175383 0 0 -0.01667085 -0.01667085 -0.00558492 -0.01531248 0 0 0 -0.00558492 0 -0.00558492 0
0 0 0 -0.2459612 0 -0.2259212 -0.2317006 -0.2317006 0 0.9555482 0 -0.1374181 -0.02882508 0.06392721 0.08754336 0.02473622 0 0 0 0 0.01947516 0 0 0 -0.1358152 0 1 1.01 0 -0.1327649 0.3172036 -0.1280701 0.2154529 -0.09602845 0.2099402 -0.07278142 0.9790736 0 0.415601 -0.1416477 -0.02710893 0 0 0.0602971 0 0 -0.3722096 -0.05026679 0 0 0 0 0 -0.3123976 0 0.04228523 0 0 0 0 -0.05026679 0 -0.2954746 0.1387082 0 -0.03214094 0.06173193 -0.0264794 0.6354734 0 0 0 0.04223417 0.6084191 0 0.01567997 -0.0003627338 -0.0262682 0 0 0.04343896 0 0 0.05105101 0 0 0 0 0.586409 0 0 0 0 0 -0.04144068 -0.04150529 0 -0.05040475 0 0 0 -0.03827972 0 0 0 0.03112837 0.2586689 -0.04298387 0.2496126 0.02638678 0.02942309 0 0 0 0 0 0 0 0 0 0 0 -0.02981929 0 -0.02875705 0 0 0 0 -0.07170649 -0.0852825 -0.02165379 -0.03136138 -0.03096655 -0.0289168 0 -0.03406961 -0.02552018 0 0 -0.01867764 -0.01867764 0 0 0 0 -0.01867764 -0.01867764 0 0 -0.0188616 -0.01867764 -0.01867764 0 0 -0.01959305 -0.01867764 0 -0.01888777 -0.01867764 -0.01867764 -0.08183281 -0.04995191 0 0 0 0 0 -0.0203176 -0.01867764 0 -0.01867764 0 0 0 0 0 0 0 0.009175383 0 -0.0444237 0 0 -0.03515693 -0.01870544 0 0 -0.01144652 -0.0183395 -0.01667085 -0.004417203 -0.02433649 -0.06725324 0 0 0 0 -0.005156225 0 -0.005867892 -0.0183395 -0.07646719 -0.00558492 0.02155398 0 0 0 0.009175383 0 0 -0.01667085 -0.01667085 -0.00558492 -0.01531248 0 0 0 -0.00558492 0 -0.00558492 0
0 0 0 0 0 0 0 0 0 0 0 0 0 0 0 0 0 0 0 0 0 0 0 0 0 0 0 0 1.01 0 0 0 0 0 0 0 0 0 0 0 0 0 0 0 0 0 0 0 0 0 0 0 0 0 0 0 0 0 0 0 0 0 0 0 0 0 0 0 0 0 0 0 0 0 0 0 0 0 0 0 0 0 0 0 0 0 0 0 0 0 0 0 0 0 0 0 0 0 0 0 0 0 0 0 0 0 0 0 0 0 0 0 0 0 0 0 0 0 0 0 0 0 0 0 0 0 0 0 0 0 0 0 0 0 0 0 0 0 0 0 0 0 0 0 0 0 0 0 0 0 0 0 0 0 0 0 0 0 0 0 0 0 0 0 0 0 0 0 0 0 0 0 0 0 0 0 0 0 0 0 0 0 0 0 0 0 0 0 0 0 0 0 0 0 0 0 0 0 0 0 0 0 0 0 0 0 0 0 0 0 0 0 0 0 0 0 0 0 0 0 0 0
0 0 0 -0.4206761 0 -0.400763 -0.3903997 -0.3903997 0 -0.1348201 0 0.9494866 -0.04989052 0.07857229 0.1289131 -0.05492436 0 0 0 0 -0.06077316 0 0 0 0.9616616 0 -0.1327649 -0.1327649 0 1.01 0.6148874 -0.5719867 0.589745 -0.6258794 0.562714 -0.6057344 -0.1296163 0 0.7324489 0.9068488 0.223928 0 0 0.08804747 0 0 0.02107872 -0.06135649 0 0 0 0 0 -0.6372035 0 0.02097337 0 0 0 0 -0.06135649 0 -0.6396954 0.7949288 0 -0.04613669 0.8408665 0.2428398 -0.09742797 0 0 0 0.7870092 -0.09966805 0 -0.2004587 -0.1968483 -0.03551091 0 0 0.007897122 0 0 -0.6356341 0 0 0 0 -0.1006244 0 0 0 0 0 0.7276427 0.7278268 0 -0.06072241 0 0 0 0.7138331 0 0 0 0.02627509 -0.01162572 0.03408708 -0.09579595 -0.05037586 -0.04602941 0 0 0 0 0 0 0 0 0 0 0 -0.03950331 0 -0.06046605 0 0 0 0 0.6672421 0.6092722 -0.0600089 -0.04654804 -0.06145971 -0.05984612 0 0.6864711 -0.05843711 0 0 -0.05289753 -0.05289753 0 0 0 0 -0.05289753 -0.05289753 0 0 -0.0531836 -0.05289753 -0.05289753 0 0 -0.0543215 -0.05289753 0 -0.05354628 -0.05289753 -0.05289753 0.6102946 -0.09429545 0 0 0 0 0 -0.05544942 -0.05289753 0 -0.05289753 0 0 0 0 0 0 0 0.09735193 0 -0.03571036 0 0 -0.0514441 -0.05040445 0 0 -0.06281164 -0.05173873 -0.04913601 -0.0649463 0.02164803 0.5393672 0 0 0 0 -0.05446825 0 -0.03917841 -0.05173873 0.5758512 -0.05400891 0.07301237 0 0 0 0.09735193 0 0 -0.04913601 -0.04913601 -0.05400891 0.05002758 0 0 0 -0.05400891 0 -0.05400891 0
0 0 0 -0.3772698 0 -0.3880895 -0.3964941 -0.3964941 0 0.3106187 0 0.5918302 -0.049865 0.1341263 0.1242697 -0.05492276 0 0 0 0 -0.05912911 0 0 0 0.6006448 0 0.3172036 0.3172036 0 0.6148874 1.01 -0.6368731 0.7722349 -0.5846814 0.8366364 -0.5562862 0.3132948 0 0.6706354 0.56064 -0.05128046 0 0 0.08556167 0 0 -0.1389282 -0.06263457 0 0 0 0 0 -0.5542915 0 0.01042158 0 0 0 0 -0.06263457 0 -0.5600045 0.5798663 0 -0.04118619 0.6240264 0.07747417 0.140227 0 0 0 0.5780673 0.1284486 0 -0.08053454 -0.08602523 -0.03378488 0 0 -0.003400471 0 0 -0.437347 0 0 0 0 0.1107118 0 0 0 0 0 0.4875615 0.4877592 0 -0.06196319 0 0 0 0.4931976 0 0 0 0.003249568 0.1454068 -0.02482004 0.007937261 -0.06550666 -0.06222292 0 0 0 0 0 0 0 0 0 0 0 -0.02269127 0 -0.04602128 0 0 0 0 0.4472071 0.3895631 -0.04104352 -0.03437438 -0.04874593 -0.04628253 0 0.4931144 -0.0431461 0 0 -0.03564353 -0.03564353 0 0 0 0 -0.03564353 -0.03564353 0 0 -0.03593654 -0.03564353 -0.03564353 0 0 -0.03710169 -0.03564353 0 -0.03533336 -0.03564353 -0.03564353 0.3977546 -0.09273608 0 0 0 0 0 -0.03825604 -0.03564353 0 -0.03564353 0 0 0 0 0 0 0 0.07931486 0 -0.01552062 0 0 -0.0282565 -0.03504204 0 0 -0.04209372 -0.03641331 -0.03377083 -0.02863808 0.02724108 0.3770321 0 0 0 0 -0.03051364 0 -0.03193437 -0.03641331 0.371914 -0.02903527 0.05179307 0 0 0 0.07931486 0 0 -0.03377083 -0.03377083 -0.02903527 0.01746568 0 0 0 -0.02903527 0 -0.02903527 0
0 0 0 0.5255222 0 0.5226299 0.5147345 0.5147345 0 -0.1244352 0 -0.5464918 0.07455459 0.4660027 0.3846334 -0.193689 0 0 0 0 -0.1760671 0 0 0 -0.5561141 0 -0.1280701 -0.1280701 0 -0.5719867 -0.6368731 1.01 -0.6424202 0.8919864 -0.6909587 0.8156438 -0.1265609 0 -0.6274938 -0.6249281 0.07025699 0 0 0.2935955 0 0 0.3411191 -0.236499 0 0 0 0 0 0.7445431 0 0.3737249 0 0 0 0 -0.236499 0 0.7474684 -0.5186475 0 0.06427567 -0.5167702 -0.08748504 -0.06896493 0 0 0 -0.5783019 -0.05653894 0 0.1886311 0.2068578 -0.144485 0 0 0.3591413 0 0 0.6558482 0 0 0 0 -0.04324747 0 0 0 0 0 -0.5031131 -0.5032195 0 -0.2357947 0 0 0 -0.5113483 0 0 0 0.3584009 -0.07477566 0.03627774 -0.1992889 0.06019702 0.05488086 0 0 0 0 0 0 0 0 0 0 0 -0.2494962 0 -0.2428859 0 0 0 0 -0.3803501 -0.3254557 -0.2446944 -0.2463566 -0.2348407 -0.242947 0 -0.3980858 -0.2342591 0 0 -0.2208786 -0.2208786 0 0 0 0 -0.2208786 -0.2208786 0 0 -0.2201191 -0.2208786 -0.2208786 0 0 -0.2171052 -0.2208786 0 -0.2182037 -0.2208786 -0.2208786 -0.4119989 0.1286574 0 0 0 0 0 -0.2141289 -0.2208786 0 -0.2208786 0 0 0 0 0 0 0 0.3386976 0 -0.1632784 0 0 -0.1315914 -0.1969175 0 0 -0.1723942 -0.1967234 -0.203306 -0.04280802 -0.09126377 -0.2650235 0 0 0 0 -0.1963845 0 -0.1879731 -0.1967234 -0.294075 -0.1999324 0.2445056 0 0 0 0.3386976 0 0 -0.203306 -0.203306 -0.1999324 0.1172037 0 0 0 -0.1999324 0 -0.1999324 0
0 0 0 -0.3904017 0 -0.39485 -0.4043032 -0.4043032 0 0.2088905 0 0.5654021 -0.0491816 -0.01387194 0.1262756 0.2557844 0 0 0 0 0.2347935 0 0 0 0.5741757 0 0.2154529 0.2154529 0 0.589745 0.7722349 -0.6424202 1.01 -0.6944751 0.9201854 -0.6278067 0.2103499 0 0.7135744 0.6725156 0.2274814 0 0 0.08105469 0 0 -0.07967283 0.3103021 0 0 0 0 0 -0.5920426 0 0.02538985 0 0 0 0 0.3103021 0 -0.5944169 0.5990637 0 -0.04534203 0.5692436 0.06972949 0.08363585 0 0 0 0.6544209 0.07304138 0 -0.1584709 -0.1565241 0.1907659 0 0 0.008851553 0 0 -0.5019124 0 0 0 0 0.05628894 0 0 0 0 0 0.5651269 0.5653195 0 0.3087275 0 0 0 0.5705572 0 0 0 0.01398616 0.06719099 -0.00932118 0.2545573 -0.04789261 -0.04416657 0 0 0 0 0 0 0 0 0 0 0 0.3281493 0 0.3179382 0 0 0 0 0.4502203 0.3914167 0.3217724 0.3229404 0.3098016 0.3181731 0 0.4525613 0.3076575 0 0 0.2933466 0.2933466 0 0 0 0 0.2933466 0.2933466 0 0 0.2926209 0.2933466 0.2933466 0 0 0.2897426 0.2933466 0 0.288829 0.2933466 0.2933466 0.4883624 -0.09225637 0 0 0 0 0 0.2869028 0.2933466 0 0.2933466 0 0 0 0 0 0 0 0.07957459 0 0.1494014 0 0 0.1744833 0.2606075 0 0 0.2306214 0.2600245 0.2661923 0.09320803 0.07677684 0.3714706 0 0 0 0 0.2609435 0 0.2689535 0.2600245 0.3670929 0.2642649 0.05518941 0 0 0 0.07957459 0 0 0.2661923 0.2661923 0.2642649 0.02051044 0 0 0 0.2642649 0 0.2642649 0
0 0 0 0.5324765 0 0.5287441 0.5222967 0.5222967 0 -0.09075908 0 -0.598223 0.07423847 0.4295187 0.3707146 -0.1460504 0 0 0 0 -0.1299484 0 0 0 -0.6081665 0 -0.09602845 -0.09602845 0 -0.6258794 -0.5846814 0.8919864 -0.6944751 1.01 -0.6713106 0.8998322 -0.09453786 0 -0.6618884 -0.6604756 -0.1631574 0 0 0.2838882 0 0 0.2883607 -0.1907349 0 0 0 0 0 0.7508144 0 0.3458561 0 0 0 0 -0.1907349 0 0.7513592 -0.5603027 0 0.06210823 -0.5918463 -0.1721386 -0.03212876 0 0 0 -0.6349082 -0.02068633 0 0.2209886 0.2180965 -0.1394843 0 0 0.3348054 0 0 0.6773935 0 0 0 0 -0.006635956 0 0 0 0 0 -0.542123 -0.5422204 0 -0.1893118 0 0 0 -0.5330844 0 0 0 0.3350808 -0.02384461 0.01515314 -0.1626632 0.07505098 0.0681735 0 0 0 0 0 0 0 0 0 0 0 -0.2040521 0 -0.1967075 0 0 0 0 -0.4391484 -0.3807077 -0.1986115 -0.1999008 -0.1898584 -0.1967927 0 -0.4424615 -0.1882344 0 0 -0.2133784 -0.2133784 0 0 0 0 -0.2133784 -0.2133784 0 0 -0.2126135 -0.2133784 -0.2133784 0 0 -0.2095779 -0.2133784 0 -0.2105913 -0.2133784 -0.2133784 -0.4436476 0.1380322 0 0 0 0 0 -0.2065799 -0.2133784 0 -0.2133784 0 0 0 0 0 0 0 0.3286266 0 -0.1433544 0 0 -0.1191284 -0.1896531 0 0 -0.1645658 -0.189496 -0.196131 -0.0409161 -0.04500202 -0.2983375 0 0 0 0 -0.1889438 0 -0.1943232 -0.189496 -0.3251634 -0.1925199 0.2397702 0 0 0 0.3286266 0 0 -0.196131 -0.196131 -0.1925199 0.1160852 0 0 0 -0.1925199 0 -0.1925199 0
0 0 0 -0.3788507 0 -0.3823351 -0.3908658 -0.3908658 0 0.2020011 0 0.5397126 -0.04853648 -0.02049403 0.1206913 0.2700187 0 0 0 0 0.2488526 0 0 0 0.5479366 0 0.2099402 0.2099402 0 0.562714 0.8366364 -0.6909587 0.9201854 -0.6713106 1.01 -0.612508 0.2040523 0 0.6905005 0.6517304 -0.04513608 0 0 0.07914243 0 0 -0.07657207 0.3222542 0 0 0 0 0 -0.5726254 0 0.0198884 0 0 0 0 0.3222542 0 -0.5774619 0.5528359 0 -0.04322987 0.5446018 0.07239026 0.07452552 0 0 0 0.6348707 0.06552718 0 -0.1513019 -0.1473893 0.1975905 0 0 0.003587614 0 0 -0.4944154 0 0 0 0 0.04850765 0 0 0 0 0 0.553017 0.5532196 0 0.3206558 0 0 0 0.5590772 0 0 0 0.008121712 0.07262181 -0.02093327 0.2682035 -0.007610031 -0.00419656 0 0 0 0 0 0 0 0 0 0 0 0.341879 0 0.330242 0 0 0 0 0.4097876 0.3529821 0.3333075 0.3355212 0.3220746 0.3295826 0 0.4391647 0.3203698 0 0 0.3042588 0.3042588 0 0 0 0 0.3042588 0.3042588 0 0 0.3035293 0.3042588 0.3042588 0 0 0.3006358 0.3042588 0 0.2997499 0.3042588 0.3042588 0.4744478 -0.09034673 0 0 0 0 0 0.2977813 0.3042588 0 0.3042588 0 0 0 0 0 0 0 0.07552945 0 0.2116705 0 0 0.1851855 0.2708959 0 0 0.2399999 0.2702761 0.276471 0.09852921 0.08055418 0.3545357 0 0 0 0 0.271369 0 0.2626435 0.2702761 0.3510046 0.2747047 0.0515168 0 0 0 0.07552945 0 0 0.276471 0.276471 0.2747047 0.01669569 0 0 0 0.2747047 0 0.2747047 0
0 0 0 0.4809301 0 0.5176042 0.5113164 0.5113164 0 -0.0671734 0 -0.606438 0.07012671 0.3551374 0.3468915 -0.03153157 0 0 0 0 -0.02027217 0 0 0 -0.5948734 0 -0.07278142 -0.07278142 0 -0.6057344 -0.5562862 0.8156438 -0.6278067 0.8998322 -0.612508 1.01 -0.071361 0 -0.6249033 -0.6126765 -0.1609172 0 0 0.2501129 0 0 0.2993347 -0.0779449 0 0 0 0 0 0.7135699 0 0.3217312 0 0 0 0 -0.0779449 0 0.7138273 -0.5680964 0 0.05696525 -0.5932675 -0.1667357 -0.05527306 0 0 0 -0.5969757 -0.04178507 0 0.2210159 0.2196763 -0.04173 0 0 0.3106698 0 0 0.6367515 0 0 0 0 -0.02776873 0 0 0 0 0 -0.5037537 -0.5038443 0 -0.07813847 0 0 0 -0.4952955 0 0 0 0.3114688 -0.0164682 0.01889056 -0.08567371 0.08320643 0.076389 0 0 0 0 0 0 0 0 0 0 0 -0.09750486 0 -0.08705729 0 0 0 0 -0.4446243 -0.3852602 -0.0894232 -0.09206774 -0.08163892 -0.0872394 0 -0.4384437 -0.07579427 0 0 -0.05570442 -0.05570442 0 0 0 0 -0.05570442 -0.05570442 0 0 -0.05513297 -0.05570442 -0.05570442 0 0 -0.05286304 -0.05570442 0 -0.05457699 -0.05570442 -0.05570442 -0.4042865 0.1376948 0 0 0 0 0 -0.05061803 -0.05570442 0 -0.05570442 0 0 0 0 0 0 0 0.3025974 0 -0.04694887 0 0 -0.01118223 -0.03532093 0 0 -0.02200696 -0.03481307 -0.039736 0.02062784 -0.03094212 -0.3058143 0 0 0 0 -0.03650965 0 -0.0447324 -0.03481307 -0.3313688 -0.03919112 0.235856 0 0 0 0.3025974 0 0 -0.039736 -0.039736 -0.03919112 0.1089449 0 0 0 -0.03919112 0 -0.03919112 0
0 0 0 -0.2433419 0 -0.2216771 -0.2272164 -0.2272164 0 0.9395272 0 -0.133939 -0.02898087 0.06535358 0.08622407 0.02797442 0 0 0 0 0.02276467 0 0 0 -0.1324555 0 0.9790736 0.9790736 0 -0.1296163 0.3132948 -0.1265609 0.2103499 -0.09453786 0.2040523 -0.071361 1.01 0 0.4263309 -0.1416664 -0.02558101 0 0 0.06003312 0 0 -0.3800241 -0.04838914 0 0 0 0 0 -0.3147759 0 0.04010756 0 0 0 0 -0.04838914 0 -0.2973987 0.1348847 0 -0.03299587 0.067595 -0.02465854 0.6466018 0 0 0 0.04853419 0.619397 0 0.01649877 0.003070734 -0.02509008 0 0 0.04114483 0 0 0.05590671 0 0 0 0 0.5969821 0 0 0 0 0 -0.0418838 -0.0419474 0 -0.04852619 0 0 0 -0.03879225 0 0 0 0.02868719 0.2623638 -0.04085648 0.2551546 0.0309771 0.03389137 0 0 0 0 0 0 0 0 0 0 0 -0.04821405 0 -0.04798827 0 0 0 0 -0.06865074 -0.0825766 -0.04061103 -0.05015845 -0.04987387 -0.04812439 0 -0.03010097 -0.04547331 0 0 -0.039996 -0.039996 0 0 0 0 -0.039996 -0.039996 0 0 -0.04014892 -0.039996 -0.039996 0 0 -0.04075743 -0.039996 0 -0.03990278 -0.039996 -0.039996 -0.08542019 -0.04806606 0 0 0 0 0 -0.04136095 -0.039996 0 -0.039996 0 0 0 0 0 0 0 0.007416635 0 -0.06555037 0 0 -0.0572709 -0.03975049 0 0 -0.04144468 -0.03944499 -0.03805428 -0.02500982 -0.02326166 -0.06762658 0 0 0 0 -0.0385288 0 -0.03841046 -0.03944499 -0.07344183 -0.03776158 0.02147274 0 0 0 0.007416635 0 0 -0.03805428 -0.03805428 -0.03776158 -0.01516342 0 0 0 -0.03776158 0 -0.03776158 0
0 0 0 0 0 0 0 0 0 0 0 0 0 0 0 0 0 0 0 0 0 0 0 0 0 0 0 0 0 0 0 0 0 0 0 0 0 1.01 0 0 0 0 0 0 0 0 0 0 0 0 0 0 0 0 0 0 0 0 0 0 0 0 0 0 0 0 0 0 0 0 0 0 0 0 0 0 0 0 0 0 0 0 0 0 0 0 0 0 0 0 0 0 0 0 0 0 0 0 0 0 0 0 0 0 0 0 0 0 0 0 0 0 0 0 0 0 0 0 0 0 0 0 0 0 0 0 0 0 0 0 0 0 0 0 0 0 0 0 0 0 0 0 0 0 0 0 0 0 0 0 0 0 0 0 0 0 0 0 0 0 0 0 0 0 0 0 0 0 0 0 0 0 0 0 0 0 0 0 0 0 0 0 0 0 0 0 0 0 0 0 0 0 0 0 0 0 0 0 0 0 0 0 0 0 0 0 0 0 0 0 0 0 0 0 0 0 0 0 0 0 0 0
0 0 0 -0.5207687 0 -0.495721 -0.4912902 -0.4912902 0 0.3898194 0 0.7290094 -0.0674721 -0.003265852 0.1718986 0.2241461 0 0 0 0 0.2019109 0 0 0 0.736067 0 0.415601 0.415601 0 0.7324489 0.6706354 -0.6274938 0.7135744 -0.6618884 0.6905005 -0.6249033 0.4263309 0 1.01 0.8077428 0.1711609 0 0 0.1156417 0 0 -0.1993082 0.2280876 0 0 0 0 0 -0.8115284 0 0.05654618 0 0 0 0 0.2280876 0 -0.8036303 0.8300346 0 -0.06500552 0.7555676 0.1831191 0.2970513 0 0 0 0.805284 0.2777683 0 -0.1868999 -0.188342 0.1383171 0 0 0.04623365 0 0 -0.5911796 0 0 0 0 0.2646243 0 0 0 0 0 0.6967815 0.6968864 0 0.2266188 0 0 0 0.6875021 0 0 0 0.05546296 0.1638174 -0.007695634 0.2627058 0.01963447 0.02603377 0 0 0 0 0 0 0 0 0 0 0 0.2276484 0 0.2210101 0 0 0 0 0.5362535 0.4728027 0.2236905 0.22566 0.2132458 0.2210941 0 0.5644705 0.2132465 0 0 0.2010968 0.2010968 0 0 0 0 0.2010968 0.2010968 0 0 0.2003594 0.2010968 0.2010968 0 0 0.1974331 0.2010968 0 0.2035395 0.2010968 0.2010968 0.5705168 -0.1244077 0 0 0 0 0 0.1945428 0.2010968 0 0.2010968 0 0 0 0 0 0 0 0.09971969 0 0.105987 0 0 0.08660267 0.1756078 0 0 0.1477907 0.1753604 0.1817246 0.02444609 0.09117153 0.4198377 0 0 0 0 0.1753543 0 0.182362 0.1753604 0.4435746 0.1779758 0.08043592 0 0 0 0.09971969 0 0 0.1817246 0.1817246 0.1779758 0.04013876 0 0 0 0.1779758 0 0.1779758 0
