1.01 -0.04021623 1 0 0.5974914 -0.03489558 0.9954383 0.9930117 -0.03580164 0 -0.1970083 -0.09948409 0.999294 0 0 1 0 0.9372464 -0.072764 -0.06819087 -0.06819087 0.9918691 -0.08324148 0.5931149 0 -0.09303551 0 0 -0.07412401 0 0.9897168 0 0 0 -0.04678839 0.01653582 0 0 0 -0.03694507 0.01653582 0 -0.04603479 0.3962789 -0.2509654 0 -0.04858212 -0.1404942 0 0 -0.2179983 -0.1348473 0 -0.1404262 0 -0.03941594 0 0.480025 0 -0.1204496 -0.1404942 0 0 0 0.0203659 0 0 0.395894 -0.1409023 -0.05339047 0 0 0 -0.3272699 0 -0.08098829 0 -0.05304977 0 0 -0.1404942 0 0 0 -0.1404942 0 -0.03699976 0 0 0 -0.1397702 -0.1392463 0 -0.08096692 -0.08344278 0 -0.2203869 0 0 0 0 0.3926764 0.06282397 0 0 0 0 0 -0.08096692 -0.1720251 0.5967947 0 0 -0.1113153 0 -0.04535496 0 -0.04544105 0 0 -0.03468853 0 -0.3738666 0.01149453 0.01677792 -0.1720251 0 0 -0.1397021 0 -0.3749764 -0.1397921 -0.2205125 0 0 0 0 -0.3261709 -0.08096692 0 -0.1714688 0 0.009779327 -0.3608556 0 0 0.2900986 0 0.01677792 0 0 0 -0.1391355 -0.2212549 -0.08096692 0 0 0 -0.1734342 0 0 -0.1120622 0 -0.2212549 0.01677792
-0.04021623 1.01 -0.04021623 0 -0.07395421 -0.02320136 -0.04079148 -0.04108662 -0.007564359 0 0.2283584 -0.05664607 -0.04030932 0 0 -0.04021623 0 -0.03814433 -0.02749691 -0.04400433 -0.04400433 -0.04041292 -0.04958837 -0.07427272 0 -0.05701472 0 0 -0.04009585 0 -0.03953488 0 0 0 -0.01950923 0.03102254 0 0 0 -0.02511626 0.03102254 0 -0.03335565 -0.09166766 0.1649602 0 -0.06083687 -0.0811635 0 0 0.1871725 -0.08146066 0 -0.0811283 0 -0.007644598 0 -0.02026636 0 -0.08182949 -0.0811635 0 0 0 0.03148517 0 0 -0.09185787 -0.08137473 -0.06053163 0 0 0 0.1180141 0 -0.03746761 0 -0.06060373 0 0 -0.0811635 0 0 0 -0.0811635 0 -0.02196001 0 0 0 -0.08079428 -0.07976984 0 -0.03745045 -0.04007123 0 0.185299 0 0 0 0 -0.09138606 -0.01493697 0 0 0 0 0 -0.03745045 -0.09428386 -0.05590225 0 0 -0.0607491 0 0.03993863 0 0.04090213 0 0 -0.009514884 0 0.1029822 0.03269429 0.03113173 -0.09428386 0 0 -0.08075906 0 0.1022304 -0.08080286 0.1846059 0 0 0 0 0.1183044 -0.03745045 0 -0.09399455 0 0.03674021 0.08846064 0 0 -0.01418822 0 0.03113173 0 0 0 -0.0804686 0.1840209 -0.03745045 0 0 0 -0.09614474 0 0 -0.06082734 0 0.1840209 0.03113173
1 -0.04021623 1.01 0 0.5974914 -0.03489558 0.9954383 0.9930117 -0.03580164 0 -0.1970083 -0.09948409 0.999294 0 0 1 0 0.9372464 -0.072764 -0.06819087 -0.06819087 0.9918691 -0.08324148 0.5931149 0 -0.09303551 0 0 -0.07412401 0 0.9897168 0 0 0 -0.04678839 0.01653582 0 0 0 -0.03694507 0.01653582 0 -0.04603479 0.3962789 -0.2509654 0 -0.04858212 -0.1404942 0 0 -0.2179983 -0.1348473 0 -0.1404262 0 -0.03941594 0 0.480025 0 -0.1204496 -0.1404942 0 0 0 0.0203659 0 0 0.395894 -0.1409023 -0.05339047 0 0 0 -0.3272699 0 -0.08098829 0 -0.05304977 0 0 -0.1404942 0 0 0 -0.1404942 0 -0.03699976 0 0 0 -0.1397702 -0.1392463 0 -0.08096692 -0.08344278 0 -0.2203869 0 0 0 0 0.3926764 0.06282397 0 0 0 0 0 -0.08096692 -0.1720251 0.5967947 0 0 -0.1113153 0 -0.04535496 0 -0.04544105 0 0 -0.03468853 0 -0.3738666 0.01149453 0.01677792 -0.1720251 0 0 -0.1397021 0 -0.3749764 -0.1397921 -0.2205125 0 0 0 0 -0.3261709 -0.08096692 0 -0.1714688 0 0.009779327 -0.3608556 0 0 0.2900986 0 0.01677792 0 0 0 -0.1391355 -0.2212549 -0.08096692 0 0 0 -0.1734342 0 0 -0.1120622 0 -0.2212549 0.01677792
0 0 0 1.01 0 0 0 0 0 0 0 0 0 0 0 0 0 0 0 0 0 0 0 0 0 0 0 0 0 0 0 0 0 0 0 0 0 0 0 0 0 0 0 0 0 0 0 0 0 0 0 0 0 0 0 0 0 0 0 0 0 0 0 0 0 0 0 0 0 0 0 0 0 0 0 0 0 0 0 0 0 0 0 0 0 0 0 0 0 0 0 0 0 0 0 0 0 0 0 0 0 0 0 0 0 0 0 0 0 0 0 0 0 0 0 0 0 0 0 0 0 0 0 0 0 0 0 0 0 0 0 0 0 0 0 0 0 0 0 0 0 0 0 0 0 0 0 0 0 0 0 0 0 0 0 0 0 0 0 0 0 0 0 0 0
0.5974914 -0.07395421 0.5974914 0 1.01 -0.06353941 0.600003 0.5977899 0.276197 0 -0.3392121 0.7309876 0.5968375 0 0 0.5974914 0 0.5501385 -0.09082132 -0.1169909 -0.1169909 0.597834 -0.1348847 0.9789928 0 0.7325169 0 0 -0.1233061 0 0.5937136 0 0 0 -0.0822724 0.08615224 0 0 0 -0.06999612 0.08615224 0 -0.08409058 0.3273838 -0.1084861 0 0.1370146 -0.2008966 0 0 -0.09824143 -0.1974273 0 -0.2007815 0 -0.08115887 0 0.2892608 0 -0.1858698 -0.2008966 0 0 0 0.09341372 0 0 0.3283961 -0.2012601 0.1269549 0 0 0 -0.2554085 0 -0.03062148 0 0.1273531 0 0 -0.2008966 0 0 0 -0.2008966 0 -0.06300853 0 0 0 -0.1993195 -0.1991051 0 -0.03262014 -0.03706774 0 -0.09858637 0 0 0 0 0.3195655 0.4859792 0 0 0 0 0 -0.03262014 -0.1996014 0.2924634 0 0 -0.1410889 0 -0.06508745 0 -0.0656828 0 0 0.2734396 0 -0.2757128 0.07011586 0.08594664 -0.1996014 0 0 -0.1992043 0 -0.2726608 -0.199369 -0.09629266 0 0 0 0 -0.2488053 -0.03262014 0 -0.198646 0 0.07934762 -0.2536814 0 0 0.1768522 0 0.08594664 0 0 0 -0.1982329 -0.09587593 -0.03262014 0 0 0 -0.18758 0 0 -0.1401422 0 -0.09587593 0.08594664
-0.03489558 -0.02320136 -0.03489558 0 -0.06353941 1.01 -0.03401795 -0.03429509 -0.009551098 0 -0.08658625 -0.05068685 -0.03498147 0 0 -0.03489558 0 -0.03659581 -0.03867015 0.5611595 0.5611595 -0.03365763 -0.04854006 -0.06398866 0 -0.05102538 0 0 0.5424019 0 -0.03426066 0 0 0 -0.02254457 0.03214038 0 0 0 -0.0238736 0.03214038 0 -0.02250506 0.1965612 -0.114212 0 -0.06947891 -0.06854827 0 0 -0.09849528 -0.06883338 0 -0.0685159 0 -0.01392779 0 -0.01739136 0 -0.06997358 -0.06854827 0 0 0 0.03476116 0 0 0.1971864 -0.06874246 -0.06843903 0 0 0 -0.1515781 0 -0.04104646 0 -0.06850372 0 0 -0.06854827 0 0 0 -0.06854827 0 0.9264166 0 0 0 -0.0682048 -0.06887192 0 -0.04103928 -0.0401569 0 -0.0996456 0 0 0 0 0.1987526 -0.03048094 0 0 0 0 0 -0.04103928 -0.0847888 0.3490172 0 0 -0.05148237 0 -0.02162392 0 -0.02222124 0 0 -0.008921667 0 -0.1752416 0.03328238 0.03223711 -0.0847888 0 0 -0.06817241 0 -0.175543 -0.06821469 -0.1002598 0 0 0 0 -0.1519509 -0.04103928 0 -0.08452431 0 0.0313868 -0.1683278 0 0 -0.01065109 0 0.03223711 0 0 0 -0.06790333 -0.09984194 -0.04103928 0 0 0 -0.08561564 0 0 -0.05036174 0 -0.09984194 0.03223711
0.9954383 -0.04079148 0.9954383 0 0.600003 -0.03401795 1.01 0.9975564 -0.03630022 0 -0.1979984 -0.1002127 0.9947335 0 0 0.9954383 0 0.9334742 -0.07269608 -0.06830675 -0.06830675 0.9964921 -0.08357859 0.5894458 0 -0.0937947 0 0 -0.07427913 0 0.9852056 0 0 0 -0.04736104 0.01763619 0 0 0 -0.03739301 0.01763619 0 -0.04667206 0.3926052 -0.2471034 0 -0.0502467 -0.1403794 0 0 -0.2190015 -0.1347614 0 -0.1403111 0 -0.03881977 0 0.4789041 0 -0.1204409 -0.1403794 0 0 0 0.02150114 0 0 0.3922187 -0.1407895 -0.05501972 0 0 0 -0.3232509 0 -0.0811207 0 -0.05468144 0 0 -0.1403794 0 0 0 -0.1403794 0 -0.03624022 0 0 0 -0.1396511 -0.1391424 0 -0.08109894 -0.08361122 0 -0.2163867 0 0 0 0 0.3890321 0.06139377 0 0 0 0 0 -0.08109894 -0.1719891 0.5936755 0 0 -0.1102306 0 -0.04598193 0 -0.04607504 0 0 -0.03518637 0 -0.3698106 0.012648 0.01787862 -0.1719891 0 0 -0.1395827 0 -0.3709269 -0.1396735 -0.216523 0 0 0 0 -0.3221494 -0.08109894 0 -0.17143 0 0.01103057 -0.356708 0 0 0.2885536 0 0.01787862 0 0 0 -0.139013 -0.2172721 -0.08109894 0 0 0 -0.1734269 0 0 -0.1109763 0 -0.2172721 0.01787862
0.9930117 -0.04108662 0.9930117 0 0.5977899 -0.03429509 0.9975564 1.01 -0.03655572 0 -0.197731 -0.1008919 0.9923077 0 0 0.9930117 0 0.931114 -0.07311183 -0.06878466 -0.06878466 0.9940616 -0.08340553 0.5872624 0 -0.09449155 0 0 -0.07476472 0 0.9828116 0 0 0 -0.04641974 0.01821951 0 0 0 -0.03451584 0.01821951 0 -0.04699854 0.3914744 -0.2480507 0 -0.05090033 -0.1374729 0 0 -0.2197371 -0.1318791 0 -0.1374043 0 -0.0391384 0 0.4774076 0 -0.1176093 -0.1374729 0 0 0 0.02210192 0 0 0.3910872 -0.1378847 -0.05565235 0 0 0 -0.3216967 0 -0.08159273 0 -0.05531548 0 0 -0.1374729 0 0 0 -0.1374729 0 -0.03653362 0 0 0 -0.1367394 -0.1362432 0 -0.08157128 -0.08409307 0 -0.2171389 0 0 0 0 0.3879196 0.06060938 0 0 0 0 0 -0.08157128 -0.1695949 0.5928766 0 0 -0.1067463 0 -0.04630311 0 -0.04639996 0 0 -0.03544181 0 -0.3684482 0.01326128 0.01846203 -0.1695949 0 0 -0.1366707 0 -0.369569 -0.136763 -0.2172807 0 0 0 0 -0.3205958 -0.08157128 0 -0.1690337 0 0.01169667 -0.3552927 0 0 0.2876371 0 0.01846203 0 0 0 -0.1360975 -0.2180312 -0.08157128 0 0 0 -0.1710577 0 0 -0.107492 0 -0.2180312 0.01846203
-0.03580164 -0.007564359 -0.03580164 0 0.276197 -0.009551098 -0.03630022 -0.03655572 1.01 0 -0.08729666 0.3669853 -0.03588243 0 0 -0.03580164 0 -0.03689026 -0.02782577 -0.03546222 -0.03546222 -0.0359736 -0.04415973 0.2705486 0 0.3658655 0 0 -0.03512339 0 -0.03521297 0 0 0 -0.02513143 0.02985559 0 0 0 -0.02207708 0.02985559 0 -0.02211163 0.1754243 -0.1056864 0 0.2575522 -0.0555951 0 0 -0.09171877 -0.05589189 0 -0.05556379 0 -0.02611551 0 -0.0237673 0 -0.05303023 -0.0555951 0 0 0 0.03227112 0 0 0.1752492 -0.05578292 0.258457 0 0 0 -0.1346884 0 -0.03534847 0 0.2583673 0 0 -0.0555951 0 0 0 -0.0555951 0 -0.0133162 0 0 0 -0.0552558 -0.05491243 0 -0.03533685 -0.03595074 0 -0.09282198 0 0 0 0 0.1758874 0.5260111 0 0 0 0 0 -0.03533685 -0.069839 -0.05486386 0 0 -0.04199481 0 -0.01641715 0 -0.01702038 0 0 0.9894005 0 -0.1551487 0.03084342 0.0299486 -0.069839 0 0 -0.05522447 0 -0.1561646 -0.05526891 -0.09420841 0 0 0 0 -0.1350196 -0.03533685 0 -0.06958326 0 0.03625796 -0.1521391 0 0 -0.01369383 0 0.0299486 0 0 0 -0.05496061 -0.09375116 -0.03533685 0 0 0 -0.06879977 0 0 -0.04083551 0 -0.09375116 0.0299486
0 0 0 0 0 0 0 0 0 1.01 0 0 0 0 0 0 0 0 0 0 0 0 0 0 0 0 0 0 0 0 0 0 0 0 0 0 0 0 0 0 0 0 0 0 0 0 0 0 0 0 0 0 0 0 0 0 0 0 0 0 0 0 0 0 0 0 0 0 0 0 0 0 0 0 0 0 0 0 0 0 0 0 0 0 0 0 0 0 0 0 0 0 0 0 0 0 0 0 0 0 0 0 0 0 0 0 0 0 0 0 0 0 0 0 0 0 0 0 0 0 0 0 0 0 0 0 0 0 0 0 0 0 0 0 0 0 0 0 0 0 0 0 0 0 0 0 0 0 0 0 0 0 0 0 0 0 0 0 0 0 0 0 0 0 0
-0.1970083 0.2283584 -0.1970083 0 -0.3392121 -0.08658625 -0.1979984 -0.197731 -0.08729666 0 1.01 -0.2525957 -0.1962265 0 0 -0.1970083 0 -0.2108975 -0.140986 -0.1625552 -0.1625552 -0.1975172 -0.1968924 -0.3293251 0 -0.2526034 0 0 -0.1308325 0 -0.1959939 0 0 0 0.2361647 0.1199313 0 0 0 0.170773 0.1199313 0 -0.09524418 -0.3556755 0.6163964 0 -0.3206754 -0.2882524 0 0 0.7104817 -0.2895502 0 -0.2880876 0 0.2058899 0 -0.09846251 0 -0.2918305 -0.2882524 0 0 0 0.1324626 0 0 -0.3556329 -0.2865055 -0.3183973 0 0 0 0.4651721 0 -0.1608646 0 -0.3184495 0 0 -0.2882524 0 0 0 -0.2882524 0 -0.09059053 0 0 0 -0.2872854 -0.2866179 0 -0.1612251 -0.1690331 0 0.7048375 0 0 0 0 -0.3525289 -0.1576669 0 0 0 0 0 -0.1612251 -0.3509436 -0.1190229 0 0 -0.2210977 0 0.2268355 0 0.2245384 0 0 -0.0863309 0 0.3983326 0.1160248 0.120449 -0.3509436 0 0 -0.2873945 0 0.3969916 -0.2876293 0.7034282 0 0 0 0 0.4617787 -0.1612251 0 -0.3505935 0 0.1444039 0.3887975 0 0 -0.05617365 0 0.120449 0 0 0 -0.2871014 0.7019387 -0.1612251 0 0 0 -0.3541107 0 0 -0.2164021 0 0.7019387 0.120449
-0.09948409 -0.05664607 -0.09948409 0 0.7309876 -0.05068685 -0.1002127 -0.1008919 0.3669853 0 -0.2525957 1.01 -0.09969927 0 0 -0.09948409 0 -0.10575 -0.0508033 -0.08772811 -0.08772811 -0.09994794 -0.09666404 0.723456 0 0.9964593 0 0 -0.09044268 0 -0.09551599 0 0 0 -0.06141741 0.09166706 0 0 0 -0.05479336 0.09166706 0 -0.06616588 0.07713257 0.07855704 0 0.2148362 -0.1396409 0 0 0.06702626 -0.1400538 0 -0.1395565 0 -0.0672746 0 -0.04623356 0 -0.1377498 -0.1396409 0 0 0 0.09735013 0 0 0.07873049 -0.1397388 0.2062988 0 0 0 -0.04704685 0 0.03185896 0 0.2065104 0 0 -0.1396409 0 0 0 -0.1396409 0 -0.04800207 0 0 0 -0.1383101 -0.1384427 0 0.02934318 0.02597961 0 0.06439832 0 0 0 0 0.07038016 0.5545712 0 0 0 0 0 0.02934318 -0.1098285 -0.1378126 0 0 -0.08053435 0 -0.04104934 0 -0.04170337 0 0 0.3712275 0 -0.03234621 0.07580755 0.0912016 -0.1098285 0 0 -0.1382256 0 -0.02756591 -0.138349 0.06739575 0 0 0 0 -0.03974109 0.02934318 0 -0.1091197 0 0.09886999 -0.01618173 0 0 -0.02575945 0 0.0912016 0 0 0 -0.1375103 0.06856217 0.02934318 0 0 0 -0.0935029 0 0 -0.07871538 0 0.06856217 0.0912016
0.999294 -0.04030932 0.999294 0 0.5968375 -0.03498147 0.9947335 0.9923077 -0.03588243 0 -0.1962265 -0.09969927 1.01 0 0 0.999294 0 0.9365577 -0.07289771 -0.06834166 -0.06834166 0.9911665 -0.08341219 0.5924642 0 -0.09325455 0 0 -0.0726879 0 0.9890168 0 0 0 -0.04688179 0.01670745 0 0 0 -0.03701817 0.01670745 0 -0.04613809 0.3963752 -0.2511224 0 -0.04891851 -0.1403061 0 0 -0.218087 -0.1346636 0 -0.1402381 0 -0.03951483 0 0.4796883 0 -0.1202765 -0.1403061 0 0 0 0.02054332 0 0 0.39599 -0.1407146 -0.05372213 0 0 0 -0.3272102 0 -0.08113992 0 -0.05338176 0 0 -0.1403061 0 0 0 -0.1403061 0 -0.03709082 0 0 0 -0.1395811 -0.1390598 0 -0.08111864 -0.08359774 0 -0.2204777 0 0 0 0 0.3927779 0.06260991 0 0 0 0 0 -0.08111864 -0.1719364 0.5973107 0 0 -0.1109307 0 -0.04545659 0 -0.04554378 0 0 -0.03476909 0 -0.3738793 0.01167381 0.01694963 -0.1719364 0 0 -0.139513 0 -0.3749911 -0.1396032 -0.220605 0 0 0 0 -0.3261119 -0.08111864 0 -0.1713795 0 0.009973523 -0.3608476 0 0 0.2898911 0 0.01694963 0 0 0 -0.1389457 -0.221348 -0.08111864 0 0 0 -0.1733505 0 0 -0.1116775 0 -0.221348 0.01694963
0 0 0 0 0 0 0 0 0 0 0 0 0 1.01 0 0 0 0 0 0 0 0 0 0 0 0 0 0 0 0 0 0 0 0 0 0 0 0 0 0 0 0 0 0 0 0 0 0 0 0 0 0 0 0 0 0 0 0 0 0 0 0 0 0 0 0 0 0 0 0 0 0 0 0 0 0 0 0 0 0 0 0 0 0 0 0 0 0 0 0 0 0 0 0 0 0 0 0 0 0 0 0 0 0 0 0 0 0 0 0 0 0 0 0 0 0 0 0 0 0 0 0 0 0 0 0 0 0 0 0 0 0 0 0 0 0 0 0 0 0 0 0 0 0 0 0 0 0 0 0 0 0 0 0 0 0 0 0 0 0 0 0 0 0 0
0 0 0 0 0 0 0 0 0 0 0 0 0 0 1.01 0 0 0 0 0 0 0 0 0 0 0 0 0 0 0 0 0 0 0 0 0 0 0 0 0 0 0 0 0 0 0 0 0 0 0 0 0 0 0 0 0 0 0 0 0 0 0 0 0 0 0 0 0 0 0 0 0 0 0 0 0 0 0 0 0 0 0 0 0 0 0 0 0 0 0 0 0 0 0 0 0 0 0 0 0 0 0 0 0 0 0 0 0 0 0 0 0 0 0 0 0 0 0 0 0 0 0 0 0 0 0 0 0 0 0 0 0 0 0 0 0 0 0 0 0 0 0 0 0 0 0 0 0 0 0 0 0 0 0 0 0 0 0 0 0 0 0 0 0 0
1 -0.04021623 1 0 0.5974914 -0.03489558 0.9954383 0.9930117 -0.03580164 0 -0.1970083 -0.09948409 0.999294 0 0 1.01 0 0.9372464 -0.072764 -0.06819087 -0.06819087 0.9918691 -0.08324148 0.5931149 0 -0.09303551 0 0 -0.07412401 0 0.9897168 0 0 0 -0.04678839 0.01653582 0 0 0 -0.03694507 0.01653582 0 -0.04603479 0.3962789 -0.2509654 0 -0.04858212 -0.1404942 0 0 -0.2179983 -0.1348473 0 -0.1404262 0 -0.03941594 0 0.480025 0 -0.1204496 -0.1404942 0 0 0 0.0203659 0 0 0.395894 -0.1409023 -0.05339047 0 0 0 -0.3272699 0 -0.08098829 0 -0.05304977 0 0 -0.1404942 0 0 0 -0.1404942 0 -0.03699976 0 0 0 -0.1397702 -0.1392463 0 -0.08096692 -0.08344278 0 -0.2203869 0 0 0 0 0.3926764 0.06282397 0 0 0 0 0 -0.08096692 -0.1720251 0.5967947 0 0 -0.1113153 0 -0.04535496 0 -0.04544105 0 0 -0.03468853 0 -0.3738666 0.01149453 0.01677792 -0.1720251 0 0 -0.1397021 0 -0.3749764 -0.1397921 -0.2205125 0 0 0 0 -0.3261709 -0.08096692 0 -0.1714688 0 0.009779327 -0.3608556 0 0 0.2900986 0 0.01677792 0 0 0 -0.1391355 -0.2212549 -0.08096692 0 0 0 -0.1734342 0 0 -0.1120622 0 -0.2212549 0.01677792
0 0 0 0 0 0 0 0 0 0 0 0 0 0 0 0 1.01 0 0 0 0 0 0 0 0 0 0 0 0 0 0 0 0 0 0 0 0 0 0 0 0 0 0 0 0 0 0 0 0 0 0 0 0 0 0 0 0 0 0 0 0 0 0 0 0 0 0 0 0 0 0 0 0 0 0 0 0 0 0 0 0 0 0 0 0 0 0 0 0 0 0 0 0 0 0 0 0 0 0 0 0 0 0 0 0 0 0 0 0 0 0 0 0 0 0 0 0 0 0 0 0 0 0 0 0 0 0 0 0 0 0 0 0 0 0 0 0 0 0 0 0 0 0 0 0 0 0 0 0 0 0 0 0 0 0 0 0 0 0 0 0 0 0 0 0
0.9372464 -0.03814433 0.9372464 0 0.5501385 -0.03659581 0.9334742 0.931114 -0.03689026 0 -0.2108975 -0.10575 0.9365577 0 0 0.9372464 0 1.01 -0.07774302 -0.06892353 -0.06892353 0.9301459 -0.09245877 0.546093 0 -0.09970228 0 0 -0.0754069 0 0.9275878 0 0 0 -0.04970339 0.02633938 0 0 0 -0.03549108 0.02633938 0 -0.0456387 0.3531007 -0.2617442 0 -0.06322835 -0.06969965 0 0 -0.2264846 -0.06459906 0 -0.06962417 0 -0.04180487 0 0.4528292 0 -0.05086632 -0.06969965 0 0 0 0.02856154 0 0 0.3526943 -0.07015246 -0.06755613 0 0 0 -0.279563 0 -0.08652345 0 -0.06724746 0 0 -0.06969965 0 0 0 -0.06969965 0 -0.03945445 0 0 0 -0.06883899 -0.06862196 0 -0.08650137 -0.08938264 0 -0.2286644 0 0 0 0 0.3495036 0.05186398 0 0 0 0 0 -0.08650137 -0.1104059 0.5539832 0 0 -0.01978362 0 -0.04476366 0 -0.04501216 0 0 -0.03569293 0 -0.3276569 0.02134524 0.02658978 -0.1104059 0 0 -0.06876342 0 -0.3288644 -0.06889184 -0.2289282 0 0 0 0 -0.2784411 -0.08650137 0 -0.1097941 0 0.0212554 -0.3148262 0 0 0.2742748 0 0.02658978 0 0 0 -0.06810557 -0.2297203 -0.08650137 0 0 0 -0.1124652 0 0 -0.02053774 0 -0.2297203 0.02658978
-0.072764 -0.02749691 -0.072764 0 -0.09082132 -0.03867015 -0.07269608 -0.07311183 -0.02782577 0 -0.140986 -0.0508033 -0.07289771 0 0 -0.072764 0 -0.07774302 1.01 -0.06330905 -0.06330905 -0.07306771 -0.07039029 -0.09235747 0 -0.05067212 0 0 -0.06433273 0 -0.07272216 0 0 0 -0.03705851 0.0512569 0 0 0 -0.01743061 0.0512569 0 -0.03882358 -0.1513144 0.2616843 0 -0.09844742 -0.1219085 0 0 -0.156462 -0.1211467 0 -0.1218556 0 -0.04041103 0 -0.03275107 0 -0.1224051 -0.1219085 0 0 0 0.05726279 0 0 -0.1515995 -0.1222256 -0.0991243 0 0 0 -0.2511052 0 0.8847323 0 -0.09923184 0 0 -0.1219085 0 0 0 -0.1219085 0 -0.04046159 0 0 0 -0.1219603 -0.1139648 0 0.8859272 0.8646037 0 -0.1632269 0 0 0 0 -0.1518457 -0.03118719 0 0 0 0 0 0.8859272 0.3775668 -0.09450881 0 0 -0.09266839 0 -0.0255779 0 -0.02663784 0 0 -0.02694962 0 0.1699999 0.04973414 0.05141722 0.3775668 0 0 -0.1219074 0 0.1698733 -0.1219729 -0.1632647 0 0 0 0 -0.2560254 0.8859272 0 0.3781505 0 0.05624318 0.1629124 0 0 -0.02817941 0 0.05141722 0 0 0 -0.1214718 -0.1638532 0.8859272 0 0 0 0.3741453 0 0 -0.09353336 0 -0.1638532 0.05141722
-0.06819087 -0.04400433 -0.06819087 0 -0.1169909 0.5611595 -0.06830675 -0.06878466 -0.03546222 0 -0.1625552 -0.08772811 -0.06834166 0 0 -0.06819087 0 -0.06892353 -0.06330905 1.01 1 -0.06769628 -0.08433025 -0.1049731 0 -0.08833928 0 0 0.9591883 0 -0.06791877 0 0 0 -0.04146089 0.04975478 0 0 0 -0.02517587 0.04975478 0 -0.03618926 0.1316163 -0.0336558 0 -0.1244624 -0.1117579 0 0 0.01693267 -0.1111828 0 -0.1116996 0 -0.02657896 0 -0.03707382 0 -0.1132431 -0.1117579 0 0 0 0.04932416 0 0 0.1317624 -0.1121079 -0.1226028 0 0 0 -0.07266236 0 -0.06124126 0 -0.1227185 0 0 -0.1117579 0 0 0 -0.1117579 0 0.5187585 0 0 0 -0.1116892 -0.1128985 0 -0.0612133 -0.06188169 0 0.01581657 0 0 0 0 0.1337294 -0.06900108 0 0 0 0 0 -0.0612133 -0.1355368 0.321888 0 0 -0.08365418 0 -0.0468196 0 -0.04782474 0 0 -0.03457743 0 -0.1039879 0.05209332 0.04993379 -0.1355368 0 0 -0.1116308 0 -0.1011064 -0.1105949 0.01873347 0 0 0 0 -0.06931919 -0.0612133 0 -0.1360771 0 0.05321031 -0.106162 0 0 -0.02995122 0 0.04993379 0 0 0 -0.1122594 0.01930629 -0.0612133 0 0 0 -0.1381499 0 0 -0.08309757 0 0.01930629 0.04993379
-0.06819087 -0.04400433 -0.06819087 0 -0.1169909 0.5611595 -0.06830675 -0.06878466 -0.03546222 0 -0.1625552 -0.08772811 -0.06834166 0 0 -0.06819087 0 -0.06892353 -0.06330905 1 1.01 -0.06769628 -0.08433025 -0.1049731 0 -0.08833928 0 0 0.9591883 0 -0.06791877 0 0 0 -0.04146089 0.04975478 0 0 0 -0.02517587 0.04975478 0 -0.03618926 0.1316163 -0.0336558 0 -0.1244624 -0.1117579 0 0 0.01693267 -0.1111828 0 -0.1116996 0 -0.02657896 0 -0.03707382 0 -0.1132431 -0.1117579 0 0 0 0.04932416 0 0 0.1317624 -0.1121079 -0.1226028 0 0 0 -0.07266236 0 -0.06124126 0 -0.1227185 0 0 -0.1117579 0 0 0 -0.1117579 0 0.5187585 0 0 0 -0.1116892 -0.1128985 0 -0.0612133 -0.06188169 0 0.01581657 0 0 0 0 0.1337294 -0.06900108 0 0 0 0 0 -0.0612133 -0.1355368 0.321888 0 0 -0.08365418 0 -0.0468196 0 -0.04782474 0 0 -0.03457743 0 -0.1039879 0.05209332 0.04993379 -0.1355368 0 0 -0.1116308 0 -0.1011064 -0.1105949 0.01873347 0 0 0 0 -0.06931919 -0.0612133 0 -0.1360771 0 0.05321031 -0.106162 0 0 -0.02995122 0 0.04993379 0 0 0 -0.1122594 0.01930629 -0.0612133 0 0 0 -0.1381499 0 0 -0.08309757 0 0.01930629 0.04993379
0.9918691 -0.04041292 0.9918691 0 0.597834 -0.03365763 0.9964921 0.9940616 -0.0359736 0 -0.1975172 -0.09994794 0.9911665 0 0 0.9918691 0 0.9301459 -0.07306771 -0.06769628 -0.06769628 1.01 -0.08290118 0.592015 0 -0.09947641 0 0 -0.07366433 0 0.9886411 0 0 0 -0.04699483 0.01765156 0 0 0 -0.03867053 0.01765156 0 -0.04625502 0.3905172 -0.2460732 0 -0.05398743 -0.1392042 0 0 -0.2178573 -0.1335588 0 -0.1391359 0 -0.03840517 0 0.4815968 0 -0.1191589 -0.1392042 0 0 0 0.0214602 0 0 0.3901316 -0.1396137 -0.05396405 0 0 0 -0.3211813 0 -0.08133054 0 -0.05362337 0 0 -0.1392042 0 0 0 -0.1392042 0 -0.03585901 0 0 0 -0.1384763 -0.1379574 0 -0.08130928 -0.08379351 0 -0.2152164 0 0 0 0 0.3909552 0.06176555 0 0 0 0 0 -0.08130928 -0.1710341 0.5950993 0 0 -0.1094045 0 -0.04557173 0 -0.04565959 0 0 -0.03485857 0 -0.3677884 0.02071981 0.01789347 -0.1710341 0 0 -0.138408 0 -0.3688931 -0.1384989 -0.215345 0 0 0 0 -0.320066 -0.08130928 0 -0.1704759 0 0.01084692 -0.3547854 0 0 0.2901973 0 0.01789347 0 0 0 -0.1378387 -0.2160932 -0.08130928 0 0 0 -0.1724576 0 0 -0.1101528 0 -0.2160932 0.01789347
-0.08324148 -0.04958837 -0.08324148 0 -0.1348847 -0.04854006 -0.08357859 -0.08340553 -0.04415973 0 -0.1968924 -0.09666404 -0.08341219 0 0 -0.08324148 0 -0.09245877 -0.07039029 -0.08433025 -0.08433025 -0.08290118 1.01 -0.132871 0 -0.09737354 0 0 -0.08483348 0 -0.0820195 0 0 0 -0.045763 0.05204308 0 0 0 -0.03989672 0.05204308 0 -0.04470184 0.3416537 -0.1974716 0 0.5175281 -0.1226138 0 0 -0.2048301 -0.1227587 0 -0.1230338 0 -0.04560338 0 -0.03642295 0 -0.1241625 -0.1226138 0 0 0 0.05404386 0 0 0.3412785 -0.1230171 0.5215227 0 0 0 -0.2833658 0 -0.0297799 0 0.5213327 0 0 -0.1226138 0 0 0 -0.1226138 0 -0.0468732 0 0 0 -0.1223753 -0.1218249 0 -0.02969743 -0.03311937 0 -0.1907555 0 0 0 0 0.3443893 -0.06557712 0 0 0 0 0 -0.02969743 -0.1278857 -0.1250883 0 0 -0.07605899 0 -0.0476336 0 -0.04883525 0 0 -0.04318904 0 -0.3049989 0.05645455 0.05225252 -0.1278857 0 0 -0.1223081 0 -0.3063535 -0.1224022 -0.1912354 0 0 0 0 -0.2844474 -0.02969743 0 -0.127774 0 0.06055728 -0.2884054 0 0 -0.01791578 0 0.05225252 0 0 0 -0.1222311 -0.1915877 -0.02969743 0 0 0 -0.117422 0 0 -0.08343855 0 -0.1915877 0.05225252
0.5931149 -0.07427272 0.5931149 0 0.9789928 -0.06398866 0.5894458 0.5872624 0.2705486 0 -0.3293251 0.723456 0.5924642 0 0 0.5931149 0 0.546093 -0.09235747 -0.1049731 -0.1049731 0.592015 -0.132871 1.01 0 0.7225766 0 0 -0.1110128 0 0.5945931 0 0 0 -0.0842488 0.08406351 0 0 0 -0.0695748 0.08406351 0 -0.08347917 0.3197019 -0.09550516 0 0.1271974 -0.2091976 0 0 -0.08178119 -0.2056924 0 -0.2090832 0 -0.08058981 0 0.28776 0 -0.1937448 -0.2091976 0 0 0 0.09134116 0 0 0.32072 -0.2095564 0.1289134 0 0 0 -0.2489152 0 -0.03108401 0 0.1293137 0 0 -0.2091976 0 0 0 -0.2091976 0 -0.0642612 0 0 0 -0.2079615 -0.2077201 0 -0.03308899 -0.03748338 0 -0.08503354 0 0 0 0 0.3217339 0.4877688 0 0 0 0 0 -0.03308899 -0.2077392 0.2931956 0 0 -0.1433578 0 -0.03966512 0 -0.04044721 0 0 0.2747262 0 -0.2692822 0.08786269 0.08385704 -0.2077392 0 0 -0.2078469 0 -0.2661978 -0.2080074 -0.08272427 0 0 0 0 -0.2422787 -0.03308899 0 -0.2067888 0 0.08550138 -0.2468985 0 0 0.1762072 0 0.08385704 0 0 0 -0.2068845 -0.08230813 -0.03308899 0 0 0 -0.1959164 0 0 -0.1424067 0 -0.08230813 0.08385704
0 0 0 0 0 0 0 0 0 0 0 0 0 0 0 0 0 0 0 0 0 0 0 0 1.01 0 0 0 0 0 0 0 0 0 0 0 0 0 0 0 0 0 0 0 0 0 0 0 0 0 0 0 0 0 0 0 0 0 0 0 0 0 0 0 0 0 0 0 0 0 0 0 0 0 0 0 0 0 0 0 0 0 0 0 0 0 0 0 0 0 0 0 0 0 0 0 0 0 0 0 0 0 0 0 0 0 0 0 0 0 0 0 0 0 0 0 0 0 0 0 0 0 0 0 0 0 0 0 0 0 0 0 0 0 0 0 0 0 0 0 0 0 0 0 0 0 0 0 0 0 0 0 0 0 0 0 0 0 0 0 0 0 0 0 0
-0.09303551 -0.05701472 -0.09303551 0 0.7325169 -0.05102538 -0.0937947 -0.09449155 0.3658655 0 -0.2526034 0.9964593 -0.09325455 0 0 -0.09303551 0 -0.09970228 -0.05067212 -0.08833928 -0.08833928 -0.09947641 -0.09737354 0.7225766 0 1.01 0 0 -0.09107533 0 -0.09503913 0 0 0 -0.0617918 0.0908409 0 0 0 -0.05375273 0.0908409 0 -0.06657147 0.07992181 0.07722196 0 0.2173922 -0.1417234 0 0 0.06574251 -0.142135 0 -0.1416389 0 -0.06764572 0 -0.04657395 0 -0.1398459 -0.1417234 0 0 0 0.0966056 0 0 0.08151451 -0.1418231 0.2047988 0 0 0 -0.04995241 0 0.0316624 0 0.2050092 0 0 -0.1417234 0 0 0 -0.1417234 0 -0.04837197 0 0 0 -0.140393 -0.1405307 0 0.02915195 0.02576143 0 0.06310629 0 0 0 0 0.0697778 0.5534303 0 0 0 0 0 0.02915195 -0.1118327 -0.1369293 0 0 -0.0825112 0 -0.04149465 0 -0.04215223 0 0 0.3701029 0 -0.03541942 0.06820172 0.09037824 -0.1118327 0 0 -0.1403083 0 -0.03066247 -0.1404313 0.06609086 0 0 0 0 -0.04266803 0.02915195 0 -0.1111226 0 0.098234 -0.01915132 0 0 -0.02598656 0 0.09037824 0 0 0 -0.1395924 0.0672509 0.02915195 0 0 0 -0.09555285 0 0 -0.08069613 0 0.0672509 0.09037824
0 0 0 0 0 0 0 0 0 0 0 0 0 0 0 0 0 0 0 0 0 0 0 0 0 0 1.01 0 0 0 0 0 0 0 0 0 0 0 0 0 0 0 0 0 0 0 0 0 0 0 0 0 0 0 0 0 0 0 0 0 0 0 0 0 0 0 0 0 0 0 0 0 0 0 0 0 0 0 0 0 0 0 0 0 0 0 0 0 0 0 0 0 0 0 0 0 0 0 0 0 0 0 0 0 0 0 0 0 0 0 0 0 0 0 0 0 0 0 0 0 0 0 0 0 0 0 0 0 0 0 0 0 0 0 0 0 0 0 0 0 0 0 0 0 0 0 0 0 0 0 0 0 0 0 0 0 0 0 0 0 0 0 0 0 0
0 0 0 0 0 0 0 0 0 0 0 0 0 0 0 0 0 0 0 0 0 0 0 0 0 0 0 1.01 0 0 0 0 0 0 0 0 0 0 0 0 0 0 0 0 0 0 0 0 0 0 0 0 0 0 0 0 0 0 0 0 0 0 0 0 0 0 0 0 0 0 0 0 0 0 0 0 0 0 0 0 0 0 0 0 0 0 0 0 0 0 0 0 0 0 0 0 0 0 0 0 0 0 0 0 0 0 0 0 0 0 0 0 0 0 0 0 0 0 0 0 0 0 0 0 0 0 0 0 0 0 0 0 0 0 0 0 0 0 0 0 0 0 0 0 0 0 0 0 0 0 0 0 0 0 0 0 0 0 0 0 0 0 0 0 0
-0.07412401 -0.04009585 -0.07412401 0 -0.1233061 0.5424019 -0.07427913 -0.07476472 -0.03512339 0 -0.1308325 -0.09044268 -0.0726879 0 0 -0.07412401 0 -0.0754069 -0.06433273 0.9591883 0.9591883 -0.07366433 -0.08483348 -0.1110128 0 -0.09107533 0 0 1.01 0 -0.07381836 0 0 0 -0.04216721 0.05084238 0 0 0 -0.02811191 0.05084238 0 -0.03231288 0.148262 -0.04296013 0 -0.1321416 -0.1182451 0 0 0.005724731 -0.1177108 0 -0.1181849 0 -0.02644194 0 -0.0401007 0 -0.1198369 -0.1182451 0 0 0 0.05092535 0 0 0.1483845 -0.1186064 -0.130228 0 0 0 -0.08841056 0 -0.06000243 0 -0.1303474 0 0 -0.1182451 0 0 0 -0.1182451 0 0.5023632 0 0 0 -0.1181433 -0.11939 0 -0.05996936 -0.06095087 0 0.004949722 0 0 0 0 0.1504672 -0.0707031 0 0 0 0 0 -0.05996936 -0.1407329 0.3534073 0 0 -0.08991801 0 -0.04253443 0 -0.04361976 0 0 -0.03418794 0 -0.1195155 0.05344738 0.05102799 -0.1407329 0 0 -0.1180831 0 -0.1163863 -0.117078 0.008159745 0 0 0 0 -0.08476966 -0.05996936 0 -0.1412303 0 0.05537432 -0.1200385 0 0 -0.03174324 0 0.05102799 0 0 0 -0.1186675 0.008678456 -0.05996936 0 0 0 -0.1429703 0 0 -0.08938301 0 0.008678456 0.05102799
0 0 0 0 0 0 0 0 0 0 0 0 0 0 0 0 0 0 0 0 0 0 0 0 0 0 0 0 0 1.01 0 0 0 0 0 0 0 0 0 0 0 0 0 0 0 0 0 0 0 0 0 0 0 0 0 0 0 0 0 0 0 0 0 0 0 0 0 0 0 0 0 0 0 0 0 0 0 0 0 0 0 0 0 0 0 0 0 0 0 0 0 0 0 0 0 0 0 0 0 0 0 0 0 0 0 0 0 0 0 0 0 0 0 0 0 0 0 0 0 0 0 0 0 0 0 0 0 0 0 0 0 0 0 0 0 0 0 0 0 0 0 0 0 0 0 0 0 0 0 0 0 0 0 0 0 0 0 0 0 0 0 0 0 0 0
0.9897168 -0.03953488 0.9897168 0 0.5937136 -0.03426066 0.9852056 0.9828116 -0.03521297 0 -0.1959939 -0.09551599 0.9890168 0 0 0.9897168 0 0.9275878 -0.07272216 -0.06791877 -0.06791877 0.9886411 -0.0820195 0.5945931 0 -0.09503913 0 0 -0.07381836 0 1.01 0 0 0 -0.04612344 0.01511362 0 0 0 -0.03799905 0.01511362 0 -0.0464592 0.3925292 -0.2490129 0 -0.05848331 -0.1393537 0 0 -0.2161093 -0.1336615 0 -0.139286 0 -0.03990547 0 0.4842923 0 -0.1162346 -0.1393537 0 0 0 0.01890513 0 0 0.392146 -0.1397602 -0.05850561 0 0 0 -0.3245177 0 -0.08072576 0 -0.05816043 0 0 -0.1393537 0 0 0 -0.1393537 0 -0.03632665 0 0 0 -0.138632 -0.1380896 0 -0.08070456 -0.08314248 0 -0.2184901 0 0 0 0 0.3929399 0.0631763 0 0 0 0 0 -0.08070456 -0.170843 0.6029915 0 0 -0.1104296 0 -0.04461537 0 -0.04586712 0 0 -0.03409866 0 -0.3709127 0.01817127 0.01535577 -0.170843 0 0 -0.1385642 0 -0.3723956 -0.1386541 -0.2189922 0 0 0 0 -0.3237819 -0.08070456 0 -0.1702888 0 0.007377358 -0.3580756 0 0 0.2927124 0 0.01535577 0 0 0 -0.1379995 -0.219732 -0.08070456 0 0 0 -0.1722238 0 0 -0.1111802 0 -0.219732 0.01535577
0 0 0 0 0 0 0 0 0 0 0 0 0 0 0 0 0 0 0 0 0 0 0 0 0 0 0 0 0 0 0 1.01 0 0 0 0 0 0 0 0 0 0 0 0 0 0 0 0 0 0 0 0 0 0 0 0 0 0 0 0 0 0 0 0 0 0 0 0 0 0 0 0 0 0 0 0 0 0 0 0 0 0 0 0 0 0 0 0 0 0 0 0 0 0 0 0 0 0 0 0 0 0 0 0 0 0 0 0 0 0 0 0 0 0 0 0 0 0 0 0 0 0 0 0 0 0 0 0 0 0 0 0 0 0 0 0 0 0 0 0 0 0 0 0 0 0 0 0 0 0 0 0 0 0 0 0 0 0 0 0 0 0 0 0 0
0 0 0 0 0 0 0 0 0 0 0 0 0 0 0 0 0 0 0 0 0 0 0 0 0 0 0 0 0 0 0 0 1.01 0 0 0 0 0 0 0 0 0 0 0 0 0 0 0 0 0 0 0 0 0 0 0 0 0 0 0 0 0 0 0 0 0 0 0 0 0 0 0 0 0 0 0 0 0 0 0 0 0 0 0 0 0 0 0 0 0 0 0 0 0 0 0 0 0 0 0 0 0 0 0 0 0 0 0 0 0 0 0 0 0 0 0 0 0 0 0 0 0 0 0 0 0 0 0 0 0 0 0 0 0 0 0 0 0 0 0 0 0 0 0 0 0 0 0 0 0 0 0 0 0 0 0 0 0 0 0 0 0 0 0 0
0 0 0 0 0 0 0 0 0 0 0 0 0 0 0 0 0 0 0 0 0 0 0 0 0 0 0 0 0 0 0 0 0 1.01 0 0 0 0 0 0 0 0 0 0 0 0 0 0 0 0 0 0 0 0 0 0 0 0 0 0 0 0 0 0 0 0 0 0 0 0 0 0 0 0 0 0 0 0 0 0 0 0 0 0 0 0 0 0 0 0 0 0 0 0 0 0 0 0 0 0 0 0 0 0 0 0 0 0 0 0 0 0 0 0 0 0 0 0 0 0 0 0 0 0 0 0 0 0 0 0 0 0 0 0 0 0 0 0 0 0 0 0 0 0 0 0 0 0 0 0 0 0 0 0 0 0 0 0 0 0 0 0 0 0 0
-0.04678839 -0.01950923 -0.04678839 0 -0.0822724 -0.02254457 -0.04736104 -0.04641974 -0.02513143 0 0.2361647 -0.06141741 -0.04688179 0 0 -0.04678839 0 -0.04970339 -0.03705851 -0.04146089 -0.04146089 -0.04699483 -0.045763 -0.0842488 0 -0.0617918 0 0 -0.04216721 0 -0.04612344 0 0 0 1.01 0.0418235 0 0 0 -0.01562305 0.0418235 0 -0.02313253 -0.1136538 0.1789432 0 -0.07886967 -0.0681461 0 0 0.205298 -0.06849127 0 -0.06810916 0 -0.01671585 0 -0.02459886 0 -0.06895219 -0.0681461 0 0 0 0.04495312 0 0 -0.1131401 -0.0683677 -0.0802467 0 0 0 0.1459717 0 -0.04383374 0 -0.0803195 0 0 -0.0681461 0 0 0 -0.0681461 0 -0.02397856 0 0 0 -0.06859513 -0.06936178 0 -0.04382249 -0.04641277 0 0.2040204 0 0 0 0 -0.1140597 -0.04942117 0 0 0 0 0 -0.04382249 -0.08667581 -0.06436969 0 0 -0.04869401 0 -0.03244406 0 -0.03100809 0 0 -0.02460863 0 0.128548 0.04052781 0.04192851 -0.08667581 0 0 -0.0685582 0 0.1278056 -0.06860944 0.2033048 0 0 0 0 0.1463307 -0.04382249 0 -0.08714749 0 0.04854262 0.1324715 0 0 -0.01151208 0 0.04192851 0 0 0 -0.06909663 0.2033725 -0.04382249 0 0 0 -0.08787162 0 0 -0.04877858 0 0.2033725 0.04192851
0.01653582 0.03102254 0.01653582 0 0.08615224 0.03214038 0.01763619 0.01821951 0.02985559 0 0.1199313 0.09166706 0.01670745 0 0 0.01653582 0 0.02633938 0.0512569 0.04975478 0.04975478 0.01765156 0.05204308 0.08406351 0 0.0908409 0 0 0.05084238 0 0.01511362 0 0 0 0.0418235 1.01 0 0 0 0.0377635 1 0 0.04012456 0.1635865 0.2080733 0 0.1181432 0.1142025 0 0 0.1853362 0.107333 0 0.1141458 0 0.04371007 0 0.02825806 0 0.114446 0.1142025 0 0 0 0.9551977 0 0 0.1638889 0.1139737 0.118034 0 0 0 0.272072 0 0.06157788 0 0.1181471 0 0 0.1142025 0 0 0 0.1142025 0 0.03342004 0 0 0 0.1135969 0.1147696 0 0.06061111 0.05831644 0 0.1859446 0 0 0 0 0.1643866 0.06016411 0 0 0 0 0 0.06061111 0.1369453 0.08877882 0 0 0.08881985 0 0.03859234 0 0.03825125 0 0 0.0306756 0 0.308186 0.9712938 0.9990168 0.1369453 0 0 0.1135401 0 0.3096187 0.1136161 0.1870157 0 0 0 0 0.2727411 0.06061111 0 0.1364805 0 0.9026557 0.2793238 0 0 0.0208794 0 0.9990168 0 0 0 0.1130667 0.1871744 0.06061111 0 0 0 0.1384168 0 0 0.0882436 0 0.1871744 0.9990168
0 0 0 0 0 0 0 0 0 0 0 0 0 0 0 0 0 0 0 0 0 0 0 0 0 0 0 0 0 0 0 0 0 0 0 0 1.01 0 0 0 0 0 0 0 0 0 0 0 0 0 0 0 0 0 0 0 0 0 0 0 0 0 0 0 0 0 0 0 0 0 0 0 0 0 0 0 0 0 0 0 0 0 0 0 0 0 0 0 0 0 0 0 0 0 0 0 0 0 0 0 0 0 0 0 0 0 0 0 0 0 0 0 0 0 0 0 0 0 0 0 0 0 0 0 0 0 0 0 0 0 0 0 0 0 0 0 0 0 0 0 0 0 0 0 0 0 0 0 0 0 0 0 0 0 0 0 0 0 0 0 0 0 0 0 0
0 0 0 0 0 0 0 0 0 0 0 0 0 0 0 0 0 0 0 0 0 0 0 0 0 0 0 0 0 0 0 0 0 0 0 0 0 1.01 0 0 0 0 0 0 0 0 0 0 0 0 0 0 0 0 0 0 0 0 0 0 0 0 0 0 0 0 0 0 0 0 0 0 0 0 0 0 0 0 0 0 0 0 0 0 0 0 0 0 0 0 0 0 0 0 0 0 0 0 0 0 0 0 0 0 0 0 0 0 0 0 0 0 0 0 0 0 0 0 0 0 0 0 0 0 0 0 0 0 0 0 0 0 0 0 0 0 0 0 0 0 0 0 0 0 0 0 0 0 0 0 0 0 0 0 0 0 0 0 0 0 0 0 0 0 0
0 0 0 0 0 0 0 0 0 0 0 0 0 0 0 0 0 0 0 0 0 0 0 0 0 0 0 0 0 0 0 0 0 0 0 0 0 0 1.01 0 0 0 0 0 0 0 0 0 0 0 0 0 0 0 0 0 0 0 0 0 0 0 0 0 0 0 0 0 0 0 0 0 0 0 0 0 0 0 0 0 0 0 0 0 0 0 0 0 0 0 0 0 0 0 0 0 0 0 0 0 0 0 0 0 0 0 0 0 0 0 0 0 0 0 0 0 0 0 0 0 0 0 0 0 0 0 0 0 0 0 0 0 0 0 0 0 0 0 0 0 0 0 0 0 0 0 0 0 0 0 0 0 0 0 0 0 0 0 0 0 0 0 0 0 0
-0.03694507 -0.02511626 -0.03694507 0 -0.06999612 -0.0238736 -0.03739301 -0.03451584 -0.02207708 0 0.170773 -0.05479336 -0.03701817 0 0 -0.03694507 0 -0.03549108 -0.01743061 -0.02517587 -0.02517587 -0.03867053 -0.03989672 -0.0695748 0 -0.05375273 0 0 -0.02811191 0 -0.03799905 0 0 0 -0.01562305 0.0377635 0 0 0 1.01 0.0377635 0 0.0006745679 0.1831318 -0.1096328 0 -0.05121492 -0.05744546 0 0 -0.1008835 -0.05770606 0 -0.05741667 0 -0.01938477 0 -0.02657208 0 -0.05872143 -0.05744546 0 0 0 0.04110454 0 0 0.1829687 -0.05761822 -0.05133558 0 0 0 -0.1433571 0 -0.02302734 0 -0.05139366 0 0 -0.05744546 0 0 0 -0.05744546 0 -0.02644888 0 0 0 -0.05713756 -0.05773339 0 -0.02300444 -0.02528015 0 -0.1010176 0 0 0 0 0.183475 -0.02999997 0 0 0 0 0 -0.02300444 -0.06475388 0.308695 0 0 -0.04886201 0 -0.0166066 0 -0.01715532 0 0 -0.02169835 0 -0.1588943 0.03817554 0.037842 -0.06475388 0 0 -0.05710874 0 -0.1589961 -0.05714753 -0.1007045 0 0 0 0 -0.1437096 -0.02300444 0 -0.06451669 0 0.04069272 -0.1510227 0 0 0.003149494 0 0.037842 0 0 0 -0.05686817 -0.101013 -0.02300444 0 0 0 -0.06437089 0 0 -0.0476082 0 -0.101013 0.037842
0.01653582 0.03102254 0.01653582 0 0.08615224 0.03214038 0.01763619 0.01821951 0.02985559 0 0.1199313 0.09166706 0.01670745 0 0 0.01653582 0 0.02633938 0.0512569 0.04975478 0.04975478 0.01765156 0.05204308 0.08406351 0 0.0908409 0 0 0.05084238 0 0.01511362 0 0 0 0.0418235 1 0 0 0 0.0377635 1.01 0 0.04012456 0.1635865 0.2080733 0 0.1181432 0.1142025 0 0 0.1853362 0.107333 0 0.1141458 0 0.04371007 0 0.02825806 0 0.114446 0.1142025 0 0 0 0.9551977 0 0 0.1638889 0.1139737 0.118034 0 0 0 0.272072 0 0.06157788 0 0.1181471 0 0 0.1142025 0 0 0 0.1142025 0 0.03342004 0 0 0 0.1135969 0.1147696 0 0.06061111 0.05831644 0 0.1859446 0 0 0 0 0.1643866 0.06016411 0 0 0 0 0 0.06061111 0.1369453 0.08877882 0 0 0.08881985 0 0.03859234 0 0.03825125 0 0 0.0306756 0 0.308186 0.9712938 0.9990168 0.1369453 0 0 0.1135401 0 0.3096187 0.1136161 0.1870157 0 0 0 0 0.2727411 0.06061111 0 0.1364805 0 0.9026557 0.2793238 0 0 0.0208794 0 0.9990168 0 0 0 0.1130667 0.1871744 0.06061111 0 0 0 0.1384168 0 0 0.0882436 0 0.1871744 0.9990168
0 0 0 0 0 0 0 0 0 0 0 0 0 0 0 0 0 0 0 0 0 0 0 0 0 0 0 0 0 0 0 0 0 0 0 0 0 0 0 0 0 1.01 0 0 0 0 0 0 0 0 0 0 0 0 0 0 0 0 0 0 0 0 0 0 0 0 0 0 0 0 0 0 0 0 0 0 0 0 0 0 0 0 0 0 0 0 0 0 0 0 0 0 0 0 0 0 0 0 0 0 0 0 0 0 0 0 0 0 0 0 0 0 0 0 0 0 0 0 0 0 0 0 0 0 0 0 0 0 0 0 0 0 0 0 0 0 0 0 0 0 0 0 0 0 0 0 0 0 0 0 0 0 0 0 0 0 0 0 0 0 0 0 0 0 0
-0.04603479 -0.03335565 -0.04603479 0 -0.08409058 -0.02250506 -0.04667206 -0.04699854 -0.02211163 0 -0.09524418 -0.06616588 -0.04613809 0 0 -0.04603479 0 -0.0456387 -0.03882358 -0.03618926 -0.03618926 -0.04625502 -0.04470184 -0.08347917 0 -0.06657147 0 0 -0.03231288 0 -0.0464592 0 0 0 -0.02313253 0.04012456 0 0 0 0.0006745679 0.04012456 0 1.01 -0.1088702 -0.1488185 0 -0.07833574 0.3452673 0 0 -0.133623 0.3454402 0 0.3453244 0 -0.03261336 0 -0.02209661 0 0.3417102 0.3452673 0 0 0 0.03996585 0 0 -0.1090822 0.3449255 -0.07704649 0 0 0 0.1422653 0 -0.04311754 0 -0.0771261 0 0 0.3452673 0 0 0 0.3452673 0 -0.02449944 0 0 0 0.3469788 0.3454948 0 -0.04178117 -0.04341463 0 -0.133721 0 0 0 0 -0.1090869 -0.03530707 0 0 0 0 0 -0.04178117 0.2933321 -0.0594266 0 0 -0.05332815 0 -0.0377112 0 -0.03835338 0 0 -0.02392387 0 0.1251209 0.03945831 0.04024213 0.2933321 0 0 0.3470361 0 0.1242973 0.3468072 -0.1344707 0 0 0 0 0.1419857 -0.04178117 0 0.2937695 0 0.04588465 0.1245044 0 0 -0.003739594 0 0.04024213 0 0 0 0.3476675 -0.1348993 -0.04178117 0 0 0 0.2909558 0 0 -0.05341946 0 -0.1348993 0.04024213
0.3962789 -0.09166766 0.3962789 0 0.3273838 0.1965612 0.3926052 0.3914744 0.1754243 0 -0.3556755 0.07713257 0.3963752 0 0 0.3962789 0 0.3531007 -0.1513144 0.1316163 0.1316163 0.3905172 0.3416537 0.3197019 0 0.07992181 0 0 0.148262 0 0.3925292 0 0 0 -0.1136538 0.1635865 0 0 0 0.1831318 0.1635865 0 -0.1088702 1.01 -0.6055608 0 0.6965074 -0.3213996 0 0 -0.5392619 -0.3223372 0 -0.3215119 0 -0.1122808 0 0.2033793 0 -0.3102606 -0.3213996 0 0 0 0.1714351 0 0 0.9993078 -0.3223798 0.6916623 0 0 0 -0.7858141 0 -0.1684784 0 0.6918017 0 0 -0.3213996 0 0 0 -0.3213996 0 0.2065233 0 0 0 -0.3188218 -0.319176 0 -0.1688518 -0.1724421 0 -0.5436142 0 0 0 0 0.9942352 0.3432816 0 0 0 0 0 -0.1688518 -0.3836528 0.5692433 0 0 -0.236376 0 -0.1097969 0 -0.1054505 0 0 0.1806684 0 -0.8864266 0.1537479 0.1635939 -0.3836528 0 0 -0.3186582 0 -0.8822834 -0.3180526 -0.5378408 0 0 0 0 -0.7786052 -0.1688518 0 -0.3828165 0 0.1666228 -0.838436 0 0 0.1274348 0 0.1635939 0 0 0 -0.3178434 -0.5387262 -0.1688518 0 0 0 -0.3861303 0 0 -0.2404917 0 -0.5387262 0.1635939
-0.2509654 0.1649602 -0.2509654 0 -0.1084861 -0.114212 -0.2471034 -0.2480507 -0.1056864 0 0.6163964 0.07855704 -0.2511224 0 0 -0.2509654 0 -0.2617442 0.2616843 -0.0336558 -0.0336558 -0.2460732 -0.1974716 -0.09550516 0 0.07722196 0 0 -0.04296013 0 -0.2490129 0 0 0 0.1789432 0.2080733 0 0 0 -0.1096328 0.2080733 0 -0.1488185 -0.6055608 1.01 0 -0.4250137 -0.4285933 0 0 0.8759145 -0.4291506 0 -0.4283862 0 0.1772783 0 -0.120341 0 -0.4325981 -0.4285933 0 0 0 0.2199558 0 0 -0.6045072 -0.4269997 -0.4219457 0 0 0 0.5253893 0 0.2920855 0 -0.4218422 0 0 -0.4285933 0 0 0 -0.4285933 0 -0.1221061 0 0 0 -0.4287129 -0.4247351 0 0.2919665 0.272774 0 0.8772431 0 0 0 0 -0.600629 -0.2075243 0 0 0 0 0 0.2919665 -0.2298302 -0.3400631 0 0 -0.3105482 0 0.1912512 0 0.1879954 0 0 -0.1046258 0 0.6789898 0.2026604 0.2082432 -0.2298302 0 0 -0.428764 0 0.6772259 -0.4290367 0.8740447 0 0 0 0 0.5195543 0.2919665 0 -0.2292288 0 0.2325125 0.6605972 0 0 -0.08063188 0 0.2082432 0 0 0 -0.4283329 0.8732505 0.2919665 0 0 0 -0.2186489 0 0 -0.3065566 0 0.8732505 0.2082432
0 0 0 0 0 0 0 0 0 0 0 0 0 0 0 0 0 0 0 0 0 0 0 0 0 0 0 0 0 0 0 0 0 0 0 0 0 0 0 0 0 0 0 0 0 1.01 0 0 0 0 0 0 0 0 0 0 0 0 0 0 0 0 0 0 0 0 0 0 0 0 0 0 0 0 0 0 0 0 0 0 0 0 0 0 0 0 0 0 0 0 0 0 0 0 0 0 0 0 0 0 0 0 0 0 0 0 0 0 0 0 0 0 0 0 0 0 0 0 0 0 0 0 0 0 0 0 0 0 0 0 0 0 0 0 0 0 0 0 0 0 0 0 0 0 0 0 0 0 0 0 0 0 0 0 0 0 0 0 0 0 0 0 0 0 0
-0.04858212 -0.06083687 -0.04858212 0 0.1370146 -0.06947891 -0.0502467 -0.05090033 0.2575522 0 -0.3206754 0.2148362 -0.04891851 0 0 -0.04858212 0 -0.06322835 -0.09844742 -0.1244624 -0.1244624 -0.05398743 0.5175281 0.1271974 0 0.2173922 0 0 -0.1321416 0 -0.05848331 0 0 0 -0.07886967 0.1181432 0 0 0 -0.05121492 0.1181432 0 -0.07833574 0.6965074 -0.4250137 0 1.01 -0.2172423 0 0 -0.3800623 -0.2176383 0 -0.2174577 0 -0.0852453 0 -0.06442647 0 -0.2187137 -0.2172423 0 0 0 0.1239297 0 0 0.6958642 -0.217927 0.993573 0 0 0 -0.5462027 0 -0.1144592 0 0.9932403 0 0 -0.2172423 0 0 0 -0.2172423 0 -0.0748087 0 0 0 -0.2150255 -0.2154193 0 -0.1149431 -0.1170108 0 -0.3829534 0 0 0 0 0.6883603 0.4986772 0 0 0 0 0 -0.1149431 -0.2593328 -0.1919586 0 0 -0.1518088 0 -0.07926798 0 -0.07256113 0 0 0.2625602 0 -0.6146177 0.1049243 0.1179076 -0.2593328 0 0 -0.2149113 0 -0.6114772 -0.2147391 -0.3784849 0 0 0 0 -0.5405211 -0.1149431 0 -0.2589987 0 0.1185326 -0.5784792 0 0 0.1819921 0 0.1179076 0 0 0 -0.2146138 -0.3789228 -0.1149431 0 0 0 -0.2612661 0 0 -0.1573618 0 -0.3789228 0.1179076
-0.1404942 -0.0811635 -0.1404942 0 -0.2008966 -0.06854827 -0.1403794 -0.1374729 -0.0555951 0 -0.2882524 -0.1396409 -0.1403061 0 0 -0.1404942 0 -0.06969965 -0.1219085 -0.1117579 -0.1117579 -0.1392042 -0.1226138 -0.2091976 0 -0.1417234 0 0 -0.1182451 0 -0.1393537 0 0 0 -0.0681461 0.1142025 0 0 0 -0.05744546 0.1142025 0 0.3452673 -0.3213996 -0.4285933 0 -0.2172423 1.01 0 0 -0.3764815 0.9978723 0 0.9998355 0 -0.0648439 0 -0.07113912 0 0.9920205 1 0 0 0 0.06363361 0 0 -0.3217346 0.9990137 -0.2151544 0 0 0 0.4182097 0 -0.1348265 0 -0.2153845 0 0 1 0 0 0 1 0 -0.07042726 0 0 0 0.9967087 0.9927654 0 -0.1347891 -0.1072138 0 -0.3725442 0 0 0 0 -0.3201142 -0.1087279 0 0 0 0 0 -0.1347891 0.8341583 -0.1914455 0 0 0.7320144 0 -0.08850019 0 -0.08971202 0 0 -0.06274865 0 0.3635802 0.1167231 0.113405 0.8341583 0 0 0.9965443 0 0.3622753 0.9962152 -0.3741774 0 0 0 0 0.417939 -0.1347891 0 0.8324114 0 0.0232966 0.321906 0 0 -0.03603754 0 0.113405 0 0 0 0.9950646 -0.372253 -0.1347891 0 0 0 0.8240807 0 0 0.7315048 0 -0.372253 0.113405
0 0 0 0 0 0 0 0 0 0 0 0 0 0 0 0 0 0 0 0 0 0 0 0 0 0 0 0 0 0 0 0 0 0 0 0 0 0 0 0 0 0 0 0 0 0 0 0 1.01 0 0 0 0 0 0 0 0 0 0 0 0 0 0 0 0 0 0 0 0 0 0 0 0 0 0 0 0 0 0 0 0 0 0 0 0 0 0 0 0 0 0 0 0 0 0 0 0 0 0 0 0 0 0 0 0 0 0 0 0 0 0 0 0 0 0 0 0 0 0 0 0 0 0 0 0 0 0 0 0 0 0 0 0 0 0 0 0 0 0 0 0 0 0 0 0 0 0 0 0 0 0 0 0 0 0 0 0 0 0 0 0 0 0 0 0
0 0 0 0 0 0 0 0 0 0 0 0 0 0 0 0 0 0 0 0 0 0 0 0 0 0 0 0 0 0 0 0 0 0 0 0 0 0 0 0 0 0 0 0 0 0 0 0 0 1.01 0 0 0 0 0 0 0 0 0 0 0 0 0 0 0 0 0 0 0 0 0 0 0 0 0 0 0 0 0 0 0 0 0 0 0 0 0 0 0 0 0 0 0 0 0 0 0 0 0 0 0 0 0 0 0 0 0 0 0 0 0 0 0 0 0 0 0 0 0 0 0 0 0 0 0 0 0 0 0 0 0 0 0 0 0 0 0 0 0 0 0 0 0 0 0 0 0 0 0 0 0 0 0 0 0 0 0 0 0 0 0 0 0 0 0
