1.01 -0.03673241 0 -0.05195297 -0.03228648 -0.04112581 0.7029352 0.5256418 -0.01588382 -0.1979204 0 -0.05883791 -0.04774396 -0.0676734 -0.02413845 -0.04036916 0.1577873 0.7029352 -0.08055494 -0.04084298 -0.0560899 0 -0.06398098 -0.05409147 0.6927897 -0.05356334 -0.09416036 -0.0620347 0 0 -0.06352927 -0.06320411 0.6247024 -0.02627768 -0.02759161 -0.04980114 0.6927897 -0.0764667 -0.04286501 0.06347107 0 -0.0499874 -0.0499874 0 0 -0.06539237 -0.0544449 -0.1477355 -0.0365072 -0.01152009 -0.1922867 -0.04176125 0 -0.01341892 -0.01950421 -0.01909665 0 0 0 -0.04573661 0 -0.07771555 0.06979897 0 -0.07750619 -0.05709587 -0.06740906 -0.04175481 0 0 0.06540131 -0.04424146 -0.01248658 0.2943714 0.008406538 -0.0366429 -0.05709587 0.2943714 0 -0.1611741 -0.007599958 0.06742341 0.008406538 0.3671935 -0.03194931 -0.004414931 -0.06740906 -0.07105558 -0.03635319 -0.05709587 0.03074953 0.140538 0 0 0 0.3427812 0.5104142 0.3671935 0 0 -0.1138685 0 0.3203664 -0.02808983 -0.04298363 0 -0.07056331 -0.06674014 -0.04359133 -0.04411234 -0.03098535 -0.09376003 -0.06819441 -0.07523222 -0.07517559 0 -0.02800724 -0.05222517 0 -0.02800724 0 0.0504329 -0.01147155 -0.03725628 -0.1101535 0 -0.1252875 0 -0.1252875 0.02913252 -0.07056331 0.02913252 0.5104142 0.5104142 0.5104142 -0.09181161 0 0 0 -0.04209437 -0.06484909 -0.09329141 0.1200304 -0.08040903 -0.06484909 -0.06498842 -0.01664805 0 -0.04351308 -0.06484909 -0.06519722 -0.06484909 0 -0.08223779 -0.03568189 -0.01938586 -0.09079733 0
-0.03673241 1.01 0 -0.04109661 -0.02690515 -0.03099876 -0.0290995 -0.03455439 0.6044568 -0.1683413 0 -0.05401358 -0.2274018 0.3198876 -0.02055542 -0.03036731 0.1371983 -0.0290995 -0.04762663 -0.02145109 -0.05576805 0 -0.05478176 -0.0318367 -0.02212326 -0.03135717 -0.08249589 -0.05407289 0 0 -0.003347258 -0.05422861 -0.02111734 -0.02220448 -0.03301012 -0.02669894 -0.02212326 -0.005840775 -0.04312488 0.05015329 0 -0.04848018 -0.04848018 0 0 -0.04560186 -0.05417656 -0.1205299 -0.03771582 -0.02023732 -0.1650786 -0.02913144 0 -0.01013254 -0.2043583 -0.2033343 0 0 0 -0.03203383 0 -0.02302351 -0.039654 0 -0.05460432 -0.02609093 -0.05095668 -0.03139332 0 0 0.06440501 -0.032507 -0.01850248 -0.02440953 0.3228167 0.5863146 -0.02609093 -0.02440953 0 0.09990421 0.1084881 -0.02425272 0.3228167 -0.0169637 -0.03801237 -0.001742102 -0.05095668 0.007893035 -0.02229645 -0.02609093 -0.044537 -0.05136636 0 0 0 -0.02778107 -0.008100525 -0.0169637 0 0 0.1563579 0 -0.02063953 -0.02626037 -0.03500121 0 0.008539399 -0.05128727 -0.03224708 -0.03265724 -0.01578421 -0.08238574 -0.05208642 -0.05733141 -0.0572848 0 -0.01268087 -0.008168082 0 -0.01268087 0 -0.03645178 -0.01981825 0.582194 0.1616188 0 -0.05306341 0 -0.05306341 -0.05551625 0.008539399 -0.05551625 -0.008100525 -0.008100525 -0.008100525 0.1271533 0 0 0 -0.03167504 -0.04616251 0.1487487 0.1111713 -0.008177474 -0.04616251 -0.04326569 -0.01738362 0 -0.03542699 -0.04616251 -0.04738622 -0.04616251 0 -0.01178334 -0.03714253 -0.01668462 0.149363 0
0 0 1.01 0 0 0 0 0 0 0 0 0 0 0 0 0 0 0 0 0 0 0 0 0 0 0 0 0 0 0 0 0 0 0 0 0 0 0 0 0 0 0 0 0 0 0 0 0 0 0 0 0 0 0 0 0 0 0 0 0 0 0 0 0 0 0 0 0 0 0 0 0 0 0 0 0 0 0 0 0 0 0 0 0 0 0 0 0 0 0 0 0 0 0 0 0 0 0 0 0 0 0 0 0 0 0 0 0 0 0 0 0 0 0 0 0 0 0 0 0 0 0 0 0 0 0 0 0 0 0 0 0 0 0 0 0 0 0 0 0 0 0 0 0 0 0 0 0 0 0 0 0 0 0 0 0 0 0
-0.05195297 -0.04109661 0 1.01 -0.04330926 0.6225822 -0.03954544 0.08373611 -0.02298069 0.2206406 0 -0.05210014 0.2044716 -0.06476707 0.1821883 0.6280721 0.4812248 -0.03954544 -0.100424 0.6246282 0.1346248 0 -0.05469867 -0.0620751 -0.03292456 -0.0613742 0.4468502 0.2076158 0 0 0.2051827 0.2079195 -0.03414027 -0.0352741 -0.05560049 -0.05686526 -0.03292456 -0.09424552 -0.05936982 0.07358382 0 0.0344436 0.0344436 0 0 -0.07459801 -0.0506316 -0.1903908 -0.03519955 -0.03551317 0.1340093 0.6085887 0 0.45922 0.07991084 0.080264 0 0 0 0.5691655 0 -0.0933236 -0.06170062 0 -0.07457278 0.01527536 -0.05825274 -0.04729403 0 0 -0.004693779 0.5752708 -0.0292285 0.07462039 -0.03571758 -0.04728155 0.01527536 0.07462039 0 0.1272945 -0.07427793 -0.0272358 -0.03571758 0.1100744 -0.04220045 -0.02171064 -0.05825274 -0.07830931 -0.04018691 0.01527536 -0.009745583 0.06408016 0 0 0 0.06709136 -0.05195205 0.1100744 0 0 -0.005045921 0 -0.03654154 0.09486485 0.5162405 0 -0.07566836 -0.05795701 -0.04523157 0.6112719 -0.01647915 0.1053323 -0.05983446 -0.09032263 -0.09090025 0 -0.01853657 0.02792867 0 -0.01853657 0 0.005318699 -0.03439625 -0.04673438 -0.003002737 0 0.1684291 0 0.1684291 -0.0732331 -0.07566836 -0.0732331 -0.05195205 -0.05195205 -0.05195205 0.0569421 0 0 0 -0.04773963 -0.05713427 0.0942818 0.03507282 -0.08688057 -0.05713427 -0.05888275 -0.02840011 0 0.5835313 -0.05713427 -0.05747149 -0.05713427 0 -0.08826565 -0.03972188 0.148185 0.09593443 0
-0.03228648 -0.02690515 0 -0.04330926 1.01 -0.03440136 -0.02592567 -0.02851725 -0.02196905 -0.177153 0 -0.0337171 -0.2280658 -0.03829197 -0.01256135 -0.03375628 -0.08520792 -0.02592567 -0.06290505 -0.03416024 -0.05171426 0 -0.03574815 -0.04895711 -0.01909248 -0.04852182 -0.06882321 -0.03452557 0 0 -0.03460105 -0.03470581 -0.0147626 -0.02488025 -0.04631186 -0.04840709 -0.01909248 -0.06388193 -0.04623428 -0.6131295 0 -0.04741759 -0.04741759 0 0 -0.05708991 -0.03398437 -0.1241207 -0.02712692 -0.03011058 -0.1767018 -0.03621994 0 -0.008321428 -0.2047773 -0.204394 0 0 0 -0.03741988 0 -0.002959636 -0.02657107 0 -0.04582697 -0.04882319 -0.03337936 0.6834312 0 0 -0.08944587 0.04157003 -0.009838917 -0.02104397 -0.03999961 -0.01362074 -0.04882319 -0.02104397 0 0.2288829 -0.06373898 -0.03496599 -0.03999961 -0.008946719 -0.02404015 -0.008572375 -0.03337936 -0.0577606 -0.03144124 -0.04882319 -0.03520365 -0.04058654 0 0 0 -0.02274285 -0.02923293 -0.008946719 0 0 -0.04056633 0 -0.02800115 -0.02615468 0.03354829 0 -0.05761693 -0.03376551 0.7076505 0.04186455 -0.02099065 0.2151842 -0.03621129 0.001704561 0.001762353 0 -0.02173185 -0.04671765 0 -0.02173185 0 -0.02484353 -0.0298776 -0.0142437 -0.03391522 0 0.2776093 0 0.2776093 -0.0549692 -0.05761693 -0.0549692 -0.02923293 -0.02923293 -0.02923293 0.1351974 0 0 0 0.6815434 -0.03589281 0.1494771 0.1134959 0.3752206 -0.03589281 -0.03580828 -0.02705451 0 0.04586983 -0.03589281 -0.008250101 -0.03589281 0 0.3667917 -0.02238878 -0.02693254 0.153223 0
-0.04112581 -0.03099876 0 0.6225822 -0.03440136 1.01 -0.03637216 -0.03474805 -0.01011343 0.1709343 0 -0.02384241 0.1362756 -0.0363058 -0.0115295 0.9925307 0.33848 -0.03637216 -0.06733457 0.9878712 -0.04785671 0 -0.0242911 -0.04073174 -0.02092442 -0.04030288 0.3959783 -0.0363402 0 0 -0.03729692 -0.03531717 -0.02242075 -0.02356878 -0.0372547 -0.03489124 -0.02092442 -0.06578957 -0.02825335 0.05700588 0 -0.03085376 -0.03085376 0 0 -0.04904454 -0.02271493 -0.1154416 -0.01642776 -0.02171641 0.1768786 0.9645866 0 -0.0266234 0.1442148 0.1454786 0 0 0 0.9060288 0 -0.06156988 -0.07765167 0 -0.03715444 -0.04089233 -0.02807319 -0.0359931 0 0 -0.0664704 0.9082164 -0.02138708 -0.02106045 -0.02013475 -0.03056792 -0.04089233 -0.02106045 0 0.208273 -0.0432212 -0.02272226 -0.02013475 -0.01331424 -0.02040044 -0.006914974 -0.02807319 -0.0558119 -0.02270693 -0.04089233 -0.03736105 0.06780846 0 0 0 -0.0202896 -0.03563502 -0.01331424 0 0 -0.08688243 0 -0.01957563 -0.01508507 0.8239273 0 -0.05580358 -0.02714126 -0.03224822 0.8404195 -0.01507215 0.2447101 -0.02821296 -0.05745901 -0.05839886 0 -0.01201374 -0.03331422 0 -0.01201374 0 -0.03459188 -0.02146065 -0.0290404 -0.08601553 0 0.3070265 0 0.3070265 -0.04975158 -0.05580358 -0.04975158 -0.03563502 -0.03563502 -0.03563502 0.1268676 0 0 0 -0.03625659 -0.02956971 0.1516396 0.09926383 -0.06388554 -0.02956971 -0.03070743 -0.0208072 0 0.7971462 -0.02956971 -0.02829762 -0.02956971 0 -0.06370102 -0.01708819 -0.01835852 0.1534093 0
0.7029352 -0.0290995 0 -0.03954544 -0.02592567 -0.03637216 1.01 0.7590103 -0.01639555 -0.1454779 0 -0.04141512 0.1099351 -0.04551663 -0.01551893 -0.03589366 0.2926373 1 -0.05233934 -0.03619323 -0.03911831 0 -0.04423853 -0.03197994 -0.02592712 -0.03158613 -0.06694037 -0.03904287 0 0 -0.04215461 -0.04053348 -0.01968229 -0.01583062 -0.01204233 -0.02861431 -0.02592712 -0.05225222 -0.03115513 0.04413794 0 -0.03535563 -0.03535563 0 0 -0.05001697 -0.03676753 -0.1127138 -0.02801563 -0.005489859 -0.1438232 -0.03564799 0 -0.002531832 0.12651 0.126536 0 0 0 -0.04106781 0 -0.05165607 -0.06705393 0 -0.05519848 -0.03309245 -0.04594049 -0.03040863 0 0 -0.0540322 -0.03813776 -0.01295109 -0.006845103 0.02618067 -0.02354309 -0.03309245 -0.006845103 0 -0.117783 -0.03926768 -0.03324584 0.02618067 -0.01165269 -0.01853574 0.003190646 -0.04594049 -0.05320774 -0.02775571 -0.03309245 -0.03645094 -0.01638984 0 0 0 0.08007491 0.7371913 -0.01165269 0 0 -0.07289175 0 -0.008445139 -0.01256564 -0.03580943 0 -0.05352317 -0.04622069 -0.03261576 -0.03574041 -0.02573949 -0.09777845 -0.04652363 -0.04806829 -0.04802799 0 -0.02395006 -0.02828368 0 -0.02395006 0 -0.03447913 -0.005310234 -0.02398461 -0.06973295 0 -0.09203761 0 -0.09203761 -0.02464681 -0.05352317 -0.02464681 0.7371913 0.7371913 0.7371913 -0.1724067 0 0 0 -0.03064356 -0.04412772 -0.1430581 0.08420468 -0.06116731 -0.04412772 -0.04349467 -0.009330633 0 -0.03534218 -0.04412772 -0.04364541 -0.04412772 0 -0.06128996 -0.01988896 -0.007747861 -0.1418661 0
0.5256418 -0.03455439 0 0.08373611 -0.02851725 -0.03474805 0.7590103 1.01 -0.01874366 -0.1698124 0 -0.05376557 0.1485735 -0.05990327 0.6171758 -0.03406879 0.1841811 0.7590103 -0.06760562 -0.03449417 -0.05924266 0 -0.05549633 -0.05065198 -0.03077287 -0.05019712 0.109159 -0.05611122 0 0 -0.05826364 -0.05736838 -0.02701606 -0.01463189 -0.02634997 -0.04810985 -0.03077287 -0.06647999 -0.04595166 0.05121553 0 0.2556026 0.2556026 0 0 -0.04771473 -0.05009715 -0.1228161 -0.03824435 -0.02127546 -0.02368717 -0.03332382 0 -0.0142924 0.1677378 0.167776 0 0 0 -0.03985919 0 0.04737045 0.009904048 0 -0.06552429 -0.0514053 -0.05425899 -0.03509824 0 0 -0.09820013 -0.03532374 -0.01541592 -0.02264363 -0.02752897 -0.02734819 -0.0514053 -0.02264363 0 -0.05923707 -0.07525569 -0.03930102 -0.02752897 -0.02464451 -0.01868939 -0.004783421 -0.05425899 -0.061554 -0.03551626 -0.0514053 -0.05347499 -0.02648646 0 0 0 0.04623831 0.6163491 -0.02464451 0 0 -0.003693722 0 -0.01997733 -0.02184344 -0.0362003 0 -0.06131837 -0.05462066 -0.03522479 -0.03660379 -0.02927235 -0.1173432 -0.05455319 -0.04936091 -0.04930832 0 -0.02677816 -0.0485883 0 -0.02677816 0 -0.05189073 -0.02033997 -0.02791975 -0.05735269 0 -0.1047319 0 -0.1047319 -0.03841851 -0.06131837 -0.03841851 0.6163491 0.6163491 0.6163491 -0.1599235 0 0 0 -0.03540228 -0.05069281 -0.1699808 0.04058497 -0.06853467 -0.05069281 -0.04941662 -0.01563251 0 -0.009112801 -0.05069281 -0.05081878 -0.05069281 0 -0.06982227 -0.01997652 0.2317684 -0.1700955 0
-0.01588382 0.6044568 0 -0.02298069 -0.02196905 -0.01011343 -0.01639555 -0.01874366 1.01 -0.1113948 0 -0.03524848 -0.1412544 -0.04019389 -0.01052984 -0.00967966 -0.05106764 -0.01639555 -0.0285662 0.005057337 -0.03863678 0 -0.03583418 -0.01185265 -0.005701197 -0.01153642 -0.03896953 -0.0341831 0 0 -0.03532059 -0.03427464 -0.0115026 -0.01845205 -0.024583 -0.008972817 -0.005701197 -0.03001218 -0.01300306 0.03472791 0 -0.01672203 -0.01672203 0 0 -0.03336973 -0.03760225 -0.07752208 -0.02565144 -0.01747075 -0.09951152 -0.01133235 0 -0.005330075 -0.1245264 -0.1226674 0 0 0 -0.008831897 0 -0.03816236 -0.04370162 0 -0.04039017 -0.009071511 -0.03676056 -0.02197317 0 0 0.1848732 -0.01358843 -0.0002114348 -0.004287109 0.5493288 -0.009549507 -0.009071511 -0.004287109 0 -0.07424549 0.2368707 -0.01319785 0.5493288 -0.005614265 -0.01532892 0.007002215 -0.03676056 -0.02672462 -0.01749324 -0.009071511 -0.02989894 -0.03575134 0 0 0 -0.006759513 0.02854812 -0.005614265 0 0 -0.03852731 0 -0.003550012 -0.02071357 -0.01166183 0 -0.02776095 -0.036945 -0.02230024 -0.0127325 -0.0008011751 -0.06922469 -0.03809854 -0.03265787 -0.03262978 0 0.001679521 -0.00715071 0 0.001679521 0 -0.02350752 -0.01590654 -0.009896022 -0.0399407 0 -0.05542053 0 -0.05542053 -0.03068542 -0.02776095 -0.03068542 0.02854812 0.02854812 0.02854812 0.06768957 0 0 0 -0.02213438 -0.03345512 0.07787806 0.07001872 -0.03638192 -0.03345512 -0.03191599 -0.01339388 0 -0.01503971 -0.03345512 -0.0341272 -0.03345512 0 -0.03807768 -0.01641908 -0.01140549 0.07936134 0
-0.1979204 -0.1683413 0 0.2206406 -0.177153 0.1709343 -0.1454779 -0.1698124 -0.1113948 1.01 0 -0.2142222 0.7629917 -0.2476472 -0.09410114 0.1676741 -0.1461491 -0.1454779 -0.3556522 0.1670302 -0.2031169 0 -0.1686365 -0.2328536 -0.1306763 -0.2320878 -0.1339669 -0.08421788 0 0 -0.08970642 -0.08530035 -0.120929 -0.1236234 0.2095141 -0.2173641 -0.1306763 -0.3412727 -0.2101741 0.279625 0 -0.2325638 -0.23299 0 0 0.2796581 -0.2197554 0.6853593 -0.1541955 0.1272038 0.704057 0.153006 0 0.1125629 0.5265823 0.5265396 0 0 0 0.131625 0 0.2568965 0.2112962 0 -0.02354407 -0.1782699 -0.09985505 -0.1563445 0 0 -0.115606 0.1347854 -0.03205581 -0.02209874 0.008033719 -0.1029391 -0.1782699 -0.02209874 0 -0.03610058 -0.02659622 0.07480106 0.008033719 -0.05392669 0.1427229 -0.06281523 -0.09985505 -0.2271504 0.09436471 -0.1782699 -0.1768615 -0.08509861 0 0 0 -0.03647509 -0.1698067 -0.05392669 0 0 0.0884476 0 -0.03981179 -0.05581855 0.1419551 0 -0.2049068 -0.1008822 -0.1467724 0.145595 -0.05956422 -0.2076337 -0.1092774 0.268826 0.26886 0 -0.07682868 -0.1554788 0 -0.07682868 0 -0.1376995 0.1231193 -0.1009408 0.09380734 0 -0.2076122 0 -0.2076122 -0.03799986 -0.2049068 -0.03799986 -0.1698067 -0.1698067 -0.1698067 -0.2164313 0 0 0 -0.1580238 -0.09627153 -0.1124393 -0.3236372 -0.2432584 -0.09627153 -0.09191068 0.1302914 0 0.1305228 -0.09627153 -0.1002944 -0.09627153 0 -0.2507235 0.1587794 -0.1052951 -0.121813 0
0 0 0 0 0 0 0 0 0 0 1.01 0 0 0 0 0 0 0 0 0 0 0 0 0 0 0 0 0 0 0 0 0 0 0 0 0 0 0 0 0 0 0 0 0 0 0 0 0 0 0 0 0 0 0 0 0 0 0 0 0 0 0 0 0 0 0 0 0 0 0 0 0 0 0 0 0 0 0 0 0 0 0 0 0 0 0 0 0 0 0 0 0 0 0 0 0 0 0 0 0 0 0 0 0 0 0 0 0 0 0 0 0 0 0 0 0 0 0 0 0 0 0 0 0 0 0 0 0 0 0 0 0 0 0 0 0 0 0 0 0 0 0 0 0 0 0 0 0 0 0 0 0 0 0 0 0 0 0
-0.05883791 -0.05401358 0 -0.05210014 -0.0337171 -0.02384241 -0.04141512 -0.05376557 -0.03524848 -0.2142222 0 1.01 0.1839053 0.861029 -0.03422934 -0.02287927 0.440687 -0.04141512 -0.07944727 -0.02348258 -0.07929317 0 0.9143086 -0.05697574 -0.04070564 -0.05639357 0.5044211 0.782871 0 0 0.7693651 0.7819688 -0.03827625 -0.03665583 -0.0468632 -0.05473324 -0.04070564 -0.07651425 -0.04041074 0.05106427 0 -0.05265435 -0.05265435 0 0 -0.06204354 0.9500736 -0.1349509 0.688881 -0.02476713 -0.1844992 -0.02098576 0 -0.03033795 -0.2400037 -0.2411973 0 0 0 -0.02942074 0 -0.07935152 -0.07855896 0 0.6011169 -0.001675924 0.6920687 -0.03942943 0 0 0.3869414 -0.01418328 -0.01731142 -0.03815655 -0.04719998 0.05984965 -0.001675924 -0.03815655 0 -0.1221671 0.4868278 0.008649488 -0.04719998 -0.03104663 -0.03310796 -0.01203106 0.6920687 -0.06141858 0.0146623 -0.001675924 -0.06310902 -0.07573792 0 0 0 -0.03923467 -0.04746558 -0.03104663 0 0 -0.04144947 0 -0.03222257 -0.03227304 -0.01882552 0 -0.0588923 0.6900438 -0.03767975 -0.02392085 -0.0184696 0.2551061 0.6785603 -0.07277287 -0.07270991 0 -0.01701343 0.003396981 0 -0.01701343 0 -0.05404994 -0.02857113 0.05859629 -0.03691666 0 0.3187069 0 0.3187069 -0.05064424 -0.0588923 -0.05064424 -0.04746558 -0.04746558 -0.04746558 0.1751068 0 0 0 -0.03981211 0.5962753 0.183642 0.13479 -0.07088422 0.5962753 0.5897756 -0.03158922 0 -0.02316497 0.5962753 0.5919927 0.5962753 0 -0.07336685 -0.03873156 -0.0339851 0.18508 0
-0.04774396 -0.2274018 0 0.2044716 -0.2280658 0.1362756 0.1099351 0.1485735 -0.1412544 0.7629917 0 0.1839053 1.01 0.07947228 0.1001441 0.134043 0.3054398 0.1099351 -0.455558 0.1326941 -0.297536 0 0.1906675 -0.310344 -0.178567 -0.3097863 0.3419214 0.2129782 0 0 0.1996632 0.210905 -0.1636026 -0.1651135 0.1704566 -0.2913836 -0.178567 -0.4389861 0.1779489 0.3646232 0 0.207442 0.207006 0 0 0.2103364 0.1583142 0.539139 0.1203844 0.1037916 0.7376947 0.1191391 0 0.0805763 0.5838674 0.5866477 0 0 0 0.1423451 0 0.2043146 0.1787527 0 0.2143837 -0.2301549 0.1575925 -0.2045888 0 0 -0.006761514 0.1017278 -0.04647753 -0.0606333 -0.01985873 -0.1093416 -0.2301549 -0.0606333 0 -0.1711522 0.1586509 0.09478725 -0.01985873 -0.08675821 0.1293567 -0.07736268 0.1575925 -0.3102174 0.1249442 -0.2301549 -0.2563288 -0.159989 0 0 0 -0.05127782 0.1326271 -0.08675821 0 0 0.03510293 0 -0.07345875 -0.08840154 0.1072525 0 -0.2850894 0.1557306 -0.1924467 0.1068527 0.01674417 -0.1871924 0.140695 0.1862677 0.1863786 0 0.009053918 -0.2008685 0 0.009053918 0 -0.2083212 0.09866262 -0.1083662 0.001033211 0 -0.1585534 0 -0.1585534 -0.07734764 -0.2850894 -0.07734764 0.1326271 0.1326271 0.1326271 -0.1716365 0 0 0 -0.2067771 0.120355 -0.1678165 -0.1978051 -0.3364438 0.120355 0.1221763 0.1031533 0 0.101668 0.120355 0.1139411 0.120355 0 -0.345922 0.1204881 -0.04861102 -0.1758031 0
-0.0676734 0.3198876 0 -0.06476707 -0.03829197 -0.0363058 -0.04551663 -0.05990327 -0.04019389 -0.2476472 0 0.861029 0.07947228 1.01 -0.03960156 -0.03524348 0.5067104 -0.04551663 -0.08603842 -0.03590885 -0.0900875 0 0.7846385 -0.06386065 -0.04896536 -0.06317386 0.4085598 0.6679891 0 0 0.6553743 0.6671367 -0.04427228 -0.04077018 -0.04488429 -0.06087938 -0.04896536 -0.08498239 -0.0547464 0.06287445 0 -0.06805954 -0.06805954 0 0 -0.07014605 0.8179663 -0.1636363 0.5940277 -0.01449044 -0.2230642 -0.03194972 0 -0.0327515 -0.2855651 -0.2866919 0 0 0 -0.04216176 0 -0.08921038 -0.09588768 0 0.5097027 -0.01265234 0.5913853 -0.04560611 0 0 0.3084702 -0.02714255 -0.02627693 -0.04897454 -0.05242971 0.4526745 -0.01265234 -0.04897454 0 -0.01880272 0.4037491 -0.003793424 -0.05242971 -0.03830671 -0.04563585 -0.01762499 0.5913853 -0.06790787 0.0041467 -0.01265234 -0.07166241 -0.08620468 0 0 0 -0.05092469 -0.0540347 -0.03830671 0 0 0.09360084 0 -0.0419629 -0.03727522 -0.03331662 0 -0.06517736 0.5894749 -0.04469393 -0.03697274 -0.02519426 0.18216 0.5794191 -0.08039936 -0.08032553 0 -0.02295453 0.001684109 0 -0.02295453 0 -0.06167425 -0.03177525 0.4489651 0.1015327 0 0.2494225 0 0.2494225 -0.06781307 -0.06517736 -0.06781307 -0.0540347 -0.0540347 -0.0540347 0.2054721 0 0 0 -0.0460516 0.5088052 0.2212547 0.1598285 -0.07946943 0.5088052 0.503561 -0.03486825 0 -0.0372314 0.5088052 0.5045584 0.5088052 0 -0.08281405 -0.04963181 -0.03456957 0.2222085 0
-0.02413845 -0.02055542 0 0.1821883 -0.01256135 -0.0115295 -0.01551893 0.6171758 -0.01052984 -0.09410114 0 -0.03422934 0.1001441 -0.03960156 1.01 -0.01104013 -0.06375481 -0.01551893 -0.04347357 -0.01134668 -0.04297353 0 -0.03364752 -0.04159623 -0.01819185 -0.04135558 0.2558695 -0.04044064 0 0 -0.040002 -0.04054259 -0.01994365 -0.001684017 -0.02785667 -0.04149055 -0.01819185 -0.04166633 -0.03478937 0.02477224 0 0.4496618 0.4496618 0 0 -0.01494875 -0.03434898 -0.06005097 -0.02755789 -0.02520424 0.1359163 -0.01025865 0 -0.0178959 0.1110094 0.1110377 0 0 0 -0.01386567 0 0.1402482 0.09898952 0 -0.03726983 -0.04117086 -0.02980348 -0.02035461 0 0 -0.07027351 -0.01036543 -0.009366182 -0.02955076 -0.02392772 -0.01600067 -0.04117086 -0.02955076 0 0.05200019 -0.04650448 -0.02304419 -0.02392772 -0.02611465 -0.00893122 -0.01256239 -0.02980348 -0.03153772 -0.02381759 -0.04117086 -0.03893773 -0.02039332 0 0 0 -0.03124649 0.03444405 -0.02611465 0 0 0.0842434 0 -0.02308624 -0.01696013 -0.01504153 0 -0.03069613 -0.03003626 -0.01761164 -0.01567989 -0.01506766 -0.06685428 -0.02964767 -0.01851911 -0.01848463 0 -0.01329237 -0.04236276 0 -0.01329237 0 -0.03800382 -0.02368658 -0.01636151 -0.005660141 0 -0.05435817 0 -0.05435817 -0.03021072 -0.03069613 -0.03021072 0.03444405 0.03444405 0.03444405 -0.02397736 0 0 0 -0.02054669 -0.0263525 -0.07784831 -0.03419221 -0.0338195 -0.0263525 -0.0251878 -0.01519542 0 0.027405 -0.0263525 -0.02722729 -0.0263525 0 -0.03584149 -0.009152966 0.3752497 -0.07943199 0
-0.04036916 -0.03036731 0 0.6280721 -0.03375628 0.9925307 -0.03589366 -0.03406879 -0.00967966 0.1676741 0 -0.02287927 0.134043 -0.03524348 -0.01104013 1.01 0.3431992 -0.03589366 -0.06607202 0.9953134 -0.04774945 0 -0.0232752 -0.04119316 -0.02034611 -0.04077099 0.4007657 -0.03520816 0 0 -0.03615153 -0.03417651 -0.02192607 -0.02309589 -0.03795927 -0.03546528 -0.02034611 -0.06454213 -0.02734323 0.05597328 0 -0.02980487 -0.02980487 0 0 -0.05030352 -0.02174337 -0.121143 -0.0157652 -0.02376538 0.1742013 0.9718937 0 -0.02618867 0.1422121 0.1434833 0 0 0 0.9129886 0 -0.06304163 -0.07825328 0 -0.03585489 -0.04143354 -0.02702321 -0.0352179 0 0 -0.0660719 0.9151777 -0.0211104 -0.02050426 -0.0214032 -0.02999599 -0.04143354 -0.02050426 0 0.2114077 -0.04265575 -0.02196245 -0.0214032 -0.01284698 -0.01968005 -0.006693622 -0.02702321 -0.05473037 -0.02201252 -0.04143354 -0.03763001 0.06959091 0 0 0 -0.01969511 -0.03497147 -0.01284698 0 0 -0.08811205 0 -0.01906784 -0.01458881 0.830417 0 -0.05473258 -0.02608133 -0.03148625 0.8469936 -0.01474293 0.2496188 -0.02713739 -0.05911759 -0.06006473 0 -0.01169393 -0.03400284 0 -0.01169393 0 -0.03514056 -0.02365166 -0.0284531 -0.08734817 0 0.3116666 0 0.3116666 -0.04852556 -0.05473258 -0.04852556 -0.03497147 -0.03497147 -0.03497147 0.1307194 0 0 0 -0.03548037 -0.02855183 0.1549197 0.1035385 -0.06256631 -0.02855183 -0.02968648 -0.02027127 0 0.803425 -0.02855183 -0.02725917 -0.02855183 0 -0.06235244 -0.0163731 -0.01789943 0.1566583 0
0.1577873 0.1371983 0 0.4812248 -0.08520792 0.33848 0.2926373 0.1841811 -0.05106764 -0.1461491 0 0.440687 0.3054398 0.5067104 -0.06375481 0.3431992 1.01 0.2926373 -0.1665518 0.3402401 -0.01894576 0 0.4845433 -0.1215422 -0.07493532 -0.121951 0.785264 0.5634013 0 0 0.5506796 0.5623618 -0.0670726 -0.07126273 -0.08362318 -0.1134402 -0.07493532 -0.1616815 0.4494202 0.1417693 0 0.3706168 0.3706168 0 0 -0.145602 0.4399718 -0.3560579 0.3227354 -0.04718652 -0.02163295 0.3313879 0 0.2498287 -0.0201569 -0.01655286 0 0 0 0.3625197 0 -0.1850664 -0.1690752 0 0.2500553 -0.03940687 0.3505672 -0.08211984 0 0 0.1432092 0.3116939 -0.03802119 0.00240574 -0.05475159 0.2180524 -0.03940687 0.00240574 0 -0.04038129 0.1855717 -0.07871084 -0.05475159 0.0319622 -0.05493824 -0.03104707 0.3505672 -0.1398678 -0.07875254 -0.03940687 -0.0916114 -0.05278706 0 0 0 0.02733632 0.3281462 0.0319622 0 0 -0.01285583 0 -0.05979218 0.02506134 0.273467 0 -0.1348835 0.3496364 -0.07946857 0.3269359 0.0879564 0.09972265 0.3386758 -0.1739873 -0.1742589 0 0.09890343 -0.01604016 0 0.09890343 0 -0.07144996 -0.04967882 0.2156323 -0.03297166 0 0.2122907 0 0.2122907 -0.1470359 -0.1348835 -0.1470359 0.3281462 0.3281462 0.3281462 0.1513945 0 0 0 -0.08296312 0.3015799 0.06070299 0.2424997 -0.1577342 0.3015799 0.2973282 -0.05234672 0 0.3092535 0.3015799 0.2979388 0.3015799 0 -0.1607329 -0.08339896 -0.05579082 0.06850855 0
0.7029352 -0.0290995 0 -0.03954544 -0.02592567 -0.03637216 1 0.7590103 -0.01639555 -0.1454779 0 -0.04141512 0.1099351 -0.04551663 -0.01551893 -0.03589366 0.2926373 1.01 -0.05233934 -0.03619323 -0.03911831 0 -0.04423853 -0.03197994 -0.02592712 -0.03158613 -0.06694037 -0.03904287 0 0 -0.04215461 -0.04053348 -0.01968229 -0.01583062 -0.01204233 -0.02861431 -0.02592712 -0.05225222 -0.03115513 0.04413794 0 -0.03535563 -0.03535563 0 0 -0.05001697 -0.03676753 -0.1127138 -0.02801563 -0.005489859 -0.1438232 -0.03564799 0 -0.002531832 0.12651 0.126536 0 0 0 -0.04106781 0 -0.05165607 -0.06705393 0 -0.05519848 -0.03309245 -0.04594049 -0.03040863 0 0 -0.0540322 -0.03813776 -0.01295109 -0.006845103 0.02618067 -0.02354309 -0.03309245 -0.006845103 0 -0.117783 -0.03926768 -0.03324584 0.02618067 -0.01165269 -0.01853574 0.003190646 -0.04594049 -0.05320774 -0.02775571 -0.03309245 -0.03645094 -0.01638984 0 0 0 0.08007491 0.7371913 -0.01165269 0 0 -0.07289175 0 -0.008445139 -0.01256564 -0.03580943 0 -0.05352317 -0.04622069 -0.03261576 -0.03574041 -0.02573949 -0.09777845 -0.04652363 -0.04806829 -0.04802799 0 -0.02395006 -0.02828368 0 -0.02395006 0 -0.03447913 -0.005310234 -0.02398461 -0.06973295 0 -0.09203761 0 -0.09203761 -0.02464681 -0.05352317 -0.02464681 0.7371913 0.7371913 0.7371913 -0.1724067 0 0 0 -0.03064356 -0.04412772 -0.1430581 0.08420468 -0.06116731 -0.04412772 -0.04349467 -0.009330633 0 -0.03534218 -0.04412772 -0.04364541 -0.04412772 0 -0.06128996 -0.01988896 -0.007747861 -0.1418661 0
-0.08055494 -0.04762663 0 -0.100424 -0.06290505 -0.06733457 -0.05233934 -0.06760562 -0.0285662 -0.3556522 0 -0.07944727 -0.455558 -0.08603842 -0.04347357 -0.06607202 -0.1665518 -0.05233934 1.01 -0.06686265 -0.09210822 0 -0.07980987 -0.07934179 -0.06015276 -0.0784217 -0.1488353 -0.09553802 0 0 -0.09971862 -0.09273466 -0.05521248 -0.05015155 -0.0835207 -0.07365252 -0.06015276 0.9463203 -0.0665618 0.1068554 0 -0.08051152 -0.08051152 0 0 -0.1010214 -0.07470488 -0.2494122 -0.06003754 -0.06345606 -0.3365634 -0.06800325 0 -0.04610122 -0.3970151 -0.4013277 0 0 0 -0.06514297 0 -0.07862256 -0.09694255 0 -0.1049152 -0.07594241 -0.08162954 0.04574485 0 0 -0.1689899 -0.07178538 0.1494686 -0.05043889 -0.06681911 -0.04004125 -0.07594241 -0.05043889 0 0.299631 -0.1279142 -0.06291575 -0.06681911 -0.04026125 -0.06659049 0.1550964 -0.08162954 0.7086011 -0.05740294 -0.07594241 0.05690516 -0.08480385 0 0 0 -0.05067081 -0.06765837 -0.04026125 0 0 -0.1233976 0 -0.05175581 0.2364318 -0.07172609 0 0.6699079 -0.08166583 0.003663242 -0.07124579 -0.0181648 0.3127424 -0.08150256 -0.0690943 -0.06899197 0 -0.01680921 -0.06810738 0 -0.01680921 0 -0.07073985 -0.05828196 -0.04012405 -0.1192099 0 0.3811446 0 0.3811446 -0.04867397 0.6699079 -0.04867397 -0.06765837 -0.06765837 -0.06765837 0.122099 0 0 0 0.04492503 -0.07894514 0.1121011 0.05608752 0.5245089 -0.07894514 -0.08049592 -0.04540144 0 -0.06851381 -0.07894514 -0.08021496 -0.07894514 0 0.548413 -0.06255475 -0.04074823 0.1148546 0
-0.04084298 -0.02145109 0 0.6246282 -0.03416024 0.9878712 -0.03619323 -0.03449417 0.005057337 0.1670302 0 -0.02348258 0.1326941 -0.03590885 -0.01134668 0.9953134 0.3402401 -0.03619323 -0.06686265 1.01 -0.0484934 0 -0.02391157 -0.04175543 -0.02070832 -0.04133259 0.3977634 -0.03591722 0 0 -0.03686895 -0.03489098 -0.02223587 -0.02339203 -0.03845849 -0.03600528 -0.02070832 -0.0653233 -0.02791329 0.0566199 0 -0.03046187 -0.03046187 0 0 -0.04980207 -0.02235197 -0.121502 -0.01618023 -0.02404838 0.1717806 0.9673089 0 -0.02646089 0.1392939 0.1405577 0 0 0 0.9086218 0 -0.06105228 -0.0769838 0 -0.0366689 -0.04196694 -0.02768091 -0.03570338 0 0 -0.06651589 0.91081 -0.02128362 -0.01865482 -0.02181623 -0.03035414 -0.04196694 -0.01865482 0 0.210164 -0.04360598 -0.02243837 -0.02181623 -0.01313966 -0.02013128 -0.006832268 -0.02768091 -0.05540765 -0.02244747 -0.04196694 -0.03825773 0.06847364 0 0 0 -0.0179673 -0.02681124 -0.01313966 0 0 -0.08695642 0 -0.0146082 -0.01489965 0.8263453 0 -0.05540326 -0.02674526 -0.03196346 0.8428689 -0.01494911 0.2471995 -0.02781112 -0.05696706 -0.05790946 0 -0.01189423 -0.03450882 0 -0.01189423 0 -0.03568929 -0.02391719 -0.02882089 -0.08612254 0 0.3087572 0 0.3087572 -0.0482308 -0.05540326 -0.0482308 -0.02681124 -0.02681124 -0.02681124 0.1288544 0 0 0 -0.03596649 -0.02918941 0.1534023 0.1043875 -0.06339247 -0.02918941 -0.02900717 -0.02060693 0 0.7994856 -0.02918941 -0.02790964 -0.02918941 0 -0.06319699 -0.01682104 -0.01818696 0.1551594 0
-0.0560899 -0.05576805 0 0.1346248 -0.05171426 -0.04785671 -0.03911831 -0.05924266 -0.03863678 -0.2031169 0 -0.07929317 -0.297536 -0.0900875 -0.04297353 -0.04774945 -0.01894576 -0.03911831 -0.09210822 -0.0484934 1.01 0 -0.0840304 -0.05978532 -0.03917205 -0.06526552 -0.1433529 -0.09882878 0 0 -0.09892438 -0.09772946 -0.03407624 -0.03163783 -0.06384194 -0.0612954 -0.03917205 -0.09498134 -0.06982573 0.08285969 0 -0.08316976 -0.08316976 0 0 -0.08878199 -0.07966598 -0.232819 -0.05282654 -0.03357288 -0.1979421 -0.04697863 0 -0.031919 0.2520426 0.2506558 0 0 0 -0.05261402 0 -0.09997241 -0.1317985 0 -0.1074247 -0.06248352 -0.08360039 -0.0536248 0 0 -0.1210866 -0.0247673 -0.0216331 -0.03538252 -0.04205167 -0.05301993 -0.06248352 -0.03538252 0 0.01721504 -0.1110924 -0.05412049 -0.04205167 -0.027232 -0.06475233 -0.01398818 -0.08360039 -0.08918468 -0.0616416 -0.06248352 0.5152403 0.2245855 0 0 0 -0.03942743 -0.0517328 -0.027232 0 0 -0.06439927 0 -0.03181954 0.08034475 -0.03536363 0 -0.0889189 -0.07968744 -0.0557074 -0.03161605 -0.02732034 -0.005677269 -0.05088657 -0.09413289 -0.0940473 0 -0.02603361 -0.05776554 0 -0.02603361 0 0.5534846 -0.02948491 -0.05276086 -0.05822283 0 -0.1269374 0 -0.1269374 0.1739304 -0.0889189 0.1739304 -0.0517328 -0.0517328 -0.0517328 -0.1026331 0 0 0 -0.05322913 -0.04648524 -0.07582966 0.09997273 -0.1023643 -0.04648524 -0.04788793 -0.04246623 0 -0.0267876 -0.04648524 -0.04678283 -0.04648524 0 -0.1008831 -0.06074778 -0.0469587 -0.07151072 0
0 0 0 0 0 0 0 0 0 0 0 0 0 0 0 0 0 0 0 0 0 1.01 0 0 0 0 0 0 0 0 0 0 0 0 0 0 0 0 0 0 0 0 0 0 0 0 0 0 0 0 0 0 0 0 0 0 0 0 0 0 0 0 0 0 0 0 0 0 0 0 0 0 0 0 0 0 0 0 0 0 0 0 0 0 0 0 0 0 0 0 0 0 0 0 0 0 0 0 0 0 0 0 0 0 0 0 0 0 0 0 0 0 0 0 0 0 0 0 0 0 0 0 0 0 0 0 0 0 0 0 0 0 0 0 0 0 0 0 0 0 0 0 0 0 0 0 0 0 0 0 0 0 0 0 0 0 0 0
-0.06398098 -0.05478176 0 -0.05469867 -0.03574815 -0.0242911 -0.04423853 -0.05549633 -0.03583418 -0.1686365 0 0.9143086 0.1906675 0.7846385 -0.03364752 -0.0232752 0.4845433 -0.04423853 -0.07980987 -0.02391157 -0.0840304 0 1.01 -0.0625545 -0.04507155 -0.06295192 0.5546803 0.8564663 0 0 0.8425879 0.8554912 -0.04212533 -0.03340786 -0.04941814 -0.06071895 -0.04507155 -0.07514553 -0.04266768 0.05242578 0 -0.05439563 -0.05439563 0 0 -0.06689103 0.9046739 -0.1658485 0.656283 -0.02707416 -0.2156357 -0.0218055 0 -0.03241006 -0.2754158 -0.2766003 0 0 0 -0.02928511 0 -0.08288241 -0.1068051 0 0.6378759 -0.008030715 0.7777433 -0.0417336 0 0 0.4092353 -0.01575324 -0.02012353 -0.03924426 -0.05063777 0.0583389 -0.008030715 -0.03924426 0 -0.1278012 0.5189221 -0.04292766 -0.05063777 -0.03643461 -0.03367188 -0.01378318 0.7777433 -0.06061894 -0.03982483 -0.008030715 -0.06831977 -0.0793777 0 0 0 -0.04069799 -0.05184525 -0.03643461 0 0 -0.04896358 0 -0.03104172 -0.03224065 -0.01908343 0 -0.05719294 0.775511 -0.03957531 -0.02602497 -0.01356529 0.276109 0.7616265 -0.07686108 -0.07679508 0 -0.01135529 -0.002149972 0 -0.01135529 0 -0.05808846 -0.03231226 0.05704964 -0.045048 0 0.3651357 0 0.3651357 -0.08408824 -0.05719294 -0.08408824 -0.05184525 -0.05184525 -0.05184525 0.1858157 0 0 0 -0.04213451 0.6881446 0.1881328 0.1433439 -0.0719019 0.6881446 0.6818 -0.03263017 0 -0.02523551 0.6881446 0.6826625 0.6881446 0 -0.07467608 -0.03863957 -0.03167803 0.1969853 0
-0.05409147 -0.0318367 0 -0.0620751 -0.04895711 -0.04073174 -0.03197994 -0.05065198 -0.01185265 -0.2328536 0 -0.05697574 -0.310344 -0.06386065 -0.04159623 -0.04119316 -0.1215422 -0.03197994 -0.07934179 -0.04175543 -0.05978532 0 -0.0625545 1.01 -0.04360087 0.9960262 -0.1116098 -0.06582564 0 0 -0.0661338 -0.06605285 -0.03526957 -0.02469764 -0.05286017 0.9383414 -0.04360087 -0.07539313 -0.05978097 0.07026739 0 -0.07350524 -0.07350524 0 0 -0.06960352 -0.05728632 -0.1686828 -0.03017583 -0.02351306 -0.2344364 -0.040618 0 -0.01786739 -0.2771384 -0.2774226 0 0 0 -0.04208434 0 -0.08314378 -0.1100273 0 -0.07528113 0.7981613 -0.0582155 -0.05682163 0 0 0.3579927 -0.04281397 -0.03061665 -0.04094056 -0.02681914 -0.03761041 0.7981613 -0.04094056 0 -0.1680802 -0.08339903 -0.04928583 -0.02681914 -0.02459046 -0.0561512 -0.005594694 -0.0582155 -0.06244786 -0.04128436 0.7981613 -0.04807924 -0.05754621 0 0 0 -0.04079873 -0.04447465 -0.02459046 0 0 0.3192132 0 -0.04157069 -0.02674108 -0.02627566 0 -0.06391969 -0.05870825 -0.04685347 -0.04523777 -0.0187988 -0.1540033 -0.05901076 -0.04906485 -0.04971383 0 -0.02250063 0.7001422 0 -0.02250063 0 -0.04160334 -0.02475711 -0.03540739 0.3641548 0 -0.1191857 0 -0.1191857 -0.07501995 -0.06391969 -0.07501995 -0.04447465 -0.04447465 -0.04447465 0.09678779 0 0 0 -0.05145758 -0.05205548 0.1264803 0.05424879 -0.08359528 -0.05205548 -0.0526581 -0.03605476 0 -0.04572699 -0.05205548 -0.05390564 -0.05205548 0 -0.0847975 -0.05240879 -0.02982585 0.128727 0
0.6927897 -0.02212326 0 -0.03292456 -0.01909248 -0.02092442 -0.02592712 -0.03077287 -0.005701197 -0.1306763 0 -0.04070564 -0.178567 -0.04896536 -0.01819185 -0.02034611 -0.07493532 -0.02592712 -0.06015276 -0.02070832 -0.03917205 0 -0.04507155 -0.04360087 1.01 -0.04325786 -0.06447114 -0.04760394 0 0 -0.04654956 -0.0477362 0.8979721 -0.0208825 -0.02657017 -0.04098323 1 -0.05449509 -0.0286584 0.04445685 0 -0.03441001 -0.03441001 0 0 -0.04119649 -0.03924347 -0.09336107 -0.02290567 -0.01062526 -0.1244358 -0.02255177 0 -0.01629321 -0.1556814 -0.155135 0 0 0 -0.02264396 0 -0.05685478 0.166088 0 -0.05296888 -0.04669556 -0.04816408 -0.02785491 0 0 0.1467044 -0.02351331 -0.004418738 0.4206778 -0.01472921 -0.0276311 -0.04669556 0.4206778 0 -0.1071092 0.02913176 0.1284712 -0.01472921 0.5279033 -0.02611122 -0.009440157 -0.04816408 -0.04592098 -0.02295273 -0.04669556 0.08017588 0.2141432 0 0 0 0.4005895 -0.03005297 0.5279033 0 0 -0.08613668 0 0.458836 -0.02673982 -0.02410613 0 -0.04490929 -0.04693981 -0.02819831 -0.02576251 -0.01745251 -0.03264177 -0.04867664 -0.05700212 -0.05696339 0 -0.0150811 -0.04472543 0 -0.0150811 0 0.1058415 -0.01073916 -0.02804555 -0.08411796 0 -0.08277413 0 -0.08277413 0.065935 -0.04490929 0.065935 -0.03005297 -0.03005297 -0.03005297 0.04576228 0 0 0 -0.02809394 -0.04640402 0.01392582 0.08332709 -0.05099702 -0.04640402 -0.0472417 -0.01393843 0 -0.02532402 -0.04640402 -0.04738232 -0.04640402 0 -0.05344298 -0.02998532 -0.01939118 0.01622272 0
-0.05356334 -0.03135717 0 -0.0613742 -0.04852182 -0.04030288 -0.03158613 -0.05019712 -0.01153642 -0.2320878 0 -0.05639357 -0.3097863 -0.06317386 -0.04135558 -0.04077099 -0.121951 -0.03158613 -0.0784217 -0.04133259 -0.06526552 0 -0.06295192 0.9960262 -0.04325786 1.01 -0.1123512 -0.06596803 0 0 -0.06625104 -0.06619419 -0.0349457 -0.02434032 -0.05340983 0.9419732 -0.04325786 -0.07447526 -0.06135462 0.06952765 0 -0.07479498 -0.07479498 0 0 -0.06888549 -0.0567048 -0.1678044 -0.02973792 -0.0249962 -0.2342243 -0.04017506 0 -0.01749471 -0.2799947 -0.2802805 0 0 0 -0.04161449 0 -0.08287181 -0.1093815 0 -0.07524389 0.8012667 -0.05850967 -0.05631634 0 0 0.3595178 -0.04235675 -0.03043734 -0.04060199 -0.02775533 -0.0372002 0.8012667 -0.04060199 0 -0.1703243 -0.08381861 -0.04882538 -0.02775533 -0.02428687 -0.05575918 -0.005422881 -0.05850967 -0.06164599 -0.04083853 0.8012667 -0.0473596 -0.06388976 0 0 0 -0.04043545 -0.04400136 -0.02428687 0 0 0.3211868 0 -0.04127722 -0.02641662 -0.02568193 0 -0.06313162 -0.05899977 -0.04633488 -0.04474143 -0.0185632 -0.1565907 -0.05927352 -0.04947277 -0.05012504 0 -0.02230212 0.7037951 0 -0.02230212 0 -0.0409615 -0.02635006 -0.03498433 0.3662508 0 -0.1183354 0 -0.1183354 -0.0804104 -0.06313162 -0.0804104 -0.04400136 -0.04400136 -0.04400136 0.09524209 0 0 0 -0.05092807 -0.05235699 0.1259496 0.05316992 -0.08266835 -0.05235699 -0.05294678 -0.03571198 0 -0.04523645 -0.05235699 -0.05419623 -0.05235699 0 -0.08385506 -0.05202133 -0.03146628 0.1277295 0
-0.09416036 -0.08249589 0 0.4468502 -0.06882321 0.3959783 -0.06694037 0.109159 -0.03896953 -0.1339669 0 0.5044211 0.3419214 0.4085598 0.2558695 0.4007657 0.785264 -0.06694037 -0.1488353 0.3977634 -0.1433529 0 0.5546803 -0.1116098 -0.06447114 -0.1123512 1.01 0.6381822 0 0 0.6256925 0.6376895 -0.05963025 -0.0606831 -0.08244173 -0.1052333 -0.06447114 -0.1435787 0.5123442 0.1190871 0 0.5805282 0.5805282 0 0 -0.1241462 0.5006208 -0.3007185 0.3646838 -0.05025066 0.07190907 0.387586 0 0.269504 -0.02389052 -0.01966446 0 0 0 0.4237271 0 -0.1065773 -0.08708349 0 0.3084003 -0.02525479 0.4111508 -0.06535934 0 0 0.1763722 0.3663717 -0.02779532 0.01423448 -0.06574668 -0.01703425 -0.02525479 0.01423448 0 -0.05403499 0.2266933 -0.07324798 -0.06574668 0.04420218 -0.03365753 -0.02961309 0.4111508 -0.1201199 -0.0683262 -0.02525479 -0.1191298 -0.03092387 0 0 0 0.007908926 0.09640152 0.04420218 0 0 -0.07962173 0 -0.05203395 -0.04842793 0.3247571 0 -0.1154709 0.4103495 -0.05975268 0.3821105 0.10772 0.1791659 0.3991995 -0.1461206 -0.1464431 0 0.1195316 -0.009706392 0 0.1195316 0 -0.1067678 -0.0530386 -0.01774774 -0.1331594 0 0.2914616 0 0.2914616 -0.1344519 -0.1154709 -0.1344519 0.09640152 0.09640152 0.09640152 0.1938478 0 0 0 -0.06610697 0.3566729 0.0585231 0.1813229 -0.130245 0.3566729 0.3521171 -0.05294925 0 0.3765913 0.3566729 0.3528931 0.3566729 0 -0.133492 -0.06530834 0.0690488 0.06558164 0
-0.0620347 -0.05407289 0 0.2076158 -0.03452557 -0.0363402 -0.03904287 -0.05611122 -0.0341831 -0.08421788 0 0.782871 0.2129782 0.6679891 -0.04044064 -0.03520816 0.5634013 -0.03904287 -0.09553802 -0.03591722 -0.09882878 0 0.8564663 -0.06582564 -0.04760394 -0.06596803 0.6381822 1.01 0 0 0.9817962 0.9958241 -0.04311208 -0.03799305 -0.06093068 -0.06265578 -0.04760394 -0.08970979 -0.05573698 0.05833902 0 -0.06935392 -0.06935392 0 0 -0.08400748 0.7743549 -0.1966057 0.5608017 -0.03482857 -0.2608186 -0.03485409 0 0.4374387 -0.3277751 -0.3288979 0 0 0 -0.04199629 0 -0.1044844 -0.07340343 0 0.5373561 0.05488916 0.6622461 -0.0413944 0 0 0.4122016 -0.02743358 -0.02502986 0.07322295 -0.05379082 0.03914415 0.05488916 0.07322295 0 -0.137272 0.4305816 -0.04724329 -0.05379082 0.09651374 -0.04126918 -0.01969897 0.6622461 -0.07271594 -0.04379431 0.05488916 -0.08033456 -0.02565897 0 0 0 0.06534368 -0.05143731 0.09651374 0 0 -0.04002765 0 -0.02864973 -0.03711237 -0.03192648 0 -0.06850042 0.6601518 -0.03965948 0.04428329 -0.01510889 0.2361905 0.6471132 -0.09881918 -0.09874351 0 -0.01651519 0.06781755 0 -0.01651519 0 -0.06997246 -0.03996512 0.03780964 -0.03520963 0 0.3241494 0 0.3241494 -0.08895536 -0.06850042 -0.08895536 -0.05143731 -0.05143731 -0.05143731 0.1611989 0 0 0 -0.04187856 0.5839827 0.1748408 0.1100803 -0.07901856 0.5839827 0.5779976 -0.0390884 0 0.0455274 0.5839827 0.5786739 0.5839827 0 -0.08273994 -0.04553902 -0.03586981 0.182503 0
0 0 0 0 0 0 0 0 0 0 0 0 0 0 0 0 0 0 0 0 0 0 0 0 0 0 0 0 1.01 0 0 0 0 0 0 0 0 0 0 0 0 0 0 0 0 0 0 0 0 0 0 0 0 0 0 0 0 0 0 0 0 0 0 0 0 0 0 0 0 0 0 0 0 0 0 0 0 0 0 0 0 0 0 0 0 0 0 0 0 0 0 0 0 0 0 0 0 0 0 0 0 0 0 0 0 0 0 0 0 0 0 0 0 0 0 0 0 0 0 0 0 0 0 0 0 0 0 0 0 0 0 0 0 0 0 0 0 0 0 0 0 0 0 0 0 0 0 0 0 0 0 0 0 0 0 0 0 0
0 0 0 0 0 0 0 0 0 0 0 0 0 0 0 0 0 0 0 0 0 0 0 0 0 0 0 0 0 1.01 0 0 0 0 0 0 0 0 0 0 0 0 0 0 0 0 0 0 0 0 0 0 0 0 0 0 0 0 0 0 0 0 0 0 0 0 0 0 0 0 0 0 0 0 0 0 0 0 0 0 0 0 0 0 0 0 0 0 0 0 0 0 0 0 0 0 0 0 0 0 0 0 0 0 0 0 0 0 0 0 0 0 0 0 0 0 0 0 0 0 0 0 0 0 0 0 0 0 0 0 0 0 0 0 0 0 0 0 0 0 0 0 0 0 0 0 0 0 0 0 0 0 0 0 0 0 0 0
-0.06352927 -0.003347258 0 0.2051827 -0.03460105 -0.03729692 -0.04215461 -0.05826364 -0.03532059 -0.08970642 0 0.7693651 0.1996632 0.6553743 -0.040002 -0.03615153 0.5506796 -0.04215461 -0.09971862 -0.03686895 -0.09892438 0 0.8425879 -0.0661338 -0.04654956 -0.06625104 0.6256925 0.9817962 0 0 1.01 0.9806679 -0.04159165 -0.03645528 -0.06064241 -0.06262389 -0.04654956 -0.06559362 -0.05849537 0.05917515 0 -0.07160889 -0.07160889 0 0 -0.0843863 0.7609599 -0.1997262 0.5505891 -0.03474298 -0.2645713 -0.03591292 0 0.4325954 -0.333055 -0.3341721 0 0 0 -0.04316052 0 -0.08020291 -0.05238468 0 0.5283267 0.05312357 0.6516042 -0.04210098 0 0 0.403197 -0.02874288 -0.02603219 0.06859474 -0.05442406 0.03738385 0.05312357 0.06859474 0 -0.1249751 0.4230242 -0.04629341 -0.05442406 0.09682597 -0.0434496 -0.01673601 0.6516042 -0.04437831 -0.04244417 0.05312357 -0.08167055 -0.0265245 0 0 0 0.06077922 -0.05470087 0.09682597 0 0 -0.04344361 0 -0.03180589 -0.03851687 -0.03356863 0 -0.03988693 0.6495218 -0.04019854 0.04271891 -0.01628076 0.2447827 0.6365552 -0.1010528 -0.1009761 0 -0.01757171 0.06637083 0 -0.01757171 0 -0.06989931 -0.03964432 0.03604382 -0.03842867 0 0.3358417 0 0.3358417 -0.09206348 -0.03988693 -0.09206348 -0.05470087 -0.05470087 -0.05470087 0.1648845 0 0 0 -0.04259185 0.5745341 0.180409 0.1131412 -0.05393226 0.5745341 0.5694067 -0.03784397 0 0.04397139 0.5745341 0.5692346 0.5745341 0 -0.05812407 -0.0475723 -0.03557417 0.1880766 0
