1.01 -0.1086718 -0.1707665 0.704724 0.5212835 -0.1556565 -0.06951491 -0.05873096 -0.05566209 0 -0.1556565 -0.06906369 0 -0.1327691 0 -0.132403 -0.2056495 0.2888731 0.996631 -0.04035234 -0.06951491 0.9419437 -0.09510106 -0.03774203 -0.09510106 -0.1649634 0 -0.03827251 0.157645 -0.09494657 -0.06245505 -0.1957188 -0.03766508 -0.09362329 -0.1957188 -0.09291503 -0.07739756 -0.09510106 0 -0.02708538 -0.06951491 -0.06951491 -0.1581202 -0.1972671 -0.06564099 -0.1973171 -0.09697854 -0.1581202 -0.09697854 -0.1973438 -0.1581202 -0.09697854 -0.03122944 0.7132216 -0.05996408 0.281075 -0.05960934 0.441074 -0.2067806 0.2672061 -0.04976063 -0.05976082 -0.03728872 0.2758642 -0.2492286 -0.2492286 -0.2505313 -0.1269925 -0.1487894 0.9647331 -0.2974235 -0.02951908 -0.06258453 -0.04035234 -0.1591727 0.8353301 -0.03089443 -0.1208955 -0.09694274 -0.03829681 0 -0.07982663 -0.06951491 -0.09694274 0.5074514 0.161047 -0.06981991 -0.1793213 0.5871064 -0.2199383 0 -0.1919492 -0.2217404 0.04600347 -0.1918452 -0.07496756 -0.03073382 -0.2229822 0 -0.1918155 -0.0480649 -0.1918155 -0.06289169 -0.0269078 -0.122248 -0.09446206 -0.03073382 -0.09364302 0.8453923 0.04600347 -0.09331115 0.0952805 -0.1786963 -0.1523758 0.09610456 -0.1785479 -0.1947457 -0.04185677 -0.184277 -0.06979499 -0.1140556 0.009997841 0.1870613 0.5093572 -0.1848474 -0.04514821 -0.1912345 -0.03390261 0 -0.04586323 -0.184277 0.2658448 0.009331028 -0.03319877 -0.2117085 -0.1008189 -0.184277 0 -0.184277 -0.184277 -0.184277 -0.1140556 -0.04818368 -0.184277 -0.03027462 0 -0.184277 -0.05227752 0.1007998 -0.184277 -0.1850244 0 -0.1912345 0.009997841 0.009997841 0 -0.01401321 -0.1618875 -0.03027462 -0.2142037 -0.0372873 -0.0539765 -0.04883649 -0.06979499 0.009997841 0 0.24797 0 0.00974859 0.009997841 0.009004456 -0.03249157 -0.09034223 0.009997841 0.009997841 -0.1912345 0.009997841 0.009997841 -0.02951908 0.00974859 0.0007335137 0 0.009997841 -0.0828916 -0.0828916 0.009499945 -0.0850301 -0.2209035 0 -0.03073382 -0.08275196 0.009499945 -0.1912345 0.1217375 0.2471702 -0.05681196 0.009997841 0.1236637 -0.07684336 0.008020588 -0.02399434 -0.003705713 -0.01086079 -0.06703283 0.1612875 -0.1550412 -0.05990231 0.0102477 0.1586674 0 0.0102477 0 0 0.2323327 0.0102477
-0.1086718 1.01 0.05703072 -0.07670743 -0.03478517 -0.135828 -0.05691002 0.4309024 0.4798208 0 -0.135828 -0.06836729 0 -0.1092601 0 -0.1105168 -0.2133637 0.2894119 -0.1072651 -0.0487409 -0.05691002 -0.1030264 0.8647727 0.173409 0.8647727 -0.147293 0 -0.05689124 0.02266516 0.8603174 -0.06228656 0.3981131 0.3883954 0.8628999 0.3981131 0.8050369 0.6106487 0.8647727 0 0.4814653 -0.05691002 -0.05691002 -0.1382157 0.3930307 -0.07159751 0.3924917 0.8321389 -0.1382157 0.8321389 0.3929522 -0.1382157 0.8321389 0.2789104 -0.07348133 -0.0640653 0.3028022 -0.06494862 -0.1008868 -0.214113 0.2979311 -0.04279511 -0.06508632 0.2171566 0.2613551 -0.1364706 -0.1364706 -0.1370658 -0.06259917 -0.08509178 -0.1033641 0.3545889 0.1969909 -0.06489192 -0.0487409 -0.139078 -0.0590633 -0.03151351 -0.09877345 0.9057351 0.1644497 0 0.9257111 -0.05691002 0.9057351 -0.1788568 0.03170067 -0.0572358 -0.1279931 -0.1572014 0.3718761 0 -0.1676755 0.3698992 0.1964484 -0.1686466 -0.0701471 0.3846374 0.3689616 0 -0.1686151 -0.05647048 -0.1686151 -0.07374682 -0.02649133 -0.1042416 0.9008312 0.3846374 0.9036341 -0.1150768 0.1964484 0.9025808 0.136686 -0.1524097 -0.1356531 0.1354974 -0.1522052 -0.04587478 -0.0510262 -0.04715669 -0.05719016 -0.09837093 0.3875485 -0.01133887 -0.1810931 -0.04743777 -0.03796933 -0.1681003 -0.02165096 0 -0.0388904 -0.04715669 -0.02092989 0.3768355 0.2602702 0.2526346 -0.07846054 -0.04715669 0 -0.04715669 -0.04715669 -0.04715669 -0.09837093 -0.06893858 -0.04715669 0.2716184 0 -0.04715669 -0.04478014 0.147088 -0.04715669 -0.04800876 0 -0.1681003 0.3875485 0.3875485 0 -0.03571865 -0.1389155 0.2716184 0.2990561 0.3133147 0.1727213 -0.05697754 -0.05719016 0.3875485 0 0.1445844 0 0.3881327 0.3875485 0.3848232 0.3793183 0.8264652 0.3875485 0.3875485 -0.1681003 0.3875485 0.3875485 0.1969909 0.3868638 0.3529973 0 0.3875485 0.7388622 0.7388622 0.3861814 0.7180511 0.1883115 0 0.3846374 0.7355297 0.3861814 -0.1681003 0.1432234 0.1438935 -0.05077774 0.3875485 0.2511077 0.6827012 0.3821333 0.2080753 0.4398307 0.4234327 0.8297918 -0.1156784 -0.1309928 -0.03835983 0.3869637 -0.1734889 0 0.3869637 0 0 -0.1502868 0.3869637
-0.1707665 0.05703072 1.01 -0.1157609 -0.1617445 0.9046282 -0.08813998 0.3590105 0.323127 0 0.9046282 -0.1070059 0 -0.1842328 0 -0.1840811 -0.3293292 0.4424566 -0.1699631 -0.06006419 -0.08813998 -0.1569583 -0.1074883 0.2255631 -0.1074883 0.8535611 0 -0.07679819 0.1915513 -0.1088244 -0.08336933 0.7207922 -0.07176976 -0.1082941 0.7207922 -0.1018793 -0.1065173 -0.1074883 0 -0.07906454 -0.08813998 -0.08813998 0.8958603 0.7366105 -0.1062312 0.7356271 -0.06841683 0.8958603 -0.06841683 0.7364891 0.8958603 -0.06841683 0.1906409 -0.1148693 -0.08496979 0.4468978 -0.08296405 0.6584015 -0.3296481 0.44853 -0.05306342 -0.08318806 0.05842635 0.4372477 0.5683444 0.5683444 0.5642653 -0.1480398 -0.1781263 -0.1633317 0.5216829 0.131592 -0.08637855 -0.06006419 0.8888729 -0.1450424 -0.04127989 -0.1745979 -0.0257741 -0.04125266 0 0.003713754 -0.08813998 -0.0257741 -0.2876261 -0.04395558 -0.08863485 -0.2742671 -0.2570457 -0.2726893 0 -0.2795712 -0.2549701 0.1166128 -0.2804776 -0.0904824 -0.07241114 -0.256774 0 -0.2804346 -0.07376445 -0.2804346 0.2980572 -0.03846697 -0.1770554 -0.02726265 -0.07241114 -0.02633257 -0.1803064 0.1166128 -0.02686521 0.181017 -0.2711006 0.8610278 0.1835881 -0.2713891 -0.2139572 -0.06465496 -0.2866825 -0.08783129 -0.1664015 -0.03949127 -0.04313824 -0.2562501 -0.2879905 0.2458738 -0.2804686 0.1796107 0 -0.06164123 -0.2866825 -0.04966778 -0.04427755 0.1842813 -0.3000964 -0.1460328 -0.2866825 0 -0.2866825 -0.2866825 -0.2866825 -0.1664015 -0.08951026 -0.2866825 -0.03777196 0 -0.2866825 -0.05884406 0.2023919 -0.2866825 -0.2871637 0 -0.2804686 -0.03949127 -0.03949127 0 0.01124716 0.8060812 -0.03777196 -0.3030607 0.2296659 -0.1162847 -0.07309904 -0.08783129 -0.03949127 0 -0.5046768 0 -0.03887179 -0.03949127 -0.03976943 -0.07257059 0.03680549 -0.03949127 -0.03949127 -0.2804686 -0.03949127 -0.03949127 0.131592 -0.03979068 -0.04754146 0 -0.03949127 -0.06265867 -0.06265867 -0.04008945 -0.03553448 -0.296222 0 -0.07241114 -0.06316948 -0.03917165 -0.2804686 -0.3280403 -0.5136908 -0.06301903 -0.03949127 -0.3367581 -0.05240385 -0.03457778 0.1447233 0.03819479 0.06319242 -0.006954098 -0.1972365 0.6356021 0.1821268 -0.03919121 -0.2416351 0 -0.03919121 0 0 -0.2597042 -0.03919121
0.704724 -0.07670743 -0.1157609 1.01 0.3580999 -0.1061871 -0.05813532 -0.03834774 -0.03763206 0 -0.1061871 -0.05806245 0 -0.1050178 0 -0.104759 -0.1343194 0.1977426 0.7071342 -0.03242256 -0.05813532 0.7515946 -0.06975207 -0.02213753 -0.06975207 -0.1145845 0 -0.04001549 0.1132632 -0.06885596 -0.04287025 -0.1365704 -0.01973041 -0.06749612 -0.1365704 -0.06737336 -0.05972128 -0.06975207 0 0.0003576376 -0.05813532 -0.05813532 -0.1080113 -0.1375122 -0.04966231 -0.1373212 -0.07072079 -0.1080113 -0.07072079 -0.1375683 -0.1080113 -0.07072079 -0.0210148 0.9882539 -0.04176109 0.2214508 -0.04075063 0.3449521 -0.1358204 0.199457 -0.03005116 -0.04086349 -0.02566855 0.2077043 -0.1935303 -0.1935303 -0.1952684 -0.09927594 -0.1175714 0.7331163 -0.2290328 -0.02233379 -0.04529507 -0.03242256 -0.1077385 0.6208315 -0.01682184 -0.09706082 -0.07012294 -0.02360832 0 -0.07679594 -0.05813532 -0.07012294 0.3838705 -0.01605641 -0.05833005 -0.1286218 0.4485244 -0.1595812 0 -0.1242388 -0.160434 -0.03116479 -0.124495 -0.05312136 -0.02072806 -0.1615952 0 -0.1244698 -0.0367608 -0.1244698 -0.04287826 -0.01673575 -0.09862494 -0.07111194 -0.02072806 -0.07051814 0.6490921 -0.03116479 -0.07074102 0.09891196 -0.128163 -0.1055888 0.09761032 -0.1281091 -0.1383141 -0.0334569 -0.1316041 -0.05832923 -0.09326576 -0.03421242 -0.01434827 0.3870493 -0.132077 -0.02979057 -0.1237734 -0.02385346 0 -0.03266386 -0.1316041 -0.02481877 -0.03471179 -0.02530301 -0.1535293 -0.08348818 -0.1316041 0 -0.1316041 -0.1316041 -0.1316041 -0.09326576 -0.03004696 -0.1316041 -0.02236066 0 -0.1316041 -0.03639471 0.1005254 -0.1316041 -0.13194 0 -0.1237734 -0.03421242 -0.03421242 0 -0.00891993 -0.1110621 -0.02236066 -0.1548394 -0.02580793 -0.03429539 -0.03810452 -0.05832923 -0.03421242 0 0.1955291 0 -0.03434532 -0.03421242 -0.03474248 -0.02203276 -0.06812715 -0.03421242 -0.03421242 -0.1237734 -0.03421242 -0.03421242 -0.02233379 -0.03434532 -0.03719719 0 -0.03421242 -0.06378218 -0.06378218 -0.03447796 -0.06600802 -0.1477504 0 -0.02072806 -0.06421587 -0.03447796 -0.1237734 0.3060448 0.1948597 -0.0415604 -0.03421242 0.2942071 -0.05948582 -0.03526849 -0.01835658 -0.03982715 -0.04342698 -0.0726426 0.328227 -0.1067872 -0.04314765 -0.03407926 0.3422672 0 -0.03407926 0 0 0.4060944 -0.03407926
0.5212835 -0.03478517 -0.1617445 0.3580999 1.01 -0.2847852 0.2893679 0.2451583 0.2098517 0 -0.2847852 -0.1453143 0 0.5974098 0 0.5990023 -0.4168393 0.5728098 0.5226973 -0.07312431 0.2893679 0.4880821 -0.146126 0.1272931 -0.146126 -0.2164705 0 -0.09471978 0.2753577 -0.1467254 -0.1088959 -0.329471 -0.07604263 -0.1449388 -0.329471 -0.1403637 -0.1454589 -0.146126 0 -0.06881535 0.2893679 0.2893679 -0.2757446 -0.3089546 -0.1326854 -0.3072092 -0.1122733 -0.2757446 -0.1122733 -0.3091009 -0.2757446 -0.1122733 0.157536 0.3658143 -0.1080004 0.5344181 -0.107392 0.110228 -0.4188091 0.5326174 -0.07523638 -0.1076843 0.05491341 0.5432379 0.2802356 0.2802356 0.2770387 0.564533 0.6470205 0.5028859 0.2187638 0.1105269 -0.1095412 -0.07312431 -0.277648 0.434345 0.1141105 0.5655968 -0.1005911 -0.06742408 0 -0.06202362 0.2893679 -0.1005911 0.8222083 0.09298436 0.2878286 -0.3529826 0.786781 -0.3860972 0 -0.3673195 -0.3715844 0.1402646 -0.3679966 -0.132217 -0.07109762 -0.3732215 0 -0.3679411 0.1817321 -0.3679411 -0.09866003 0.1391949 0.5478775 -0.09924611 -0.07109762 -0.09838258 0.4071553 0.1402646 -0.09859987 0.2353415 -0.3485883 -0.2550656 0.1890198 -0.3492105 -0.3726623 0.1453954 -0.3628819 0.288228 0.5057423 -0.0116677 0.109688 0.7819456 -0.3587585 -0.08117684 -0.3668774 -0.05670405 0 -0.08053877 -0.3628819 0.148458 -0.01181267 0.1478535 -0.3996333 0.4693877 -0.3628819 0 -0.3628819 -0.3628819 -0.3628819 0.5057423 -0.09318602 -0.3628819 -0.05645361 0 -0.3628819 -0.06788233 0.2111976 -0.3628819 -0.3632711 0 -0.3668774 -0.0116677 -0.0116677 0 -0.05592887 -0.1919958 -0.05645361 -0.409256 0.1860617 -0.1194736 0.177476 0.288228 -0.0116677 0 0.291712 0 -0.01049916 -0.0116677 -0.009410025 -0.07157321 -0.04809366 -0.0116677 -0.0116677 -0.3668774 -0.0116677 -0.0116677 0.1105269 -0.01210474 0.01607775 0 -0.0116677 -0.1350086 -0.1350086 -0.01013524 -0.1406945 -0.4124797 0 -0.07109762 -0.1342387 -0.01093708 -0.3668774 -0.2274053 0.3004162 -0.09635113 -0.0116677 -0.2290336 -0.121884 -0.01513597 0.1251188 0.05865319 0.03999839 -0.07329554 -0.1803077 -0.1765331 -0.06649994 -0.01122964 -0.1358247 0 -0.01122964 0 0 -0.08455893 -0.01122964
-0.1556565 -0.135828 0.9046282 -0.1061871 -0.2847852 1.01 -0.08183622 -0.07301719 -0.06556657 0 1 -0.09347617 0 -0.1701377 0 -0.1700697 -0.2962934 0.3968106 -0.1550058 -0.05005993 -0.08183622 -0.142652 -0.1205353 -0.05172163 -0.1205353 0.9493083 0 -0.06628779 0.165065 -0.1215581 -0.07241569 0.7965704 -0.06482811 -0.1212291 0.7965704 -0.11629 -0.09475853 -0.1205353 0 -0.0689464 -0.08183622 -0.08183622 0.9912402 0.7847552 -0.0969586 0.7838582 -0.1248008 0.9912402 -0.1248008 0.7846445 0.9912402 -0.1248008 -0.03622903 -0.1064793 -0.07283514 0.4393585 -0.07099618 0.6597004 -0.2964427 0.4026568 -0.04560572 -0.07120158 -0.03866197 0.3886905 0.5825554 0.5825554 0.5788829 -0.1646299 -0.1897237 -0.1487489 0.488606 -0.02971774 -0.07368659 -0.05005993 0.9841124 -0.1714298 -0.04008016 -0.1619146 -0.1240658 -0.03707238 0 -0.1369618 -0.08183622 -0.1240658 -0.2708778 -0.04439374 -0.08227447 -0.2776522 -0.2362129 -0.3292436 0 -0.2733567 -0.3319494 -0.04465221 -0.2740709 -0.07847321 -0.06523379 -0.3334622 0 -0.2740367 -0.06046458 -0.2740367 0.3244726 -0.03980483 -0.1643045 -0.1248145 -0.06523379 -0.1242604 -0.1629802 -0.04465221 -0.1246643 0.1575474 -0.2777802 0.9494782 0.1620157 -0.2782236 -0.219765 -0.05236813 -0.2915256 -0.0814323 -0.1523055 -0.07538384 -0.04104543 -0.2285841 -0.2925639 0.2737408 -0.2743037 0.1993918 0 -0.05587732 -0.2915256 -0.04370816 -0.07873802 -0.05548586 -0.3214465 -0.1379682 -0.2915256 0 -0.2915256 -0.2915256 -0.2915256 -0.1523055 -0.07916722 -0.2915256 -0.03599756 0 -0.2915256 -0.05027831 0.1782897 -0.2915256 -0.2920278 0 -0.2743037 -0.07538384 -0.07538384 0 0.02328953 0.8894475 -0.03599756 -0.3243355 -0.04614066 -0.1034351 -0.05937517 -0.0814323 -0.07538384 0 -0.503075 0 -0.07560717 -0.07538384 -0.07529632 -0.06614079 -0.1075954 -0.07538384 -0.07538384 -0.2743037 -0.07538384 -0.07538384 -0.02971774 -0.07560717 -0.07872144 0 -0.07538384 -0.09793075 -0.09793075 -0.07583009 -0.06750071 -0.3069803 0 -0.06523379 -0.09815788 -0.07484936 -0.2743037 -0.3330009 -0.5123892 -0.05434469 -0.07538384 -0.3517706 -0.09071697 -0.06936838 -0.02680311 -0.08047546 -0.04854244 -0.1071429 -0.1860203 0.7051295 0.2050822 -0.07516011 -0.2737961 0 -0.07516011 0 0 -0.2405795 -0.07516011
-0.06951491 -0.05691002 -0.08813998 -0.05813532 0.2893679 -0.08183622 1.01 -0.02703938 -0.02712891 0 -0.08183622 -0.03869517 0 -0.06044397 0 -0.05935231 -0.1155718 0.16634 -0.06906618 -0.03516705 1 -0.06772045 -0.04996651 -0.01438283 -0.04996651 0.07517252 0 -0.01761602 0.03543639 -0.05061534 -0.0309109 -0.1022424 -0.02803628 -0.04796499 -0.1022424 -0.04729989 -0.04602536 -0.04996651 0 -0.03359496 1 1 -0.08240501 -0.1018797 -0.0346568 -0.1021288 -0.04903788 -0.08240501 -0.04903788 -0.1019216 -0.08240501 -0.04903788 -0.02845199 -0.05686021 -0.02835407 0.1812451 -0.02931125 -0.1289866 -0.1159946 0.1689065 -0.01175347 -0.02939644 0.0242271 0.1746162 0.2439939 0.2439939 0.2430838 -0.05838063 0.4330254 -0.06826267 0.2078164 -0.03173396 -0.02872616 -0.03516705 -0.08320605 -0.0715276 -0.01091986 -0.05705339 -0.04893459 -0.01170951 0 -0.05393374 1 -0.04893459 0.3049584 -0.007114292 0.9975363 -0.1121649 -0.09379491 -0.1318844 0 -0.1108994 -0.1321586 -0.01312087 -0.1108097 -0.03192375 -0.02631043 -0.1330224 0 -0.1107949 -0.02538916 -0.1107949 -0.02893072 -0.01161512 -0.0559584 -0.0485917 -0.02631043 -0.04813903 -0.07060328 -0.01312087 -0.04830895 0.08128916 -0.1112023 -0.07914251 0.08016228 -0.1115145 -0.1201649 -0.02833579 -0.1167691 0.9983497 -0.05355354 -0.02888876 -0.01212994 0.313645 -0.117452 -0.01885769 -0.1102751 -0.02453128 0 -0.03301373 -0.1167691 -0.01858322 -0.02832143 -0.01441076 -0.1314659 -0.04534653 -0.1167691 0 -0.1167691 -0.1167691 -0.1167691 -0.05355354 -0.02993746 -0.1167691 -0.007651395 0 -0.1167691 -0.01424622 0.08100679 -0.1167691 -0.1173526 0 -0.1102751 -0.02888876 -0.02888876 0 -0.02572202 -0.07970102 -0.007651395 -0.130493 -0.008870751 -0.04210007 -0.02641464 0.9983497 -0.02888876 0 0.1495833 0 -0.02692219 -0.02888876 -0.02926889 -0.0271521 -0.03914898 -0.02888876 -0.02888876 -0.1102751 -0.02888876 -0.02888876 -0.03173396 -0.02898406 -0.02843266 0 -0.02888876 -0.04150738 -0.04150738 -0.02701975 -0.04476188 -0.1244189 0 -0.02631043 -0.04185188 -0.02907918 -0.1102751 -0.1477912 0.1478341 -0.03505844 -0.02888876 -0.1548376 -0.04140817 -0.02964624 -0.02987843 -0.02832331 -0.0415126 -0.05694351 -0.143349 -0.07968931 -0.03374503 -0.02879328 -0.1367535 0 -0.02879328 0 0 -0.1090311 -0.02879328
-0.05873096 0.4309024 0.3590105 -0.03834774 0.2451583 -0.07301719 -0.02703938 1.01 0.899715 0 -0.07301719 -0.04569625 0 -0.05853038 0 -0.05832443 -0.1217957 0.1663976 -0.05827609 -0.03092728 -0.02703938 -0.05489759 0.01243138 0.6410922 0.01243138 -0.08150747 0 -0.03454837 0.0867648 0.01154475 -0.03650573 -0.05771372 -0.02597817 0.01206497 -0.05771372 0.01625993 -0.04174471 0.01243138 0 -0.03402968 -0.02703938 -0.02703938 -0.07435134 0.005175778 -0.03625731 0.004838812 0.1132012 -0.07435134 0.1132012 0.005134165 -0.07435134 0.1132012 0.5254457 -0.03562169 -0.03933234 0.08361499 -0.03866591 0.0960193 -0.122215 0.1678071 -0.02429937 -0.03874031 0.2213856 0.1719906 0.05422044 0.05422044 0.0527175 0.01410122 -0.001349982 -0.05646013 0.150769 0.3730097 -0.04076432 -0.03092728 -0.07509347 0.03600644 -0.008825734 -0.05399198 0.2113777 -0.01534872 0 0.3086214 -0.02703938 0.2113777 -0.07986601 -0.005640731 -0.02723766 -0.03377013 -0.08421872 0.08290149 0 -0.05558862 0.1302905 0.3706626 -0.05614578 -0.03988533 -0.02659063 0.1293822 0 -0.05611972 -0.04020146 -0.05611972 -0.01309139 -0.002846328 -0.05450912 0.2095339 -0.02659063 0.2104969 -0.06501665 0.3706626 0.2101351 0.07857668 -0.02608025 -0.06440715 0.07480819 -0.02578407 -0.01940875 -0.03661517 -0.03244148 -0.02720155 -0.05585494 0.0726708 -0.01106053 -0.09906329 -0.0332286 -0.02410587 -0.05561479 -0.01634848 0 -0.02187819 -0.03244148 -0.02050886 0.06881595 0.5527341 0.001692653 -0.0395883 -0.03244148 0 -0.03244148 -0.03244148 -0.03244148 -0.05585494 -0.03609069 -0.03244148 -0.009557461 0 -0.03244148 -0.02759387 0.08317155 -0.03244148 -0.03246786 0 -0.05561479 0.0726708 0.0726708 0 -0.02468259 -0.061524 -0.009557461 0.001082652 0.6384714 -0.04560011 -0.04103005 -0.02720155 0.0726708 0 -0.07928847 0 0.07460946 0.0726708 0.07182823 -0.02497752 0.3217483 0.0726708 0.0726708 -0.05561479 0.0726708 0.0726708 0.3730097 0.07245923 0.06114195 0 0.0726708 0.06783323 0.06783323 0.07224828 0.06466669 -0.02092041 0 -0.02659063 0.06713532 0.07224828 -0.05561479 -0.03839444 -0.07998466 -0.02845858 0.0726708 -0.0176909 0.07603261 0.07099539 0.3973547 0.2656097 0.2541756 0.2183579 -0.05417855 -0.05681721 -0.02292221 0.07288299 0.03414577 0 0.07288299 0 0 -0.08087734 0.07288299
-0.05566209 0.4798208 0.323127 -0.03763206 0.2098517 -0.06556657 -0.02712891 0.899715 1.01 0 -0.06556657 -0.03996698 0 -0.05310985 0 -0.05292293 -0.1092397 0.1449844 -0.05414967 -0.03115934 -0.02712891 -0.05332383 0.01726921 0.397375 0.01726921 -0.07371482 0 -0.0337076 0.07383938 0.01643925 -0.03035506 -0.04817119 -0.02300543 0.01692806 -0.04817119 0.02064258 -0.04319793 0.01726921 0 -0.03168122 -0.02712891 -0.02712891 -0.06677969 -0.04105019 -0.03343005 -0.04131405 0.02757189 -0.06677969 0.02757189 -0.04108753 -0.06677969 0.02757189 0.5801181 -0.03492861 -0.03357922 0.1194998 -0.03295919 0.06926933 -0.109619 0.1462118 -0.0214667 -0.03302841 0.2442514 0.1494419 0.06750842 0.06750842 0.06621309 0.02759836 0.01083012 -0.05427717 0.1767278 0.4113932 -0.03462494 -0.03115934 -0.06730126 0.04959046 -0.01013876 -0.04834196 0.2382828 -0.01325565 0 0.3468253 -0.02712891 0.2382828 -0.09103993 -0.001710035 -0.02729902 -0.01260568 -0.07945226 0.1174858 0 -0.09561909 0.1152942 0.4127262 -0.09610327 -0.03153963 -0.02356663 0.1144706 0 -0.09608996 -0.03819706 -0.09608996 -0.006959933 -0.004935696 -0.05035869 0.2364097 -0.02356663 0.2373781 -0.06268325 0.4127262 0.2370143 0.06437665 -0.0624629 -0.05513178 0.061883 -0.06203794 -0.05110199 -0.03551054 -0.06733095 -0.02727235 -0.05080397 0.08687605 -0.008133798 -0.09327878 -0.06798677 -0.0212922 -0.09563248 -0.01219729 0 -0.01723211 -0.06733095 -0.01664526 0.0828681 0.5494799 -0.027556 -0.03508723 -0.06733095 0 -0.06733095 -0.06733095 -0.06733095 -0.05080397 -0.03463368 -0.06733095 -0.009221077 0 -0.06733095 -0.02406767 0.07062047 -0.06733095 -0.06789376 0 -0.09563248 0.08687605 0.08687605 0 -0.02168978 -0.05340032 -0.009221077 -0.02819354 0.633071 -0.04225598 -0.03893079 -0.02727235 0.08687605 0 -0.1037421 0 0.08901875 0.08687605 0.08601289 -0.02165107 0.3580844 0.08687605 0.08687605 -0.09563248 0.08687605 0.08687605 0.4113932 0.08665928 0.07509485 0 0.08687605 0.07686196 0.07686196 0.08644317 0.0726737 -0.0547187 0 -0.02356663 0.07617709 0.08644317 -0.09563248 -0.07083999 -0.1042831 -0.02340631 0.08687605 -0.04590838 0.08554556 0.08516004 0.4374878 0.2964542 0.2864099 0.2464156 -0.0874066 -0.04894761 -0.02022594 0.08709348 -0.009572532 0 0.08709348 0 0 -0.08620995 0.08709348
0 0 0 0 0 0 0 0 0 1.01 0 0 0 0 0 0 0 0 0 0 0 0 0 0 0 0 0 0 0 0 0 0 0 0 0 0 0 0 0 0 0 0 0 0 0 0 0 0 0 0 0 0 0 0 0 0 0 0 0 0 0 0 0 0 0 0 0 0 0 0 0 0 0 0 0 0 0 0 0 0 0 0 0 0 0 0 0 0 0 0 0 0 0 0 0 0 0 0 0 0 0 0 0 0 0 0 0 0 0 0 0 0 0 0 0 0 0 0 0 0 0 0 0 0 0 0 0 0 0 0 0 0 0 0 0 0 0 0 0 0 0 0 0 0 0 0 0 0 0 0 0 0 0 0 0 0 0 0 0 0 0 0 0 0 0 0 0 0 0 0 0 0 0 0 0 0 0 0 0 0 0 0 0 0 0 0 0 0 0 0 0 0 0 0 0 0 0 0 0 0 0 0 0 0 0 0 0 0 0 0 0 0 0 0 0
-0.1556565 -0.135828 0.9046282 -0.1061871 -0.2847852 1 -0.08183622 -0.07301719 -0.06556657 0 1.01 -0.09347617 0 -0.1701377 0 -0.1700697 -0.2962934 0.3968106 -0.1550058 -0.05005993 -0.08183622 -0.142652 -0.1205353 -0.05172163 -0.1205353 0.9493083 0 -0.06628779 0.165065 -0.1215581 -0.07241569 0.7965704 -0.06482811 -0.1212291 0.7965704 -0.11629 -0.09475853 -0.1205353 0 -0.0689464 -0.08183622 -0.08183622 0.9912402 0.7847552 -0.0969586 0.7838582 -0.1248008 0.9912402 -0.1248008 0.7846445 0.9912402 -0.1248008 -0.03622903 -0.1064793 -0.07283514 0.4393585 -0.07099618 0.6597004 -0.2964427 0.4026568 -0.04560572 -0.07120158 -0.03866197 0.3886905 0.5825554 0.5825554 0.5788829 -0.1646299 -0.1897237 -0.1487489 0.488606 -0.02971774 -0.07368659 -0.05005993 0.9841124 -0.1714298 -0.04008016 -0.1619146 -0.1240658 -0.03707238 0 -0.1369618 -0.08183622 -0.1240658 -0.2708778 -0.04439374 -0.08227447 -0.2776522 -0.2362129 -0.3292436 0 -0.2733567 -0.3319494 -0.04465221 -0.2740709 -0.07847321 -0.06523379 -0.3334622 0 -0.2740367 -0.06046458 -0.2740367 0.3244726 -0.03980483 -0.1643045 -0.1248145 -0.06523379 -0.1242604 -0.1629802 -0.04465221 -0.1246643 0.1575474 -0.2777802 0.9494782 0.1620157 -0.2782236 -0.219765 -0.05236813 -0.2915256 -0.0814323 -0.1523055 -0.07538384 -0.04104543 -0.2285841 -0.2925639 0.2737408 -0.2743037 0.1993918 0 -0.05587732 -0.2915256 -0.04370816 -0.07873802 -0.05548586 -0.3214465 -0.1379682 -0.2915256 0 -0.2915256 -0.2915256 -0.2915256 -0.1523055 -0.07916722 -0.2915256 -0.03599756 0 -0.2915256 -0.05027831 0.1782897 -0.2915256 -0.2920278 0 -0.2743037 -0.07538384 -0.07538384 0 0.02328953 0.8894475 -0.03599756 -0.3243355 -0.04614066 -0.1034351 -0.05937517 -0.0814323 -0.07538384 0 -0.503075 0 -0.07560717 -0.07538384 -0.07529632 -0.06614079 -0.1075954 -0.07538384 -0.07538384 -0.2743037 -0.07538384 -0.07538384 -0.02971774 -0.07560717 -0.07872144 0 -0.07538384 -0.09793075 -0.09793075 -0.07583009 -0.06750071 -0.3069803 0 -0.06523379 -0.09815788 -0.07484936 -0.2743037 -0.3330009 -0.5123892 -0.05434469 -0.07538384 -0.3517706 -0.09071697 -0.06936838 -0.02680311 -0.08047546 -0.04854244 -0.1071429 -0.1860203 0.7051295 0.2050822 -0.07516011 -0.2737961 0 -0.07516011 0 0 -0.2405795 -0.07516011
-0.06906369 -0.06836729 -0.1070059 -0.05806245 -0.1453143 -0.09347617 -0.03869517 -0.04569625 -0.03996698 0 -0.09347617 1.01 0 -0.09080311 0 -0.0877002 0.3241005 -0.2442718 -0.0700427 -0.02797552 -0.03869517 -0.06458315 -0.05659148 -0.02653987 -0.05659148 -0.0979915 0 -0.04806725 0.06956761 -0.05741181 -0.04196768 -0.1157315 -0.02032145 -0.05695271 -0.1157315 -0.05556219 -0.0463254 -0.05659148 0 -0.03268834 -0.03869517 -0.03869517 -0.09325455 -0.1173552 -0.05058936 -0.1176697 -0.05883776 -0.09325455 -0.05883776 -0.1168523 -0.09325455 -0.05883776 -0.02469179 -0.05741726 -0.04376237 -0.2162432 -0.04287114 -0.1439045 0.3245311 -0.2356571 -0.02970497 -0.04156407 -0.021718 -0.2332336 -0.1653479 -0.1653479 -0.1659391 -0.08487753 -0.09630024 -0.06688201 -0.1953071 -0.01509537 -0.04395274 -0.02797552 -0.09396711 -0.08259158 -0.02602963 -0.08428332 -0.05964184 -0.02497646 0 -0.06598249 -0.03869517 -0.05964184 -0.136111 -0.005487692 -0.03893055 0.348863 -0.1199439 0.2958971 0 0.3534425 0.2930299 -0.02168451 0.3525333 -0.03399564 -0.0212189 0.2923264 0 0.3526634 -0.04553939 0.3526634 -0.04096464 -0.02811989 -0.08982781 -0.06057272 -0.0212189 -0.0600165 -0.07792306 -0.02168451 -0.05933325 0.01145141 0.349756 -0.09723971 0.08964583 0.3495072 0.3253442 -0.04614499 0.3384849 -0.03889491 -0.08384933 -0.02497926 -0.0150682 -0.1303405 0.3368985 -0.02946135 0.353312 -0.003210515 0 -0.04262491 0.3384849 -0.02575825 -0.02701995 0.10669 0.3062264 -0.06797331 0.3384849 0 0.3384849 0.3384849 0.3384849 -0.08384933 -0.03510692 0.3384849 -0.02406812 0 0.3384849 -0.02790858 0.1027643 0.3384849 0.3391278 0 0.353312 -0.02497926 -0.02497926 0 -0.02152248 -0.1017813 -0.02406812 0.3024042 -0.03901358 -0.04259108 -0.04665087 -0.03889491 -0.02497926 0 0.1871893 0 -0.02510923 -0.02497926 -0.02549752 -0.02239296 -0.05763072 -0.02497926 -0.02497926 0.353312 -0.02497926 -0.02497926 -0.01509537 -0.02510923 -0.02594696 0 -0.02497926 -0.04855945 -0.04855945 -0.02523892 -0.04854231 0.3130818 0 -0.0212189 -0.04899253 -0.02523892 0.353312 0.2732239 0.1862289 -0.04344545 -0.02497926 0.2642196 -0.04256519 -0.02268769 -0.01676064 -0.03095275 -0.03014692 -0.05650959 0.2217443 -0.08919914 0.1239983 -0.02652866 0.2341455 0 -0.02652866 0 0 0.02535322 -0.02652866
0 0 0 0 0 0 0 0 0 0 0 0 1.01 0 0 0 0 0 0 0 0 0 0 0 0 0 0 0 0 0 0 0 0 0 0 0 0 0 0 0 0 0 0 0 0 0 0 0 0 0 0 0 0 0 0 0 0 0 0 0 0 0 0 0 0 0 0 0 0 0 0 0 0 0 0 0 0 0 0 0 0 0 0 0 0 0 0 0 0 0 0 0 0 0 0 0 0 0 0 0 0 0 0 0 0 0 0 0 0 0 0 0 0 0 0 0 0 0 0 0 0 0 0 0 0 0 0 0 0 0 0 0 0 0 0 0 0 0 0 0 0 0 0 0 0 0 0 0 0 0 0 0 0 0 0 0 0 0 0 0 0 0 0 0 0 0 0 0 0 0 0 0 0 0 0 0 0 0 0 0 0 0 0 0 0 0 0 0 0 0 0 0 0 0 0 0 0 0 0 0 0 0 0 0 0 0 0 0 0 0 0 0 0 0 0
-0.1327691 -0.1092601 -0.1842328 -0.1050178 0.5974098 -0.1701377 -0.06044397 -0.05853038 -0.05310985 0 -0.1701377 -0.09080311 0 1.01 0 0.9969655 -0.2594418 0.3460297 -0.1328235 -0.02929915 -0.06044397 -0.1322355 -0.09322594 -0.03365039 -0.09322594 -0.1480122 0 -0.07029023 0.1698493 -0.09342413 -0.06037973 -0.1915404 -0.04204044 -0.09384568 -0.1915404 -0.09051833 -0.07723284 -0.09322594 0 -0.03321472 -0.06044397 -0.06044397 -0.1546382 -0.1945057 -0.07969844 -0.191787 -0.09740941 -0.1546382 -0.09740941 -0.1945938 -0.1546382 -0.09740941 -0.04274324 -0.1042392 -0.06132846 0.3367209 -0.06063558 -0.2468924 -0.2606751 0.3089809 -0.04061421 -0.060815 -0.0180486 0.3104526 0.4567128 0.4567128 0.4546834 0.9344767 0.8106302 -0.131902 0.385843 -0.03347147 -0.06019502 -0.02929915 -0.1555414 -0.1539284 0.1941156 0.9375885 -0.09833254 -0.04321179 0 -0.11159 -0.06044397 -0.09833254 0.5326077 -0.01447501 -0.06086557 -0.2419905 0.6266117 -0.2815574 0 -0.2397625 -0.2845965 -0.0339049 -0.2405719 -0.07971096 -0.04225315 -0.2848214 0 -0.2405428 0.32514 -0.2405428 -0.0561829 0.2223457 0.9141681 -0.09818524 -0.04225315 -0.09839457 -0.1489397 -0.0339049 -0.09875307 0.1506977 -0.2416503 -0.138428 0.08893949 -0.2422987 -0.2589108 0.2700501 -0.2497397 -0.06079202 0.8486931 -0.04795714 -0.009869428 0.4736465 -0.2428689 -0.04923782 -0.240131 -0.0282742 0 -0.04164919 -0.2497397 -0.02104505 -0.04595256 -0.04400773 -0.2732386 0.7744642 -0.2497397 0 -0.2497397 -0.2497397 -0.2497397 0.8486931 -0.05164054 -0.2497397 -0.03990854 0 -0.2497397 -0.02547854 0.1112792 -0.2497397 -0.2492979 0 -0.240131 -0.04795714 -0.04795714 0 -0.038619 -0.04519198 -0.03990854 -0.2774811 -0.03448385 -0.07094938 0.3209511 -0.06079202 -0.04795714 0 0.1449353 0 -0.04817206 -0.04795714 -0.04335848 -0.04171679 -0.09143615 -0.04795714 -0.04795714 -0.240131 -0.04795714 -0.04795714 -0.03347147 -0.04817206 0.003716882 0 -0.04795714 -0.08251408 -0.08251408 -0.0461991 -0.08611338 -0.2672211 0 -0.04225315 -0.08120485 -0.0461991 -0.240131 -0.3072603 0.1590814 -0.05005507 -0.04795714 -0.3185083 -0.07198287 -0.04966467 -0.03461351 -0.05858228 -0.06431377 -0.1007261 -0.2912994 -0.03110992 -0.006711255 -0.04774178 -0.2771924 0 -0.04774178 0 0 -0.2301938 -0.04774178
0 0 0 0 0 0 0 0 0 0 0 0 0 0 1.01 0 0 0 0 0 0 0 0 0 0 0 0 0 0 0 0 0 0 0 0 0 0 0 0 0 0 0 0 0 0 0 0 0 0 0 0 0 0 0 0 0 0 0 0 0 0 0 0 0 0 0 0 0 0 0 0 0 0 0 0 0 0 0 0 0 0 0 0 0 0 0 0 0 0 0 0 0 0 0 0 0 0 0 0 0 0 0 0 0 0 0 0 0 0 0 0 0 0 0 0 0 0 0 0 0 0 0 0 0 0 0 0 0 0 0 0 0 0 0 0 0 0 0 0 0 0 0 0 0 0 0 0 0 0 0 0 0 0 0 0 0 0 0 0 0 0 0 0 0 0 0 0 0 0 0 0 0 0 0 0 0 0 0 0 0 0 0 0 0 0 0 0 0 0 0 0 0 0 0 0 0 0 0 0 0 0 0 0 0 0 0 0 0 0 0 0 0 0 0 0
-0.132403 -0.1105168 -0.1840811 -0.104759 0.5990023 -0.1700697 -0.05935231 -0.05832443 -0.05292293 0 -0.1700697 -0.0877002 0 0.9969655 0 1.01 -0.2603146 0.3468267 -0.132459 -0.02914095 -0.05935231 -0.1318947 -0.09473715 -0.0335146 -0.09473715 -0.147871 0 -0.07009219 0.1696761 -0.09492593 -0.06017544 -0.1923685 -0.04189602 -0.09535398 -0.1923685 -0.09207835 -0.08509262 -0.09473715 0 -0.03481115 -0.05935231 -0.05935231 -0.1545478 -0.1953153 -0.08609874 -0.1925917 -0.09884964 -0.1545478 -0.09884964 -0.1954034 -0.1545478 -0.09884964 -0.0426316 -0.1039839 -0.06112764 0.337349 -0.06043626 -0.2464723 -0.2615484 0.309701 -0.0404736 -0.06061561 -0.01794311 0.3111406 0.4580124 0.4580124 0.4559872 0.9355497 0.8121298 -0.1315497 0.3863601 -0.0333725 -0.0599825 -0.02914095 -0.1554449 -0.1535159 0.1944691 0.9386313 -0.09975692 -0.04310136 0 -0.1128443 -0.05935231 -0.09975692 0.5340788 -0.01438728 -0.05977743 -0.242955 0.627681 -0.2832396 0 -0.2407448 -0.2862662 -0.03380285 -0.2415521 -0.08024727 -0.04210698 -0.2864872 0 -0.2415233 0.3257194 -0.2415233 -0.05598127 0.2227145 0.9152031 -0.0995997 -0.04210698 -0.09981427 -0.1485439 -0.03380285 -0.1001713 0.1506341 -0.242617 -0.1387441 0.08880448 -0.2432639 -0.2597722 0.2705518 -0.250651 -0.05970152 0.8496007 -0.0477894 -0.009787786 0.4753864 -0.2437683 -0.04910731 -0.2411134 -0.02817201 0 -0.04148126 -0.250651 -0.02093252 -0.04577892 -0.04385733 -0.2749579 0.7751584 -0.250651 0 -0.250651 -0.250651 -0.250651 0.8496007 -0.05144052 -0.250651 -0.03982851 0 -0.250651 -0.02530415 0.1110844 -0.250651 -0.2502047 0 -0.2411134 -0.0477894 -0.0477894 0 -0.03853572 -0.04537078 -0.03982851 -0.2791851 -0.03434966 -0.07069707 0.321529 -0.05970152 -0.0477894 0 0.1447434 0 -0.04800426 -0.0477894 -0.04318473 -0.04156747 -0.09303121 -0.0477894 -0.0477894 -0.2411134 -0.0477894 -0.0477894 -0.0333725 -0.04800426 0.003955782 0 -0.0477894 -0.08429649 -0.08429649 -0.04602893 -0.08784022 -0.2689951 0 -0.04210698 -0.08297812 -0.04602893 -0.2411134 -0.3085282 0.1589095 -0.04987628 -0.0477894 -0.3197199 -0.07391539 -0.04949643 -0.0345236 -0.05743805 -0.06411739 -0.1021372 -0.291688 -0.03090128 -0.00649817 -0.04757411 -0.2776457 0 -0.04757411 0 0 -0.2326796 -0.04757411
-0.2056495 -0.2133637 -0.3293292 -0.1343194 -0.4168393 -0.2962934 -0.1155718 -0.1217957 -0.1092397 0 -0.2962934 0.3241005 0 -0.2594418 0 -0.2603146 1.01 -0.7333326 -0.2052562 -0.09425243 -0.1155718 -0.189737 -0.1826048 -0.07285753 -0.1826048 -0.305543 0 0.1469947 0.2767555 -0.1791114 -0.1169354 -0.3687879 -0.08368308 -0.1824218 -0.3687879 -0.1559549 -0.07256817 -0.1826048 0 -0.1159979 -0.1155718 -0.1155718 -0.2956073 -0.373401 0.3186098 -0.3738513 -0.1887747 -0.2956073 -0.1887747 -0.3730484 -0.2956073 -0.1887747 -0.06798603 -0.1436278 -0.108578 -0.6557099 -0.1134324 -0.4358617 0.9874069 -0.7098904 -0.07569164 -0.1124561 -0.05567722 -0.69496 -0.497584 -0.497584 -0.4886131 -0.2535982 -0.2802724 -0.1966962 -0.5723612 -0.05927226 -0.08773731 -0.09425243 -0.2870355 -0.08889808 -0.07236519 -0.2463601 -0.1934506 -0.007148407 0 -0.1873576 -0.1155718 -0.1934506 -0.2754458 -0.04905172 -0.1132225 0.8657768 -0.3123244 0.7096814 0 0.8772447 0.7014908 -0.06076836 0.8752557 -0.1381266 -0.08538035 0.7048193 0 0.8753691 -0.05067523 0.8753691 -0.1003365 -0.06410819 -0.2233291 -0.1913517 -0.08538035 -0.1941759 -0.07400054 -0.06076836 -0.1935787 0.2189755 0.8616375 -0.2841148 0.2568349 0.8625446 0.7901584 -0.02675745 0.8265645 -0.1143354 -0.2066337 -0.09654162 -0.04672212 -0.3457254 0.8238764 -0.09044944 0.8737732 -0.05999754 0 -0.09865799 0.8265645 -0.06527913 -0.0985995 -0.02910333 0.7348965 -0.2065822 0.8265645 0 0.8265645 0.8265645 0.8265645 -0.2066337 0.2377703 0.8265645 -0.05551828 0 0.8265645 -0.0485822 0.1586858 0.8265645 0.8244534 0 0.8737732 -0.09654162 -0.09654162 0 0.08242289 -0.2880925 -0.05551828 0.7208415 -0.08664048 0.1459642 -0.04662177 -0.1143354 -0.09654162 0 0.421608 0 -0.09692048 -0.09654162 -0.09651041 -0.08007132 -0.1766267 -0.09654162 -0.09654162 0.8737732 -0.09654162 -0.09654162 -0.05927226 -0.09614662 -0.1017803 0 -0.09654162 -0.1570909 -0.1570909 -0.09729861 -0.1633705 0.7568459 0 -0.08538035 -0.1550299 -0.09652566 0.8737732 0.6576748 0.4183662 -0.09988722 -0.09654162 0.6257661 -0.1458634 -0.09417938 -0.05293776 -0.1123121 -0.1140608 -0.1923256 0.6029458 -0.2759109 -0.02817457 -0.09693772 0.6764124 0 -0.09693772 0 0 0.3891869 -0.09693772
0.2888731 0.2894119 0.4424566 0.1977426 0.5728098 0.3968106 0.16634 0.1663976 0.1449844 0 0.3968106 -0.2442718 0 0.3460297 0 0.3468267 -0.7333326 1.01 0.2915005 -0.1264005 0.16634 0.2726472 0.2490413 0.1087774 0.2490413 0.4145118 0 -0.1720508 0.3266927 0.2451912 0.161863 0.4978065 0.1053153 0.2485258 0.4978065 0.2226593 0.1413593 0.2490413 0 0.159784 0.16634 0.16634 0.3972752 0.5047565 -0.2397262 0.50535 0.2584545 0.3972752 0.2584545 0.5044918 0.3972752 0.2584545 0.09016573 0.2060885 0.1538747 0.8969484 0.1578598 0.5982116 -0.7352695 0.9712279 0.1048795 0.1570736 0.07950788 0.9502989 0.6759908 0.6759908 0.6696082 0.3403971 0.3841815 0.2813026 0.7855897 0.08015243 0.1387805 -0.1264005 0.3895838 0.191376 0.09144377 0.3299481 0.263498 0.03730578 0 0.2653822 0.16634 0.263498 0.432027 0.06857883 0.1644067 -0.6347225 0.4407374 -0.4538455 0 -0.6452133 -0.4439671 0.07405756 -0.643362 -0.2269482 0.107256 -0.4469841 0 -0.6432658 0.09035116 -0.6432658 0.1497594 0.07820005 0.3092074 0.2615563 0.107256 0.2642738 0.1760068 0.07405756 0.2632047 0.4196013 -0.6302205 0.3866142 0.3805712 -0.630576 -0.5538261 0.06486389 -0.592404 0.1654253 0.2851708 0.1205816 0.06196368 0.4918257 -0.5896558 0.1073229 -0.6421451 0.07836707 0 0.02715312 -0.592404 0.0915765 0.1245424 0.0632341 -0.4823205 0.2722412 -0.592404 0 -0.592404 -0.592404 -0.592404 0.2851708 -0.1839842 -0.592404 0.07493869 0 -0.592404 0.0860662 0.420274 -0.592404 -0.5936752 0 -0.6421451 0.1205816 0.1205816 0 -0.04835085 0.3950754 0.07493869 -0.4669758 0.1102759 -0.0870547 0.08683297 0.1654253 0.1205816 0 -0.05756497 0 0.1211116 0.1205816 0.1212421 0.1021562 0.2436308 0.1205816 0.1205816 -0.6421451 0.1205816 0.1205816 0.08015243 0.1196531 0.1276432 0 0.1205816 0.2126583 0.2126583 0.1209122 0.2194063 -0.5104076 0 0.107256 0.2112766 0.1209122 -0.6421451 -0.3895195 -0.05693147 0.03803812 0.1205816 -0.3528009 0.1977601 0.1190064 0.07296476 0.1442512 0.1442718 0.2552279 -0.3889197 0.2793528 0.06489379 0.1207815 -0.4682933 0 0.1207815 0 0 -0.3541116 0.1207815
0.996631 -0.1072651 -0.1699631 0.7071342 0.5226973 -0.1550058 -0.06906618 -0.05827609 -0.05414967 0 -0.1550058 -0.0700427 0 -0.1328235 0 -0.132459 -0.2052562 0.2915005 1.01 -0.04002848 -0.06906618 0.9439469 -0.09440482 -0.0389747 -0.09440482 -0.1642402 0 -0.03776134 0.1615025 -0.09424584 -0.06200799 -0.1947248 -0.03733581 -0.09292167 -0.1947248 -0.09223975 -0.07677758 -0.09440482 0 -0.02656297 -0.06906618 -0.06906618 -0.1574633 -0.1966507 -0.06668893 -0.1966987 -0.09690518 -0.1574633 -0.09690518 -0.1967272 -0.1574633 -0.09690518 -0.02928447 0.7163894 -0.05951677 0.2836742 -0.05916614 0.4432004 -0.2063862 0.2697014 -0.04947049 -0.05931741 -0.03709975 0.2783034 -0.2479994 -0.2479994 -0.2492911 -0.127092 -0.1486538 0.966836 -0.2958194 -0.02929105 -0.06212012 -0.04002848 -0.1585044 0.83798 -0.03063854 -0.1210548 -0.09620625 -0.03804091 0 -0.07835768 -0.06906618 -0.09620625 0.5090614 0.1616384 -0.06937128 -0.1783167 0.5880796 -0.2185857 0 -0.191747 -0.2207172 0.04830269 -0.1916374 -0.07443614 -0.03038453 -0.2219539 0 -0.1916079 -0.05097644 -0.1916079 -0.06246118 -0.02667485 -0.1229032 -0.0937151 -0.03038453 -0.09289737 0.8474775 0.04830269 -0.09256356 0.09923692 -0.1784357 -0.1517129 0.1000214 -0.1782838 -0.1943128 -0.04510386 -0.1839248 -0.06934584 -0.1148445 0.01050013 0.1876877 0.5104979 -0.1844897 -0.04484978 -0.1910304 -0.03368948 0 -0.04550185 -0.1839248 0.2667436 0.009840109 -0.03150308 -0.2111132 -0.1000678 -0.1839248 0 -0.1839248 -0.1839248 -0.1839248 -0.1148445 -0.04773389 -0.1839248 -0.03007496 0 -0.1839248 -0.051954 0.1042991 -0.1839248 -0.184668 0 -0.1910304 0.01050013 0.01050013 0 -0.01377252 -0.1611891 -0.03007496 -0.2135891 -0.03546783 -0.05338022 -0.05170789 -0.06934584 0.01050013 0 0.2494752 0 0.01025095 0.01050013 0.009507029 -0.03214057 -0.08898121 0.01050013 0.01050013 -0.1910304 0.01050013 0.01050013 -0.02929105 0.01025095 0.00125119 0 0.01050013 -0.08228625 -0.08228625 0.01000237 -0.08440927 -0.2204241 0 -0.03038453 -0.08214446 0.01000237 -0.1910304 0.1236949 0.2486863 -0.05643205 0.01050013 0.125748 -0.07627455 0.008523458 -0.02377102 -0.00315183 -0.01030495 -0.06620675 0.1631975 -0.1544005 -0.06073973 0.01074991 0.1607815 0 0.01074991 0 0 0.234468 0.01074991
-0.04035234 -0.0487409 -0.06006419 -0.03242256 -0.07312431 -0.05005993 -0.03516705 -0.03092728 -0.03115934 0 -0.05005993 -0.02797552 0 -0.02929915 0 -0.02914095 -0.09425243 -0.1264005 -0.04002848 1.01 -0.03516705 -0.03822512 -0.03752016 -0.01271008 -0.03752016 -0.05669622 0 -0.02966404 -0.2507619 -0.0379507 -0.009012285 -0.06625435 -0.01352519 -0.0377123 -0.06625435 -0.03664804 -0.03842962 -0.03752016 0 -0.03066234 -0.03516705 -0.03516705 -0.04987784 -0.06641109 -0.02725597 -0.06658486 -0.03737668 -0.04987784 -0.03737668 -0.06643984 -0.04987784 -0.03737668 -0.02125444 -0.0314861 -0.008343304 -0.1223861 -0.007732698 -0.07634556 -0.09276837 -0.1253377 -0.008713933 -0.007800952 -0.01501113 -0.1222989 -0.08077545 -0.08077545 -0.08195171 -0.03164911 -0.04620193 -0.04080944 -0.1032845 -0.01701709 -0.01126153 1 -0.05098865 -0.05179038 -0.002308003 -0.03069455 -0.04196288 0.002900359 0 -0.04437587 -0.03516705 -0.04196288 -0.07414686 -0.01667323 -0.03524603 -0.08735776 -0.05438925 -0.1052549 0 -0.08707565 -0.1053267 -0.008319579 -0.08652743 -0.02872349 -0.01400324 -0.1041963 0 -0.08651975 -0.01634925 -0.08651975 -0.01745402 -0.0024706 -0.03185367 -0.04244262 -0.01400324 -0.04215124 -0.05081398 -0.008319579 -0.04068138 -0.296599 -0.08531421 -0.05150255 -0.295707 -0.0855209 -0.09343975 -0.01713727 -0.08790655 -0.03525841 -0.02749855 -0.01158366 -0.01489946 -0.06782822 -0.08836214 -0.02255613 -0.08616388 -0.006980471 0 -0.003626969 -0.08790655 -0.007506961 -0.01277448 -0.03186259 -0.09969217 -0.02128371 -0.08790655 0 -0.08790655 -0.08790655 -0.08790655 -0.02749855 -0.02841662 -0.08790655 0.0005748389 0 -0.08790655 -0.01660204 -0.2660561 -0.08790655 -0.08829529 0 -0.08616388 -0.01158366 -0.01158366 0 0.0005837303 -0.05395141 0.0005748389 -0.09972232 -0.02761182 -0.03066871 -0.01706281 -0.03525841 -0.01158366 0 -0.150045 0 -0.01165865 -0.01158366 -0.01188268 -0.01129562 -0.04203822 -0.01158366 -0.01158366 -0.08616388 -0.01158366 -0.01158366 -0.01701709 -0.01165865 -0.01019735 0 -0.01158366 -0.03434684 -0.03434684 -0.01173348 -0.03281225 -0.09811748 0 -0.01400324 -0.03456292 -0.01173348 -0.08616388 -0.1101917 -0.1502001 -0.003525924 -0.01158366 -0.1126474 -0.0369404 -0.01217921 -0.0153965 -0.01829629 -0.01767738 -0.03892633 0.05196779 -0.05024186 -0.009344194 -0.01150851 0.05436572 0 -0.01150851 0 0 -0.07296177 -0.01150851
