1.01 -0.01555565 -0.02734048 -0.2256316 -0.05258699 -0.04539076 -0.02009918 -0.01517673 -0.01663751 -0.008345616 0 -0.2256316 0 -0.03329004 0.04434753 0.1953148 0 -0.001406956 0 -0.05000015 -0.03697914 -0.01931459 0 0 -0.05268674 -0.02229451 0.163778 -0.003049948 0 -0.01618805 -0.01720068 -0.002191956 0 -0.01769683 0.0452126 0.01790923 0 -0.03743616 -0.01671469 -0.01746258 -0.01471849 0.05990678 -0.03525324 -0.04759503 0.04983713 -0.07268296 -0.05605235 -0.009884616 0.233816 -0.03647966 0.1064454 0 0.1125155 -0.0224994 -0.03525324 -0.01663696 0.003892469 -0.01662826 0 -0.009942164 -0.03525324 -0.03525324 0.2315393 0.2179898 -0.004946605 -0.03589117 -0.02791944 0.05878652 -0.01924521 -0.04341032 -0.0452158 -0.005202128 -0.01342618 -0.0190622 -0.04807188 -0.02370625 -0.0480783 -0.01319519 -0.02053078 0 -0.01083751 0.002157586 0 0 -0.01642002 0 -0.04493668 -0.007974581 -0.02341301 -0.01641928 -0.0480783 -0.03283639 -0.04817815 -0.02436515 -0.01662826 -0.03695538 -0.01296253 -0.02263353 -0.02454497 0 0 -0.02053078 -0.0448438 0.5915088 0 -0.03445544 0 0 -0.04516894 -0.04513429 -0.04513429 -0.01622536 -0.02307228 -0.01784091 0.01894382 0 -0.04821999 -0.03566802 0 0 -0.04795054 -0.05164039 0.155455 -0.001641657 -0.00705023 -0.04823755 -0.02585853 -0.0331009 0.04533851 0.1579076 0.1579076 0 -0.07721149 -0.02053078 0 0.001578593 -0.04559386 -0.01867476 -0.01982426 -0.07425444 -0.01772233 -0.04842484 -0.01867476 -0.0153183 -0.01224739 -0.003878479 -0.04556318 -0.02494039 0 0.04188743 -0.04487001 -0.006108902 0.1532594 0 -0.01351726 -0.01883073 0 -0.03267574 -0.02241013 0.002124355 -0.08259529 0.0881727 -0.06707552 -0.05077983
-0.01555565 1.01 -0.00870954 0.05061467 -0.05592021 -0.05353408 -0.004390509 -0.02013455 -0.005411563 -0.00667792 0 0.05061467 0 -0.06449143 0.0488428 -0.01503726 0 -0.01685055 0 -0.06819863 -0.020219 -0.02195184 0 0 -0.05719113 -0.02085756 -0.08618996 0.004349437 0 -0.008223981 -0.0276114 -0.001147219 0 -0.01967184 0.05319588 -0.01259994 0 -0.04221982 -0.01776709 -0.04870193 -0.01063632 -0.05946434 -0.06113064 -0.0625272 0.06147889 0.09666729 -0.01547371 -0.01512573 -0.04900323 -0.02128516 0.1044759 0 0.09623774 0.06951358 -0.06113064 -0.02763128 0.01184846 -0.01487158 0 -0.01037529 -0.06113064 -0.06113064 -0.04494927 -0.05346871 -0.02322121 -0.02740037 0.1139184 0.1536017 -0.01799088 0.001776168 -0.02627003 -0.002946836 -0.007827964 -0.01589589 0.02539882 -0.03607653 0.02535561 -0.008524461 -0.01481876 0 -0.01003376 0.006385119 0 0 -0.02529168 0 -0.02580001 -0.007943844 -0.009615201 0.8269937 0.02535561 -0.04737371 -0.0599151 -0.02481264 -0.01487158 -0.02202981 -0.01880577 -0.01202034 -0.0370347 0 0 -0.01481876 -0.02473283 -0.02150523 0 -0.04765686 0 0 -0.02617199 -0.02603319 -0.02603319 0.8311153 -0.01287872 0.05189507 -0.06727286 0 0.02529043 -0.03998692 0 0 0.02570842 0.1500434 -0.08358145 -0.004577768 -0.02374619 0.02529964 -0.01980199 -0.04779908 0.06382753 -0.08433166 -0.08433166 0 0.1167812 -0.01481876 0 0.009419099 -0.00997594 -0.009047554 -0.01094635 0.1196916 -0.02595478 -0.06125568 -0.009047554 -0.02441641 0.7204787 -0.008953054 -0.04421213 -0.01961117 0 0.05785046 -0.02477056 -0.01619336 -0.08362201 0 -0.007781191 -0.0213845 0 -0.03485015 -0.01911966 -0.05499822 0.05302954 -0.07004931 0.132829 0.02062078
-0.02734048 -0.00870954 1.01 0.09400003 -0.08059741 -0.07618873 0.8558703 -0.03399009 -0.0363686 0.004413527 0 0.09400003 0 -0.08918676 0.0761535 -0.04502508 0 -0.01610895 0 -0.1168807 0.7023267 -0.04304905 0 0 -0.07864613 -0.04428925 -0.1396525 -0.009968536 0 -0.01719752 -0.02786171 -0.01438979 0 -0.03947058 0.08164305 -0.01079769 0 -0.06535706 -0.02294439 -0.05265745 -0.0358122 -0.08451196 -0.08684688 -0.1075261 0.09073587 0.2821255 -0.09557763 -0.02368058 -0.09215124 0.7080789 0.1982817 0 0.1516051 -0.02655486 -0.08684688 -0.02427958 0.03097518 -0.01188007 0 -0.03193943 -0.08684688 -0.08684688 -0.09026195 -0.04509044 -0.02757712 0.6253848 -0.06111294 -0.03587892 -0.01309449 -0.06504359 0.6724605 -0.01111765 -0.02564959 -0.02601449 -0.07908165 -0.051458 -0.07909968 -0.02376793 -0.02520572 0 0.01073744 0.03087531 0 0 -0.0304091 0 0.6629901 -0.02863672 0.1597971 -0.006502667 -0.07909968 -0.06023873 -0.1031401 -0.03621487 -0.01188007 0.7025051 -0.02222846 -0.02623142 -0.05089679 0 0 -0.02520572 0.6286205 -0.03299348 0 -0.06916312 0 0 0.672626 0.6742534 0.6742534 -0.00876345 -0.024284 -0.03521745 -0.0998015 0 -0.0808399 -0.06004901 0 0 -0.08030866 -0.1032458 -0.1420653 -0.03211694 -0.03660649 -0.08086934 -0.02145465 -0.06775916 0.09001806 -0.1389678 -0.1389678 0 0.283573 -0.02520572 0 0.03009305 -0.07564679 -0.01519429 -0.008857434 0.2883342 -0.02288936 -0.1035984 -0.01519429 -0.01703315 -0.003159788 -0.02082066 -0.006836957 -0.02764649 0 0.07888679 0.6284203 -0.008390336 -0.1405222 0 -0.03592366 -0.05701036 0 0.08660028 -0.003069948 -0.03159707 -0.1700217 -0.1214646 -0.09427583 -0.09782837
-0.2256316 0.05061467 0.09400003 1.01 0.217637 0.2053371 0.07908203 0.0802258 -0.203132 0.02733953 0 1 0 0.1836085 -0.1928924 -0.3643209 0 -0.006904228 0 0.2528873 0.1151702 -0.397536 0 0 0.2078527 -0.3741554 -0.5813201 0.05219823 0 0.05053547 0.05812353 -0.234805 0 -0.4272086 -0.1988083 0.0300927 0 0.1535694 0.05993032 0.1110109 -0.1051735 0.1581275 0.1824625 0.2311905 -0.09201641 0.2736582 0.1080702 0.05285799 -0.89298 0.1129811 -0.3876342 0 0.3169133 0.07917861 0.1824625 0.06509304 -0.05959361 -0.1853949 0 0.07733826 0.1824625 0.1824625 -0.864913 -0.7740368 0.04839998 0.1259725 -0.5859274 -0.3232277 0.06854653 0.1757157 0.1312343 -0.1093844 0.03967559 -0.2844218 0.2154856 -0.5920306 0.2155167 0.03987344 -0.2997606 0 0.03502632 -0.05323285 0 0 0.07156158 0 0.1301105 0.07144228 0.05201727 0.05330398 0.2155167 -0.4743771 0.2195552 0.09056362 -0.1853949 0.1149678 0.06162719 0.06453236 -0.5688125 0 0 -0.2997606 0.1276095 -0.1060978 0 0.1389139 0 0 0.1132094 0.1137465 0.1137465 0.0524227 0.0655489 0.09725674 -0.02148756 0 0.2157987 0.1664734 0 0 0.2152839 0.2247377 -0.5230917 -0.2186269 0.08231194 0.2158773 0.08737956 0.1323539 -0.06679078 -0.536862 -0.536862 0 0.2910911 -0.2997606 0 -0.05922571 0.2121313 0.0452706 0.04865161 0.2860452 0.0667543 0.219697 0.0452706 -0.10935 0.0453283 0.03744201 0.1876453 0.06578752 0 -0.05667787 0.1277454 -0.08972047 -0.4940254 0 0.07613429 0.1125133 0 -0.01473604 -0.03297165 0.02254922 -0.2547357 -0.3147089 -0.3874912 0.06592424
-0.05258699 -0.05592021 -0.08059741 0.217637 1.01 0.9284701 -0.06520691 -0.09687012 -0.06232938 -0.02819431 0 0.217637 0 -0.1818602 0.1910658 -0.07727103 0 -0.04364779 0 -0.121635 -0.06438053 -0.0874204 0 0 0.9706988 -0.08610695 -0.2820148 0.2058565 0 -0.05902699 -0.06511864 -0.04433376 0 -0.09601482 0.1992643 -0.03625711 0 -0.1645954 0.2428777 -0.1199228 0.141856 -0.1522768 -0.1535023 -0.2381742 0.2222483 -0.3042896 0.808335 -0.06858085 -0.1835955 -0.1046531 -0.4250865 0 -0.3988178 0.2405921 -0.1535023 -0.0659279 0.05917436 -0.05055965 0 0.3048049 -0.1535023 -0.1535023 -0.1999607 -0.2223754 0.01897477 -0.1156771 -0.1077275 0.05025469 0.2139648 0.749779 -0.1221534 -0.05607144 -0.05749859 -0.05484464 0.891547 -0.1344497 0.8917657 0.2014809 -0.0616657 0 -0.02755118 0.0540577 0 0 -0.0720947 0 -0.1215248 0.2926053 -0.05406144 -0.03540825 0.8917657 -0.1628407 -0.2288255 -0.09195946 -0.05055965 -0.1066561 -0.04922286 -0.0654633 -0.1380342 0 0 -0.0616657 -0.132864 0.07766224 0 -0.1715424 0 0 -0.1208106 -0.1208782 -0.1208782 -0.03326758 -0.05876725 0.4473948 -0.1863411 0 0.8878517 0.6637464 0 0 0.8899406 -0.2337896 -0.2887885 -0.04231486 -0.082201 0.888175 0.1884429 -0.1704921 0.2206426 -0.2838011 -0.2838011 0 -0.227678 -0.0616657 0 0.0543128 0.8807416 0.2445149 0.2539689 -0.2756217 -0.06836434 -0.2240049 0.2445149 -0.04743313 -0.04118665 -0.02655271 0.6792051 -0.04235655 0 0.2014266 -0.1329965 -0.05121596 -0.2231839 0 0.3013859 -0.09950918 0 0.08179396 0.1947987 -0.1964025 0.201145 0.1903105 -0.05771276 0.7795084
-0.04539076 -0.05353408 -0.07618873 0.2053371 0.9284701 1.01 -0.06249876 -0.08981457 -0.05723337 -0.03056305 0 0.2053371 0 -0.1706889 0.1757135 -0.07167759 0 -0.04040564 0 -0.09239605 -0.05490339 -0.08646624 0 0 0.8993146 -0.08622465 -0.2628157 0.223451 0 -0.05287011 -0.05666366 -0.03999275 0 -0.0953101 0.1842118 -0.03326783 0 -0.1530927 0.2626899 -0.1122248 -0.06335262 -0.1431765 -0.1410295 -0.2172225 0.2064263 -0.2813727 0.7477955 -0.06035124 -0.1708707 -0.09686345 -0.3948228 0 -0.3665326 0.1692416 -0.1410295 -0.06556852 0.05302338 -0.04711501 0 0.3289262 -0.1410295 -0.1410295 -0.186864 -0.2075721 -0.05464435 -0.1119229 -0.09700418 0.05616564 0.2370175 0.7534685 -0.1123638 -0.05312733 -0.05155619 -0.05220985 0.914445 -0.1272992 0.9146981 0.2140525 -0.05833561 0 -0.02453407 0.04717435 0 0 -0.06558595 0 -0.1119062 0.3151728 -0.04726111 -0.04534084 0.9146981 -0.1515974 -0.2070064 -0.08216528 -0.04711501 -0.09864051 -0.04311336 -0.05794474 -0.1305915 0 0 -0.05833561 -0.1217822 0.08731873 0 -0.160357 0 0 -0.1109961 -0.1111193 -0.1111193 -0.04320118 -0.05193824 0.4810897 -0.1727539 0 0.9106132 0.7134416 0 0 0.9125998 -0.2147949 -0.2696417 -0.03811336 -0.0792796 0.9105671 0.1995211 -0.1583509 0.205508 -0.2650211 -0.2650211 0 -0.2779069 -0.05833561 0 0.04766312 0.9018739 -0.05774086 -0.03480316 -0.2507432 -0.06738826 -0.2021671 -0.05774086 -0.04675738 -0.03953108 -0.02745089 0.7358736 -0.03963225 0 0.1879825 -0.1219049 -0.05033329 -0.2781355 0 0.3254167 -0.09392556 0 -0.06357438 0.1527418 -0.1833862 0.1730644 0.1514998 -0.1138159 0.801936
-0.02009918 -0.004390509 0.8558703 0.07908203 -0.06520691 -0.06249876 1.01 -0.03084703 -0.03290614 0.00514927 0 0.07908203 0 -0.07886363 0.06610672 -0.03529859 0 -0.01183038 0 -0.1017038 0.6790897 -0.03785379 0 0 -0.06289691 -0.03714481 -0.119921 -0.004051431 0 -0.01374179 -0.02066153 -0.007498428 0 -0.02834173 0.07118869 -0.01221161 0 -0.05825717 -0.02016912 -0.04922998 -0.03151559 -0.07509379 -0.07844004 -0.09359401 0.08332107 0.2430561 -0.07583798 -0.02051298 -0.07667439 0.6854289 0.1733368 0 0.1632421 -0.009639495 -0.07844004 -0.0214885 0.02695435 -0.01188124 0 -0.02810911 -0.07844004 -0.07844004 -0.07289725 -0.07915002 -0.0209536 0.6049714 -0.05242186 -0.01218703 -0.00476049 -0.04783309 0.5774725 -0.001250351 -0.03100673 -0.02922481 -0.06197597 -0.04405096 -0.06199373 -0.02363823 -0.02706634 0 0.01053145 0.02487484 0 0 -0.03270832 0 0.5653562 -0.02531994 -0.01346919 -0.004471695 -0.06199373 -0.05391973 -0.08949237 -0.03367387 -0.01188124 0.6804215 -0.02169894 -0.01772194 -0.04293702 0 0 -0.02706634 0.5402186 -0.0304758 0 -0.06279955 0 0 0.5773084 0.578397 0.578397 -0.007184015 -0.0174477 -0.03198521 -0.09031693 0 -0.06391419 -0.04850421 0 0 -0.06345482 -0.08928051 -0.1220824 -0.02505012 -0.03311841 -0.06393747 -0.01439361 -0.06110694 0.08212549 -0.118957 -0.118957 0 0.2432859 -0.02706634 0 0.02418837 -0.059417 -0.01269867 -0.007209154 0.2474704 -0.01920002 -0.08988164 -0.01269867 -0.02064402 -0.004198197 -0.01475074 -0.05339183 -0.02795985 0 0.07192279 0.5400469 -0.003299855 -0.119691 0 -0.0326084 -0.04976302 0 0.1153157 -0.03769698 -0.07120977 -0.1428777 -0.1063176 -0.09638523 -0.07787013
-0.01517673 -0.02013455 -0.03399009 0.0802258 -0.09687012 -0.08981457 -0.03084703 1.01 -0.01498729 -0.01693891 0 0.0802258 0 -0.099427 -0.4889016 -0.02298932 0 -0.02615497 0 -0.125978 -0.04716067 -0.03888347 0 0 -0.09972167 -0.03503 -0.1344571 -0.02116645 0 -0.02785634 -0.02851771 -0.02829473 0 -0.04204466 -0.464062 -0.02060647 0 0.5720226 -0.02674448 -0.07103067 -0.0293599 -0.09466065 -0.09556012 -0.1106468 -0.4218604 -0.1449134 0.02465901 -0.03183997 -0.07790138 -0.04897486 -0.1856144 0 -0.2003619 -0.04103188 -0.09556012 -0.03701513 0.03794323 -0.01615286 0 -0.02729299 -0.09556012 -0.09556012 -0.08304526 -0.08792205 -0.02935723 -0.05593243 -0.05437082 -0.09230182 -0.04858122 -0.07374091 -0.06077484 -0.0202884 0.5131654 -0.0219612 -0.09325967 -0.04820353 -0.09327945 -0.01738305 -0.02420344 0 -0.02552597 0.03520162 0 0 -0.04656839 0 -0.05997159 -0.0265814 -0.0220933 -0.02366543 -0.09327945 -0.05920172 -0.1092557 0.2878039 -0.01615286 -0.05133989 -0.02881834 0.02869691 -0.05196582 0 0 -0.02420344 -0.06529394 -0.01433561 0 0.5508374 0 0 -0.05694054 -0.06040181 -0.06040181 -0.02323902 -0.03719632 -0.0446472 -0.109588 0 -0.09226913 -0.06402746 0 0 -0.09296562 -0.1136604 -0.1408421 -0.01566275 -0.03282534 -0.09295656 0.1223207 0.5510444 -0.4276408 -0.1384259 -0.1384259 0 -0.1480648 -0.02420344 0 0.0342974 -0.09157662 -0.03390196 -0.03672738 -0.1421063 -0.002478816 -0.108008 -0.03390196 -0.02552364 -0.01756576 -0.02372303 -0.08016387 -0.005530874 0 -0.457596 -0.065359 -0.01369286 -0.1439461 0 -0.02934707 -0.05015229 0 0.1291482 -0.05229288 -0.09047576 -0.1379328 -0.06836101 -0.07647567 -0.03408761
-0.01663751 -0.005411563 -0.0363686 -0.203132 -0.06232938 -0.05723337 -0.03290614 -0.01498729 1.01 -0.007649765 0 -0.203132 0 -0.03985047 -0.02042951 0.5910942 0 -0.01773379 0 -0.07819604 -0.04156517 -0.02411045 0 0 -0.06027002 -0.0253542 0.1369277 -0.01478253 0 -0.02363088 -0.01696488 -0.01850925 0 -0.02864398 -0.01688498 -0.007914455 0 0.03592553 -0.0072217 -0.02676078 -0.02128237 -0.03587172 -0.0387808 -0.06898021 -0.00953286 -0.09205907 0.1690611 -0.02283934 0.2067409 -0.04090012 0.07012841 0 -0.1163605 -0.02221558 -0.0387808 -0.02076582 0.01679669 -0.0006883345 0 -0.01243504 -0.0387808 -0.0387808 0.2051418 0.1921372 -0.01849413 -0.04395166 -0.0384362 -0.05510704 -0.01691162 -0.04435205 -0.05015097 -0.02103845 -0.02416793 -0.01435398 -0.06000462 -0.03443411 -0.0600126 0.008246132 -0.0105013 0 -0.01104308 0.01508052 0 0 -0.02180728 0 -0.04977365 -0.009984018 -0.02557855 -0.01064034 -0.0600126 -0.04303821 -0.06829343 -0.0252629 -0.0006883345 -0.04152764 -0.01239547 -0.0225219 -0.03384984 0 0 -0.0105013 -0.04637668 -0.01328032 0 0.03752765 0 0 -0.04852263 -0.05001887 -0.05001887 -0.0104006 -0.01773993 -0.03858616 -0.05158149 0 -0.06018932 -0.04099866 0 0 -0.05985354 -0.0699574 0.1330481 -0.01803404 -0.02593634 -0.06021124 -0.02434956 0.03479143 -0.01059115 0.1348387 0.1348387 0 -0.09327172 -0.0105013 0 0.01451215 -0.06029048 -0.01420822 -0.01598705 -0.09089774 -0.01392966 -0.06757466 -0.01420822 -0.008857075 -0.008273192 -0.0150247 -0.04993881 -0.02771316 0 -0.02345206 -0.04641134 -0.01235142 0.1273485 0 -0.01270464 -0.01897279 0 -0.03434297 -0.01774276 -0.05442644 0.09976115 0.1424857 0.1388829 0.1795056
-0.008345616 -0.00667792 0.004413527 0.02733953 -0.02819431 -0.03056305 0.00514927 -0.01693891 -0.007649765 1.01 0 0.02733953 0 -0.03747032 0.04421699 -0.007561279 0 -0.01348889 0 -0.04374611 -0.006460583 -0.0120753 0 0 -0.02829994 -0.009706494 -0.04880044 -0.007100164 0 -0.0184583 -0.001581538 0.003297378 0 -0.01497788 -0.0167623 -0.0114287 0 0.03739444 -0.01614749 -0.0186049 0.0067847 -0.03848985 -0.03686662 -0.04294743 -0.01282665 0.06053411 -0.03137495 -0.02107015 -0.0259022 -0.005882932 0.04010019 0 0.02790469 -0.01615393 -0.03686662 -0.009037228 0.01284739 -0.01254326 0 -0.01828448 -0.03686662 -0.03686662 -0.02880649 -0.02710552 -0.0104619 -0.008296799 -0.01339578 -0.02975958 0.3437796 -0.03375512 0.1837256 -0.0152427 -0.0168687 -0.004715234 -0.03212592 -0.01241702 -0.03213253 -0.01403777 -0.006191729 0 0.6100844 0.01190908 0 0 -0.007207673 0 0.1849675 -0.01720356 -0.0117773 -0.00312275 -0.03213253 -0.02410827 -0.04235987 -0.01804538 -0.01254326 -0.006405202 -0.01665413 -0.01760587 -0.01308803 0 0 -0.006191729 0.1676112 -0.0144386 0 0.03390205 0 0 0.1840818 0.1848569 0.1848569 -0.002978339 -0.01512772 -0.008711708 -0.04281796 0 -0.03223417 -0.02799189 0 0 -0.03202628 -0.04250742 -0.05092128 -0.002727267 -0.02066853 -0.03224591 -0.01140748 0.03171148 -0.01348167 -0.04850898 -0.04850898 0 0.0663247 -0.006191729 0 0.01159956 -0.03203764 0.01224058 0.01036922 0.06311398 -0.009933965 -0.04253688 0.01224058 -0.001904912 0.001755695 -0.01216803 -0.03352266 -0.007798524 0 -0.02363799 0.1675492 -0.01317907 -0.04550739 0 -0.009223906 0.02077637 0 -0.01640086 -0.02177253 -0.03740468 -0.05962693 -0.03971881 0.05366961 -0.03594715
0 0 0 0 0 0 0 0 0 0 1.01 0 0 0 0 0 0 0 0 0 0 0 0 0 0 0 0 0 0 0 0 0 0 0 0 0 0 0 0 0 0 0 0 0 0 0 0 0 0 0 0 0 0 0 0 0 0 0 0 0 0 0 0 0 0 0 0 0 0 0 0 0 0 0 0 0 0 0 0 0 0 0 0 0 0 0 0 0 0 0 0 0 0 0 0 0 0 0 0 0 0 0 0 0 0 0 0 0 0 0 0 0 0 0 0 0 0 0 0 0 0 0 0 0 0 0 0 0 0 0 0 0 0 0 0 0 0 0 0 0 0 0 0 0 0 0 0 0 0 0 0 0 0 0 0 0 0 0 0 0 0 0 0 0
-0.2256316 0.05061467 0.09400003 1 0.217637 0.2053371 0.07908203 0.0802258 -0.203132 0.02733953 0 1.01 0 0.1836085 -0.1928924 -0.3643209 0 -0.006904228 0 0.2528873 0.1151702 -0.397536 0 0 0.2078527 -0.3741554 -0.5813201 0.05219823 0 0.05053547 0.05812353 -0.234805 0 -0.4272086 -0.1988083 0.0300927 0 0.1535694 0.05993032 0.1110109 -0.1051735 0.1581275 0.1824625 0.2311905 -0.09201641 0.2736582 0.1080702 0.05285799 -0.89298 0.1129811 -0.3876342 0 0.3169133 0.07917861 0.1824625 0.06509304 -0.05959361 -0.1853949 0 0.07733826 0.1824625 0.1824625 -0.864913 -0.7740368 0.04839998 0.1259725 -0.5859274 -0.3232277 0.06854653 0.1757157 0.1312343 -0.1093844 0.03967559 -0.2844218 0.2154856 -0.5920306 0.2155167 0.03987344 -0.2997606 0 0.03502632 -0.05323285 0 0 0.07156158 0 0.1301105 0.07144228 0.05201727 0.05330398 0.2155167 -0.4743771 0.2195552 0.09056362 -0.1853949 0.1149678 0.06162719 0.06453236 -0.5688125 0 0 -0.2997606 0.1276095 -0.1060978 0 0.1389139 0 0 0.1132094 0.1137465 0.1137465 0.0524227 0.0655489 0.09725674 -0.02148756 0 0.2157987 0.1664734 0 0 0.2152839 0.2247377 -0.5230917 -0.2186269 0.08231194 0.2158773 0.08737956 0.1323539 -0.06679078 -0.536862 -0.536862 0 0.2910911 -0.2997606 0 -0.05922571 0.2121313 0.0452706 0.04865161 0.2860452 0.0667543 0.219697 0.0452706 -0.10935 0.0453283 0.03744201 0.1876453 0.06578752 0 -0.05667787 0.1277454 -0.08972047 -0.4940254 0 0.07613429 0.1125133 0 -0.01473604 -0.03297165 0.02254922 -0.2547357 -0.3147089 -0.3874912 0.06592424
0 0 0 0 0 0 0 0 0 0 0 0 1.01 0 0 0 0 0 0 0 0 0 0 0 0 0 0 0 0 0 0 0 0 0 0 0 0 0 0 0 0 0 0 0 0 0 0 0 0 0 0 0 0 0 0 0 0 0 0 0 0 0 0 0 0 0 0 0 0 0 0 0 0 0 0 0 0 0 0 0 0 0 0 0 0 0 0 0 0 0 0 0 0 0 0 0 0 0 0 0 0 0 0 0 0 0 0 0 0 0 0 0 0 0 0 0 0 0 0 0 0 0 0 0 0 0 0 0 0 0 0 0 0 0 0 0 0 0 0 0 0 0 0 0 0 0 0 0 0 0 0 0 0 0 0 0 0 0 0 0 0 0 0 0
-0.03329004 -0.06449143 -0.08918676 0.1836085 -0.1818602 -0.1706889 -0.07886363 -0.099427 -0.03985047 -0.03747032 0 0.1836085 0 1.01 0.1817074 -0.05779312 0 -0.02866725 0 -0.2389391 -0.1116385 -0.07213951 0 0 -0.1823683 -0.06623062 0.6307859 -0.03157625 0 -0.05884951 -0.05948089 -0.05114212 0 -0.07946495 0.1822955 0.02392825 0 -0.1597248 -0.03784103 0.6393577 -0.04709929 0.7652244 0.9606969 -0.2195097 0.1700401 -0.2935261 -0.2174962 0.02421228 -0.1290123 -0.1123376 -0.3843819 0 0.3854288 -0.01642453 0.9606969 -0.05655151 0.04141879 -0.03616345 0 -0.0539504 0.9606969 0.9606969 -0.1732826 -0.0956758 0.01516902 -0.05740641 -0.1269472 -0.1250263 -0.06271935 -0.1438227 -0.1343438 -0.0451945 -0.0404005 -0.05634945 -0.1830347 -0.1078311 -0.1830681 -0.04466135 -0.06017942 0 -0.0457828 0.03760362 0 0 0.3839503 0 -0.1334755 -0.05231055 -0.05112698 -0.05384475 -0.1830681 -0.1001475 -0.213967 0.01025616 -0.03616345 -0.1120941 -0.02648785 -0.06929249 -0.09370106 0 0 -0.06017942 -0.1376265 -0.02765588 0 -0.1284966 0 0 -0.134608 -0.1342845 -0.1342845 -0.05304461 -0.06256861 -0.08949522 0.8138417 0 -0.183253 -0.1332075 0 0 -0.1828829 -0.2240918 0.5872902 -0.03025419 0.323014 -0.1772123 -0.06464635 -0.1324136 0.1730261 0.5940555 0.5940555 0 -0.2909432 -0.06017942 0 0.03801415 -0.1806752 -0.03932739 -0.03953831 -0.2844283 -0.05850751 -0.213922 -0.03932739 -0.01913004 -0.04675678 0.1793336 -0.1520138 0.0138056 0 0.1844734 -0.1377451 -0.03835103 0.5567165 0 -0.05277845 0.5026483 0 -0.06839896 0.04197178 0.2457527 0.4159837 0.05887566 0.1958783 -0.1882751
0.04434753 0.0488428 0.0761535 -0.1928924 0.1910658 0.1757135 0.06610672 -0.4889016 -0.02042951 0.04421699 0 -0.1928924 0 0.1817074 1.01 0.07507989 0 0.0349609 0 0.25829 0.1013988 0.07436057 0 0 0.1916163 0.06807368 0.2816105 0.0381859 0 -0.2803515 -0.3252304 0.04497077 0 0.08022899 0.9441121 -0.08858234 0 -0.7440523 0.04527407 0.1288685 0.06784948 0.0764218 0.1788261 0.2349826 0.852185 0.2818135 0.1493404 -0.2311822 0.1848734 0.09860955 0.383002 0 0.3919367 0.07978476 0.1788261 -0.2301637 0.2733937 0.04007197 0 0.05318545 0.1788261 0.1788261 0.1516874 0.1647435 0.05855773 0.09638949 0.1321331 0.07929384 0.02245905 0.144942 0.09317811 0.02979094 -0.2461763 0.05799719 0.1858548 0.1131025 0.1858945 0.03729927 0.05944303 0 -0.05466521 0.2589685 0 0 0.08291239 0 0.09457365 0.0565477 0.05175989 0.04365822 0.1858945 -0.06486062 0.2321301 -0.3743378 0.04007197 0.09996831 -0.2455221 0.02670914 0.1183481 0 0 0.05944303 0.09902651 0.05539694 0 -0.6888393 0 0 0.08812773 0.08968161 0.08968161 0.04149463 0.0557001 0.09700318 0.1509473 0 0.1853752 0.1273427 0 0 0.1852663 0.2394012 0.2335126 0.04699997 0.02255274 0.1858134 -0.02712837 -0.6812599 0.7898354 0.2263916 0.2263916 0 0.2852561 0.05944303 0 0.2648506 0.1824323 0.05585336 0.05729104 0.2767937 -0.2395648 0.2321769 0.05585336 -0.07591488 0.03539244 0.04077914 0.1533351 -0.2174173 0 0.7197436 0.09867286 0.04105878 0.2381273 0 0.05960792 0.1061127 0 -0.1239866 0.09547676 -0.03154143 0.3150377 0.1433284 0.105117 0.1731783
0.1953148 -0.01503726 -0.04502508 -0.3643209 -0.07727103 -0.07167759 -0.03529859 -0.02298932 0.5910942 -0.007561279 0 -0.3643209 0 -0.05779312 0.07507989 1.01 0 -0.0186907 0 -0.09289336 -0.05725046 -0.03044774 0 0 -0.07494603 -0.02933896 0.2543091 -0.0140458 0 -0.02411995 -0.02965224 -0.02245257 0 -0.03477334 0.07995225 -0.01211474 0 -0.06750112 -0.01703861 -0.03632278 -0.02461033 -0.0002004247 -0.05998154 -0.08060135 0.08107274 -0.1162796 0.2250035 -0.01806488 0.369524 -0.05781183 0.1694402 0 -0.1115694 -0.01850629 -0.05998154 -0.02770931 0.01376373 -0.0003169554 0 -0.01281814 -0.05998154 -0.05998154 0.3679672 0.3444505 -0.0137571 -0.05989642 -0.0498324 0.132377 -0.01339107 -0.05444455 -0.06463683 -0.02657477 -0.0194447 -0.01940457 -0.07249759 -0.04370153 -0.07251052 0.0005460991 -0.01301772 0 -0.008465762 0.01390813 0 0 -0.03244887 0 -0.06413966 -0.00948763 -0.02712208 -0.01944984 -0.07251052 -0.05349202 -0.08025836 -0.03968832 -0.0003169554 -0.05859864 -0.02441257 -0.0349975 -0.04503171 0 0 -0.01301772 -0.06422465 0.1579467 0 -0.0623014 0 0 -0.06216493 -0.06326464 -0.06326464 -0.0191355 -0.03414152 -0.04261425 -0.03722747 0 -0.07273393 -0.05456911 0 0 -0.07228863 -0.07490699 0.2453273 -0.01572292 -0.02763982 -0.07276042 -0.03235849 -0.06437136 0.07908803 0.2486912 0.2486912 0 -0.1180513 -0.01301772 0 0.01309383 -0.07181926 -0.02091268 -0.02314713 -0.1148257 -0.02321393 -0.07988365 -0.02091268 -0.01109541 -0.01485691 -0.01463373 -0.0616045 -0.03804146 0 0.07219033 -0.06426917 -0.01406484 0.2370443 0 -0.01321203 -0.0340599 0 -0.03979282 -0.0342743 -0.0715047 0.1488385 0.09190569 0.09192104 0.1475923
0 0 0 0 0 0 0 0 0 0 0 0 0 0 0 0 1.01 0 0 0 0 0 0 0 0 0 0 0 0 0 0 0 0 0 0 0 0 0 0 0 0 0 0 0 0 0 0 0 0 0 0 0 0 0 0 0 0 0 0 0 0 0 0 0 0 0 0 0 0 0 0 0 0 0 0 0 0 0 0 0 0 0 0 0 0 0 0 0 0 0 0 0 0 0 0 0 0 0 0 0 0 0 0 0 0 0 0 0 0 0 0 0 0 0 0 0 0 0 0 0 0 0 0 0 0 0 0 0 0 0 0 0 0 0 0 0 0 0 0 0 0 0 0 0 0 0 0 0 0 0 0 0 0 0 0 0 0 0 0 0 0 0 0 0
-0.001406956 -0.01685055 -0.01610895 -0.006904228 -0.04364779 -0.04040564 -0.01183038 -0.02615497 -0.01773379 -0.01348889 0 -0.006904228 0 -0.02866725 0.0349609 -0.0186907 0 1.01 0 -0.01488332 -0.0210608 -0.01058293 0 0 -0.04374691 -0.01415647 -0.01268119 -0.0169653 0 0.01032525 -0.01310656 -0.01900997 0 -0.01427967 -0.1603131 -0.01361017 0 0.1947367 -0.003542223 -0.02121183 -0.01409619 0.1757854 -0.0294661 -0.05285389 -0.1435164 -0.07379704 -0.05201045 0.007092688 0.01007245 -0.02543652 -0.05636351 0 -0.09240961 -0.01715698 -0.0294661 -0.008284359 0.01277053 -0.001476652 0 -0.01588766 -0.0294661 -0.0294661 0.01292268 0.0107782 0.540766 -0.02616356 0.03054413 0.001896532 -0.01506777 -0.03143929 -0.0298055 -0.01815217 -0.01510848 -0.01548642 -0.03897702 -0.02538747 -0.03898459 -0.004647904 -0.01686815 0 -0.008443513 0.01629807 0 0 -0.00783083 0 -0.02950357 -0.01438027 -0.01134359 -0.01900997 -0.03898459 -0.02936142 -0.05020177 -0.009839712 -0.001476652 -0.02591927 -0.004593259 -0.02267726 -0.0261122 0 0 -0.01686815 -0.03486087 -0.001906699 0 0.1799483 0 0 -0.02974749 -0.02967918 -0.02967918 -0.01883491 -0.01990494 -0.01892699 -0.03055103 0 -0.03910654 -0.02579958 0 0 -0.03885978 -0.05424852 -0.0150529 0.1633756 -0.0120434 -0.03912078 -0.01478466 0.1811625 -0.1403612 -0.01308937 -0.01308937 0 -0.07166803 -0.01686815 0 0.01595566 -0.03820682 -0.01095029 -0.01220512 -0.07046245 -0.009407292 -0.05041294 -0.01095029 -0.007185359 -0.01605862 -0.007662508 -0.0313246 -0.00426686 0 -0.1488054 -0.03488554 0.003301536 -0.01517568 0 -0.01599777 -0.01073659 0 -0.02685352 -0.01586378 -0.0350037 -0.04158192 -0.01042469 -0.01361729 0.0009524573
0 0 0 0 0 0 0 0 0 0 0 0 0 0 0 0 0 0 1.01 0 0 0 0 0 0 0 0 0 0 0 0 0 0 0 0 0 0 0 0 0 0 0 0 0 0 0 0 0 0 0 0 0 0 0 0 0 0 0 0 0 0 0 0 0 0 0 0 0 0 0 0 0 0 0 0 0 0 0 0 0 0 0 0 0 0 0 0 0 0 0 0 0 0 0 0 0 0 0 0 0 0 0 0 0 0 0 0 0 0 0 0 0 0 0 0 0 0 0 0 0 0 0 0 0 0 0 0 0 0 0 0 0 0 0 0 0 0 0 0 0 0 0 0 0 0 0 0 0 0 0 0 0 0 0 0 0 0 0 0 0 0 0 0 0
-0.05000015 -0.06819863 -0.1168807 0.2528873 -0.121635 -0.09239605 -0.1017038 -0.125978 -0.07819604 -0.04374611 0 0.2528873 0 -0.2389391 0.25829 -0.09289336 0 -0.01488332 0 1.01 -0.1384017 -0.1066052 0 0 -0.1233436 -0.1004581 -0.3725956 0.160319 0 -0.06368335 -0.08165887 -0.06771543 0 -0.1145267 0.2634041 -0.01872162 0 -0.2125885 -0.05446021 -0.1525455 -0.08750486 -0.227579 -0.2363228 0.9002679 0.2528073 0.665661 -0.1524937 -0.07690385 -0.2466165 -0.1388255 0.4456163 0 0.4351671 -0.09813986 -0.2363228 0.001608785 0.06210449 -0.03220985 0 0.06784337 -0.2363228 -0.2363228 -0.246695 -0.2490008 -0.007898631 -0.0977079 -0.1747666 -0.1854079 -0.08764308 -0.01826555 -0.1655997 0.03673425 -0.05939003 -0.06843334 -0.07577034 -0.1592491 -0.07589718 -0.0482516 -0.07117327 0 -0.05211425 0.06024 0 0 -0.08310891 0 -0.1639054 0.07682118 -0.06556755 -0.05776053 -0.07589718 -0.1747926 0.8714987 -0.1150418 -0.03220985 -0.1376077 -0.07112602 -0.08241514 -0.1595941 0 0 -0.07117327 -0.1799902 -0.05343888 0 -0.1993462 0 0 -0.1669274 -0.1663778 -0.1663778 -0.05772677 -0.06512202 -0.1243254 -0.2768818 0 -0.07209861 0.04220661 0 0 -0.07495581 0.8386058 -0.3618873 -0.03156382 -0.05523883 -0.0764991 -0.02112605 -0.198026 0.2287696 -0.3539831 -0.3539831 0 0.6198195 -0.07117327 0 0.05940916 -0.06691532 -0.07312074 -0.07742172 0.6390314 -0.0001304486 0.8680101 -0.07312074 -0.07494903 -0.04802428 -0.02973403 -0.009865479 -0.07358369 0 0.2056471 -0.17975 0.0450113 -0.3524385 0 0.08225397 -0.1318673 0 -0.1274447 -0.03998496 0.005523551 -0.2678622 -0.1556878 -0.2979785 -0.1198232
-0.03697914 -0.020219 0.7023267 0.1151702 -0.06438053 -0.05490339 0.6790897 -0.04716067 -0.04156517 -0.006460583 0 0.1151702 0 -0.1116385 0.1013988 -0.05725046 0 -0.0210608 0 -0.1384017 1.01 -0.05208734 0 0 -0.06360873 -0.05189966 -0.1731205 -0.01727906 0 -0.03127912 -0.03535605 -0.01506528 0 -0.04762315 0.1088393 -0.02471655 0 -0.09072332 -0.02439905 -0.06702606 -0.04580724 -0.1068366 -0.1115667 -0.1248848 0.1191179 0.3269125 -0.08600167 -0.03352303 -0.1113111 0.9373976 0.2143175 0 0.2181948 -0.03537505 -0.1115667 -0.03353107 0.03318672 -0.02122816 0 -0.03674394 -0.1115667 -0.1115667 -0.1097874 -0.1215297 -0.03573617 0.8266736 -0.06769116 -0.05389689 -0.02383339 -0.02724099 0.7860777 -0.01303065 -0.03595773 -0.03211849 -0.05992117 -0.05842567 -0.05996043 -0.01830008 -0.03131651 0 -0.003241457 0.03557966 0 0 -0.04382251 0 0.7800575 -0.03405351 -0.01961576 -0.01717781 -0.05996043 -0.06858073 -0.1192041 -0.05632623 -0.02122816 0.9206723 -0.03085282 0.5522765 -0.02874058 0 0 -0.03131651 0.6988155 -0.04216467 0 -0.08421178 0 0 0.7497971 0.7519874 0.7519874 -0.01882728 0.5493676 -0.05509708 -0.1310665 0 -0.06142399 -0.01932377 0 0 -0.06071369 -0.1218234 -0.1605709 -0.02885554 -0.04938319 -0.06144636 -0.02952782 -0.08253471 0.1117614 -0.1576319 -0.1576319 0 0.3058074 -0.03131651 0 0.03456086 -0.0562407 -0.03018342 -0.02601512 0.3143141 -0.03189447 -0.1197936 -0.03018342 -0.02239337 -0.01297484 -0.02248543 -0.03398218 -0.04014674 0 0.1053297 0.6985832 -0.01425041 -0.1618975 0 -0.0430945 -0.0681792 0 0.04289471 -0.05207779 -0.1119402 -0.1630603 -0.1029076 -0.1346218 -0.08030996
-0.01931459 -0.02195184 -0.04304905 -0.397536 -0.0874204 -0.08646624 -0.03785379 -0.03888347 -0.02411045 -0.0120753 0 -0.397536 0 -0.07213951 0.07436057 -0.03044774 0 -0.01058293 0 -0.1066052 -0.05208734 1.01 0 0 -0.06881419 0.9445102 0.2737196 -0.02527837 0 -0.01378311 -0.01182016 -0.01412436 0 0.8980034 0.07709262 -0.004922539 0 -0.06146885 -0.02818701 -0.04567375 -0.01427105 -0.07952028 -0.08025193 -0.08936744 0.08448002 -0.1177577 -0.1055922 -0.01372696 0.4130706 -0.0510391 0.2020439 0 -0.1448761 -0.03433578 -0.08025193 -0.0239972 0.0232801 -0.01300366 0 -0.03961018 -0.08025193 -0.08025193 0.3737891 0.3593263 -0.02823437 -0.05579405 -0.06142374 -0.0815557 -0.0243603 -0.07992251 -0.04802355 -0.01675848 -0.01262209 -0.02680821 -0.09314259 -0.05520869 -0.09315177 -0.02762816 -0.02562578 0 -0.00671565 0.02799959 0 0 -0.03330898 0 -0.0473553 -0.03684315 -0.002917528 -0.01682489 -0.09315177 -0.01393812 -0.08867281 -0.0334045 -0.01300366 -0.04951391 -0.02452099 -0.02422094 -0.05226607 0 0 -0.02562578 -0.05591176 -0.02975508 0 -0.02160939 0 0 -0.05003085 -0.04985809 -0.04985809 -0.01647536 -0.02716931 -0.03224565 0.3474403 0 -0.09341648 -0.07851382 0 0 -0.0929337 -0.09096853 0.2377401 -0.01599713 -0.03169141 -0.0934505 -0.03138199 -0.0244294 0.05238375 0.2445881 0.2445881 0 -0.1157747 -0.02562578 0 0.02724618 -0.09103453 -0.004472323 -0.00288764 -0.1174384 -0.02423276 -0.089119 -0.004472323 -0.02272267 -0.01643631 -0.008362263 -0.07980063 -0.0198083 0 0.08072767 -0.05596469 -0.009081778 0.236934 0 -0.03974171 -0.0522917 0 -0.05069715 -0.04703468 0.1350896 0.02043141 0.02396191 0.2541043 -0.0950798
0 0 0 0 0 0 0 0 0 0 0 0 0 0 0 0 0 0 0 0 0 0 1.01 0 0 0 0 0 0 0 0 0 0 0 0 0 0 0 0 0 0 0 0 0 0 0 0 0 0 0 0 0 0 0 0 0 0 0 0 0 0 0 0 0 0 0 0 0 0 0 0 0 0 0 0 0 0 0 0 0 0 0 0 0 0 0 0 0 0 0 0 0 0 0 0 0 0 0 0 0 0 0 0 0 0 0 0 0 0 0 0 0 0 0 0 0 0 0 0 0 0 0 0 0 0 0 0 0 0 0 0 0 0 0 0 0 0 0 0 0 0 0 0 0 0 0 0 0 0 0 0 0 0 0 0 0 0 0 0 0 0 0 0 0
0 0 0 0 0 0 0 0 0 0 0 0 0 0 0 0 0 0 0 0 0 0 0 1.01 0 0 0 0 0 0 0 0 0 0 0 0 0 0 0 0 0 0 0 0 0 0 0 0 0 0 0 0 0 0 0 0 0 0 0 0 0 0 0 0 0 0 0 0 0 0 0 0 0 0 0 0 0 0 0 0 0 0 0 0 0 0 0 0 0 0 0 0 0 0 0 0 0 0 0 0 0 0 0 0 0 0 0 0 0 0 0 0 0 0 0 0 0 0 0 0 0 0 0 0 0 0 0 0 0 0 0 0 0 0 0 0 0 0 0 0 0 0 0 0 0 0 0 0 0 0 0 0 0 0 0 0 0 0 0 0 0 0 0 0
-0.05268674 -0.05719113 -0.07864613 0.2078527 0.9706988 0.8993146 -0.06289691 -0.09972167 -0.06027002 -0.02829994 0 0.2078527 0 -0.1823683 0.1916163 -0.07494603 0 -0.04374691 0 -0.1233436 -0.06360873 -0.06881419 0 0 1.01 -0.08549377 -0.2961289 0.2050846 0 -0.05805412 -0.06528293 -0.04701384 0 -0.09622549 0.1994671 -0.03634301 0 -0.1654618 0.2432355 -0.119712 0.1411354 -0.1797686 -0.181649 -0.2388264 0.2235324 -0.3057078 0.826513 -0.06873462 -0.2008238 -0.1037589 -0.4200567 0 -0.4205719 0.2864814 -0.181649 -0.06701693 0.06260799 -0.05062541 0 0.3018102 -0.181649 -0.181649 -0.1907954 -0.2138892 0.01859849 -0.1165488 -0.1072896 0.05458412 0.212126 0.7469503 -0.1220044 -0.05750676 -0.06001108 -0.05400398 0.9121658 -0.1337117 0.9123738 0.1992721 -0.06085988 0 -0.02768008 0.05761648 0 0 -0.07229011 0 -0.1213723 0.2895891 -0.05536488 -0.03556857 0.9123738 -0.1623387 -0.2304586 -0.09221694 -0.05062541 -0.1057702 -0.04691329 -0.06748826 -0.1373015 0 0 -0.06085988 -0.1337171 0.07507353 0 -0.1716205 0 0 -0.120664 -0.1207298 -0.1207298 -0.03343123 -0.06097102 0.4489931 -0.2030337 0 0.9084983 0.6612139 0 0 0.9106112 -0.2354317 -0.3024993 -0.04245332 -0.07874898 0.9088291 0.1867065 -0.1705743 0.2212512 -0.297285 -0.297285 0 -0.2298768 -0.06085988 0 0.05790944 0.9020899 0.2435907 0.2530078 -0.2776607 -0.06943633 -0.2256512 0.2435907 -0.0462259 -0.03978281 -0.02667607 0.6761073 -0.04363474 0 0.2023549 -0.1338495 -0.0512901 -0.2364067 0 0.2984227 -0.1004042 0 0.08083248 0.1944382 -0.1881774 0.2026054 0.1930597 -0.07254283 0.7992371
-0.02229451 -0.02085756 -0.04428925 -0.3741554 -0.08610695 -0.08622465 -0.03714481 -0.03503 -0.0253542 -0.009706494 0 -0.3741554 0 -0.06623062 0.06807368 -0.02933896 0 -0.01415647 0 -0.1004581 -0.05189966 0.9445102 0 0 -0.08549377 1.01 0.2588128 -0.02922946 0 -0.01207903 -0.006783611 -0.0106209 0 0.8827696 0.07107287 -0.002118134 0 -0.05447418 -0.0282601 -0.04580701 -0.01345208 -0.07342359 -0.07327351 -0.08144261 0.07874966 -0.1105494 -0.1034308 -0.01316745 0.3894454 -0.05093429 0.1903746 0 -0.131617 -0.02883674 -0.07327351 -0.02328838 0.02210943 -0.01399421 0 -0.04183087 -0.07327351 -0.07327351 0.3486558 0.3335139 -0.02654363 -0.0540056 -0.05810169 -0.08266895 -0.01974019 -0.07777759 -0.04830666 -0.01359976 -0.008788422 -0.02519293 -0.09176896 -0.05071824 -0.09177604 -0.02867393 -0.02361586 0 -0.007271431 0.02738772 0 0 -0.03245077 0 -0.04768908 -0.03938088 -0.006164839 -0.01633013 -0.09177604 -0.0079437 -0.08129691 -0.02681323 -0.01399421 -0.04919188 -0.02142414 -0.02373275 -0.04861425 0 0 -0.02361586 -0.05632093 -0.02846772 0 -0.01420976 0 0 -0.05044797 -0.05029562 -0.05029562 -0.01599977 -0.0278197 -0.03284215 0.3262151 0 -0.09203093 -0.07905008 0 0 -0.09157894 -0.08354943 0.22351 -0.01844648 -0.0259129 -0.09206444 -0.03043399 -0.01805857 0.04496998 0.2298367 0.2298367 0 -0.109044 -0.02361586 0 0.02668732 -0.08926984 -0.002668075 -0.0006923899 -0.110996 -0.02328726 -0.08172228 -0.002668075 -0.0198936 -0.01712201 -0.005554525 -0.08015846 -0.02075727 0 0.07532526 -0.05637022 -0.00946179 0.2228647 0 -0.03988012 -0.04694491 0 -0.04303575 -0.04707534 0.1546172 0.0001118935 -0.006629572 0.2387942 -0.09431969
0.163778 -0.08618996 -0.1396525 -0.5813201 -0.2820148 -0.2628157 -0.119921 -0.1344571 0.1369277 -0.04880044 0 -0.5813201 0 0.6307859 0.2816105 0.2543091 0 -0.01268119 0 -0.3725956 -0.1731205 0.2737196 0 0 -0.2961289 0.2588128 1.01 -0.06603739 0 -0.08156343 -0.08970374 0.1580074 0 0.2929739 0.2859526 -0.006726708 0 -0.236307 -0.07255672 0.4108382 0.05464849 0.4937343 0.6237496 -0.3410342 0.291357 -0.4270849 -0.2398328 -0.01803927 0.667339 -0.1716212 0.05221113 0 0.08441875 -0.07194143 0.6237496 -0.08977998 0.07464792 0.1235031 0 -0.09844616 0.6237496 0.6237496 0.5896784 0.5769477 -0.02655795 -0.1377661 0.3948232 0.1835981 -0.09983388 -0.2438962 -0.2017202 0.05465778 -0.05956939 -0.09670469 -0.301529 0.4130195 -0.3015769 -0.06274306 -0.09944043 0 -0.06313268 0.06697455 0 0 0.2413139 0 -0.2002687 -0.09296791 -0.07643091 -0.08163103 -0.3015769 0.3256679 -0.3267677 -0.05916001 0.1235031 -0.1728438 -0.06593068 -0.1016419 0.4052181 0 0 -0.09944043 -0.1995771 0.07317056 0 -0.2004645 0 0 -0.1872817 -0.1875072 -0.1875072 -0.08036538 -0.09800774 -0.1408808 0.6777154 0 -0.3019025 -0.2271933 0 0 -0.3010005 -0.3384702 0.91758 0.1607626 0.1859162 -0.2970307 -0.1125058 -0.1974419 0.2744084 0.9329994 0.9329994 0 -0.4387395 -0.09944043 0 0.07230894 -0.2969725 -0.06394101 -0.06633589 -0.4301092 -0.09228297 -0.3267639 -0.06394101 0.07797929 -0.07159772 0.1113768 -0.2569174 -0.03619386 0 0.2813187 -0.1997686 0.0458112 0.870618 0 -0.09652316 0.3033085 0 -0.03103031 0.0685978 0.1893533 0.5325148 0.313952 0.5096117 -0.1811618
-0.003049948 0.004349437 -0.009968536 0.05219823 0.2058565 0.223451 -0.004051431 -0.02116645 -0.01478253 -0.007100164 0 0.05219823 0 -0.03157625 0.0381859 -0.0140458 0 -0.0169653 0 0.160319 -0.01727906 -0.02527837 0 0 0.2050846 -0.02922946 -0.06603739 1.01 0 -0.01877926 -0.007244675 -0.009915573 0 -0.02547514 0.04161735 -0.007290497 0 -0.03100712 -0.0002040659 -0.02914835 -0.01975333 -0.03640069 -0.02925718 -0.05214217 0.04247873 -0.06213402 0.1752069 -0.01876647 -0.05423318 -0.01663832 -0.09459634 0 -0.07607208 -0.02264109 -0.02925718 -0.01773904 0.01435483 -0.01577596 0 0.626819 -0.02925718 -0.02925718 -0.05255852 -0.0600726 -0.01783144 -0.01696913 -0.04413672 -0.0494268 -0.01333323 0.2662735 -0.02742863 -0.008454406 -0.01642934 -0.0009328816 0.2073001 -0.03944102 0.2071864 -0.01765564 -0.002980567 0 -0.003149073 0.01310729 0 0 -0.01702283 0 -0.02709058 0.6524781 -0.02221296 0.005326648 0.2071864 -0.04797979 -0.0479854 -0.01301641 -0.01577596 -0.0172254 -0.01118067 -0.0169468 -0.04011784 0 0 -0.002980567 -0.0292018 -0.02059659 0 -0.03377201 0 0 -0.0273614 -0.02727533 -0.02727533 0.005506412 -0.01328673 -0.02443868 -0.03888071 0 0.2059377 0.287997 0 0 0.2064748 -0.04593866 -0.06361671 -0.01979536 -0.008869627 0.2060127 -0.01355841 -0.03706156 0.04581327 -0.06402712 -0.06402712 0 -0.06122573 -0.002980567 0 0.01269485 0.207146 -0.01249131 -0.01378125 -0.05845277 -0.01520066 -0.04821601 -0.01249131 -0.003341067 0.007161764 -0.002177663 0.2460637 -0.006228231 0 0.04208267 -0.02922946 -0.01657563 -0.06806665 0 0.5397253 -0.01436268 0 -0.03295256 0.3432049 -0.04681095 0.1007016 0.1416492 0.1202782 0.167995
0 0 0 0 0 0 0 0 0 0 0 0 0 0 0 0 0 0 0 0 0 0 0 0 0 0 0 0 1.01 0 0 0 0 0 0 0 0 0 0 0 0 0 0 0 0 0 0 0 0 0 0 0 0 0 0 0 0 0 0 0 0 0 0 0 0 0 0 0 0 0 0 0 0 0 0 0 0 0 0 0 0 0 0 0 0 0 0 0 0 0 0 0 0 0 0 0 0 0 0 0 0 0 0 0 0 0 0 0 0 0 0 0 0 0 0 0 0 0 0 0 0 0 0 0 0 0 0 0 0 0 0 0 0 0 0 0 0 0 0 0 0 0 0 0 0 0 0 0 0 0 0 0 0 0 0 0 0 0 0 0 0 0 0 0
-0.01618805 -0.008223981 -0.01719752 0.05053547 -0.05902699 -0.05287011 -0.01374179 -0.02785634 -0.02363088 -0.0184583 0 0.05053547 0 -0.05884951 -0.2803515 -0.02411995 0 0.01032525 0 -0.06368335 -0.03127912 -0.01378311 0 0 -0.05805412 -0.01207903 -0.08156343 -0.01877926 0 1.01 -0.01017181 -0.01007088 0 -0.01667711 -0.2745286 -0.01306743 0 0.3300363 -0.02631401 -0.03862554 -0.02059805 -0.05262378 -0.06140971 -0.05715701 -0.246879 -0.07612067 -0.07042415 0.8726757 -0.04873784 -0.02867044 -0.09928718 0 -0.1191112 -0.03315018 -0.06140971 -0.0200292 0.009309552 -0.01029082 0 -0.02586784 -0.06140971 -0.06140971 0.07114892 0.06395243 -0.01471587 -0.03604965 -0.0310262 -0.03801861 -0.03052663 -0.05318477 -0.03628368 -0.01222937 -0.01997918 -0.02001331 -0.05558542 -0.02328665 -0.05559481 -0.01832574 -0.02194903 0 -0.02066629 0.01091965 0 0 -0.02101464 0 -0.03743544 -0.02692348 -0.01051703 -0.01007088 -0.05559481 0.2254758 -0.05540115 0.2009234 -0.01029082 -0.02937739 -0.01181819 -0.02471735 -0.02597495 0 0 -0.02194903 -0.03750151 -0.02231275 0 0.1826505 0 0 -0.03461658 -0.03450221 -0.03450221 -0.00983454 -0.02026358 -0.01290689 0.04719881 0 -0.05576454 -0.04650745 0 0 -0.05542939 -0.05717794 0.0102882 -0.009492943 -0.03425845 -0.05578485 -0.02358904 0.1796633 -0.1365112 0.01480484 0.01480484 0 -0.07641697 -0.02194903 0 0.01031023 -0.05705015 -0.01362193 -0.01185254 -0.07492322 -0.02137278 -0.05571015 -0.01362193 -0.004142324 -0.007782839 -0.01468054 -0.05446946 -0.02382033 0 0.06103734 -0.03753741 -0.01192766 0.009283217 0 -0.0231459 -0.03980049 0 -0.02835989 -0.03936761 0.06072908 -0.115671 -0.07912607 0.0254571 -0.06572324
