1.01 0 0.7446901 0 0.4788852 0 0.6372907 0.6462622 0 -0.05849825 -0.07531932 -0.06797038 0.9906796 -0.04744246 -0.05140263 0.9906796 0.744226 0 -0.06895937 -0.1181757 -0.09253943 0.7170753 -0.1304391 0.6529882 -0.05721518 -0.06830345 -0.04332426 -0.05443928 -0.1007083 -0.04616969 0.4437119 -0.08487294 -0.04925984 -0.03912923 0 0 -0.06869285 0.3129948 -0.08482483 0 -0.1643626 -0.02447528 0 0.03905686 -0.133775 -0.02796716 -0.01752407 -0.1054133 -0.02867765 -0.02462263 -0.1187591 -0.100195 -0.04985608 -0.05969755 -0.0312099 0 -0.03531022 0 0.549442 -0.1117856 -0.1119843 -0.05174373 -0.02782084 -0.02796716 -0.237739 -0.02796716 -0.04297656 -0.04823725 -0.05756012 -0.1282254 -0.04088032 -0.05214434 0 -0.1408456 0 -0.06228789 -0.04088032 -0.01673122 0.3126474 -0.03179124 -0.05756012 -0.0312099 -0.05218156 -0.0312099 -0.05756012 -0.06531494 0 0.3126474 -0.04247839 0 -0.06097507 -0.05756012 -0.05218156 -0.05612927 -0.06128829 -0.04998848 -0.1413992 -0.04300461 0.549442 -0.0312099 -0.04339761 0.02455861 -0.04786913 0.3068407 -0.03137413 0.3068407 -0.05218156 -0.02716717 0 -0.01775856 0.09966517 -0.0410622 0.2576487 0 -0.07186846 0 -0.02343454 0 -0.04819377 -0.05004603 0 -0.04904174 -0.2065854 -0.4798897 -0.4798897 -0.1188786 -0.03197109 -0.04819377 -0.07972245 -0.03291578 -0.2084883 -0.06122433 -0.1242857 -0.0456742 -0.02799708 -0.05826698 -0.02389074 -0.1478976 -0.07775677 0.3068407 0.01779861 0 -0.3336899 -0.07086788 0.2308576 -0.06031811 0 -0.02716717 -0.4798897 -0.04929784 -0.03025275 -0.04819377 -0.06097319 -0.1447049 -0.07748082 -0.04422196 -0.04819377 -0.03426939 0.0004928483 -0.04550744 -0.04300461 0 -0.04819377 -0.09480339 -0.2470209
0 1.01 0 0 0 0 0 0 0 0 0 0 0 0 0 0 0 0 0 0 0 0 0 0 0 0 0 0 0 0 0 0 0 0 0 0 0 0 0 0 0 0 0 0 0 0 0 0 0 0 0 0 0 0 0 0 0 0 0 0 0 0 0 0 0 0 0 0 0 0 0 0 0 0 0 0 0 0 0 0 0 0 0 0 0 0 0 0 0 0 0 0 0 0 0 0 0 0 0 0 0 0 0 0 0 0 0 0 0 0 0 0 0 0 0 0 0 0 0 0 0 0 0 0 0 0 0 0 0 0 0 0 0 0 0 0 0 0 0 0 0 0 0 0 0 0 0 0 0 0 0 0 0 0 0 0 0 0 0 0 0 0 0 0 0
0.7446901 0 1.01 0 0.6470192 0 0.8601255 0.8723865 0 0.5346275 -0.1083347 -0.09050675 0.7379877 0.5640931 -0.06069821 0.7379877 0.5566155 0 -0.05124071 -0.1638427 -0.1239647 0.519329 -0.1683542 0.4612429 -0.07785034 -0.09095087 -0.04756486 -0.08292212 -0.1357813 0.4366849 0.3208937 -0.1153162 -0.06355108 -0.04775952 0 0 0.3140389 0.2382394 -0.1099906 0 -0.2907438 -0.05075683 0 -0.04850123 -0.1719894 -0.03553489 -0.08151418 -0.09986596 -0.03416332 -0.03827289 -0.1642635 -0.09095433 -0.06252196 -0.01801368 -0.03822536 0 -0.04184062 0 0.4120616 -0.1099935 -0.1098183 -0.07451968 -0.03785948 -0.03553489 -0.1453956 -0.03553489 -0.05597171 0.1054001 -0.07830784 -0.1257367 -0.06322529 -0.07556319 0 -0.1989002 0 0.2463068 -0.06322529 -0.04720203 0.2378962 -0.0366368 -0.07830784 -0.03822536 -0.07456714 -0.03822536 -0.07830784 -0.08522965 0 0.2378962 -0.05530197 0 -0.08248368 -0.07830784 -0.07456714 0.2516999 0.2481949 -0.0627089 -0.1919259 -0.05682468 0.4120616 -0.03822536 -0.05636926 -0.03477367 -0.03780685 0.2330658 -0.03845098 0.2330658 -0.07456714 -0.00307007 0 0.08777016 0.04168037 -0.04930622 0.1739253 0 -0.09038624 0 -0.03604975 0 -0.06907494 -0.06164621 0 -0.07100541 -0.07113929 -0.3541079 -0.3541079 0.08440972 -0.05105788 -0.06907494 -0.1104563 -0.04086242 -0.07368107 -0.08143711 -0.1576481 -0.05752718 -0.03014243 -0.08298802 -0.04391659 -0.1916496 0.2240608 0.2330658 0.1779498 0 -0.2329998 0.04266184 0.1589697 -0.07524031 0 -0.00307007 -0.3541079 -0.06434654 -0.05012355 -0.06907494 -0.08174444 -0.1741396 0.2240927 -0.06547378 -0.06907494 -0.04278844 0.1330667 -0.05924922 -0.05682468 0 -0.06907494 -0.1434604 -0.1574496
0 0 0 1.01 0 0 0 0 0 0 0 0 0 0 0 0 0 0 0 0 0 0 0 0 0 0 0 0 0 0 0 0 0 0 0 0 0 0 0 0 0 0 0 0 0 0 0 0 0 0 0 0 0 0 0 0 0 0 0 0 0 0 0 0 0 0 0 0 0 0 0 0 0 0 0 0 0 0 0 0 0 0 0 0 0 0 0 0 0 0 0 0 0 0 0 0 0 0 0 0 0 0 0 0 0 0 0 0 0 0 0 0 0 0 0 0 0 0 0 0 0 0 0 0 0 0 0 0 0 0 0 0 0 0 0 0 0 0 0 0 0 0 0 0 0 0 0 0 0 0 0 0 0 0 0 0 0 0 0 0 0 0 0 0 0
0.4788852 0 0.6470192 0 1.01 0 0.7218218 0.7333068 0 0.4158924 -0.163584 0.5758053 0.4728148 0.3758691 0.2735778 0.4728148 0.3552686 0 -0.1052184 -0.2294785 -0.1810169 0.5080148 -0.2469407 0.725854 -0.06137185 0.5715342 0.02982736 -0.1013164 -0.1978964 0.3124144 0.2087821 0.0317378 -0.09627244 -0.0374034 0 0 0.2371627 0.1971985 -0.02226696 0 -0.2238413 -0.07388817 0 0.07447547 -0.1782385 -0.05603881 0.07991781 -0.05597568 -0.05495051 -0.07019952 -0.1292829 -0.035125 -0.104016 -0.0751051 -0.05886721 0 0.06103165 0 0.2670444 -0.07359457 -0.07377659 -0.1143912 -0.05578003 -0.05603881 -0.03258637 -0.05603881 -0.01313555 0.1698924 -0.1196358 0.07763517 -0.08363942 -0.1143858 0 -0.2088647 0 0.1519824 -0.08363942 0.1073952 0.1967802 -0.0600252 -0.1196358 -0.05886721 -0.1143956 -0.05886721 -0.1196358 -0.1267379 0 0.1967802 -0.01176835 0 -0.124712 -0.1196358 -0.1143956 0.1560471 0.1538511 -0.1042898 -0.1833179 -0.01383737 0.2670444 -0.05886721 -0.08226814 0.09492875 0.3743671 0.1917917 -0.0592202 0.1917917 -0.1143956 0.2228307 0 -0.02563656 -0.03045362 -0.07212294 0.08239943 0 0.01790065 0 -0.01315208 0 -0.1115024 -0.08836754 0 -0.1161058 -0.1548208 -0.218188 -0.218188 -0.01915672 -0.08210513 -0.1115024 -0.1717284 -0.05578235 -0.1463 -0.1231997 -0.1571335 -0.08010843 -0.05146018 -0.1339095 -0.07446531 -0.2119985 0.1483448 0.1917917 0.06303025 0 -0.1076765 -0.03757541 0.1070768 0.05233285 0 0.2228307 -0.218188 -0.03008274 -0.08058494 -0.1115024 -0.08731793 -0.1671444 0.1483115 -0.007928476 -0.1115024 -0.06242017 0.006253029 -0.02060555 -0.01383737 0 -0.1115024 -0.115372 -0.1770629
0 0 0 0 0 1.01 0 0 0 0 0 0 0 0 0 0 0 0 0 0 0 0 0 0 0 0 0 0 0 0 0 0 0 0 0 0 0 0 0 0 0 0 0 0 0 0 0 0 0 0 0 0 0 0 0 0 0 0 0 0 0 0 0 0 0 0 0 0 0 0 0 0 0 0 0 0 0 0 0 0 0 0 0 0 0 0 0 0 0 0 0 0 0 0 0 0 0 0 0 0 0 0 0 0 0 0 0 0 0 0 0 0 0 0 0 0 0 0 0 0 0 0 0 0 0 0 0 0 0 0 0 0 0 0 0 0 0 0 0 0 0 0 0 0 0 0 0 0 0 0 0 0 0 0 0 0 0 0 0 0 0 0 0 0 0
0.6372907 0 0.8601255 0 0.7218218 0 1.01 0.9864409 0 0.5559232 -0.1281194 -0.1035225 0.643988 0.4982029 0.3543973 0.643988 0.4919891 0 -0.07036327 -0.1808329 -0.134447 0.6833635 -0.1764874 0.4367783 -0.01865096 -0.1045982 0.07577612 -0.09440883 -0.1476536 0.3729924 0.2751929 0.07043163 -0.0717729 -0.0522277 0 0 0.3301255 0.3095032 0.02525624 0 -0.3830473 -0.06123987 0 -0.08381406 -0.2104462 -0.04425482 -0.1081329 -0.009749837 -0.04326967 -0.05169845 -0.189908 0.009023275 -0.07289343 -0.03549424 -0.04119775 0 -0.04314235 0 0.3516604 -0.02125814 -0.01957689 -0.08971066 -0.04016202 -0.04425482 -0.09990021 -0.04425482 -0.06067059 0.08006481 -0.08926069 -0.1399149 -0.06912382 -0.09112747 0 -0.2349096 0 0.2456114 -0.06912382 -0.07625371 0.3082515 -0.03764832 -0.08926069 -0.04119775 -0.08956002 -0.04119775 -0.08926069 -0.066844 0 0.3082515 -0.05986501 0 -0.09159869 -0.08926069 -0.08956002 0.2510957 0.2478221 -0.0731132 -0.2245751 -0.06204007 0.3516604 -0.04119775 -0.06873712 -0.04236612 -0.04901405 0.3020143 -0.04146907 0.3020143 -0.08956002 -0.01225978 0 0.1111322 0.01981232 -0.05449899 0.1354321 0 0.07658476 0 -0.04263101 0 -0.08542455 -0.07332272 0 -0.08804461 -0.1092404 -0.2977719 -0.2977719 0.07965071 -0.05472808 -0.08542455 -0.1284889 -0.0377205 -0.1120868 -0.09075421 -0.1963092 -0.06547058 -0.03330556 -0.09586052 -0.0505294 -0.2324579 0.2358415 0.3020143 0.2026116 0 -0.1809552 0.03671546 0.2130771 0.1141643 0 -0.01225978 -0.2977719 -0.07106552 -0.053222 -0.08542455 -0.092048 -0.2097823 0.2360109 0.03085174 -0.08542455 -0.04577111 0.1490003 -0.06495448 -0.06204007 0 -0.08542455 -0.172313 -0.2761295
0.6462622 0 0.8723865 0 0.7333068 0 0.9864409 1.01 0 0.5647809 -0.1268577 -0.1028268 0.6530656 0.5061056 0.3579813 0.6530656 0.4990865 0 -0.06749095 -0.1807982 -0.1345103 0.6919697 -0.1936124 0.4436911 -0.01558493 -0.1038981 0.07562405 -0.09307077 -0.1477029 0.379385 0.2782793 0.07286312 -0.07073336 -0.05384732 0 0 0.3371126 0.3140465 0.02689647 0 -0.3933626 -0.0611065 0 -0.09804965 -0.2067807 -0.04306522 -0.1237416 -0.006755417 -0.04204805 -0.05084256 -0.1883409 0.01169601 -0.07247217 -0.03264948 -0.04374914 0 -0.04116113 0 0.3562306 -0.01804162 -0.01633744 -0.08775703 -0.04147142 -0.04306522 -0.1041643 -0.04306522 -0.0615917 0.06998816 -0.08681544 -0.15823 -0.07018766 -0.08914056 0 -0.231099 0 0.2528871 -0.07018766 -0.09187808 0.3136243 -0.03687794 -0.08681544 -0.04374914 -0.08762354 -0.04374914 -0.08681544 -0.1027752 0 0.3136243 -0.06080595 0 -0.09017321 -0.08681544 -0.08762354 0.2584096 0.2550894 -0.07268695 -0.2213604 -0.06289371 0.3562306 -0.04374914 -0.06784515 -0.05641248 -0.04825775 0.3073879 -0.04401015 0.3073879 -0.08762354 -0.01067272 0 0.1177389 0.02128716 -0.05656581 0.1391841 0 0.08017513 0 -0.04195858 0 -0.08292227 -0.07222077 0 -0.08536403 -0.1001583 -0.3022969 -0.3022969 0.08648063 -0.05594576 -0.08292227 -0.1257014 -0.0375135 -0.1029452 -0.08931193 -0.1923137 -0.06446378 -0.0331022 -0.09537356 -0.05010354 -0.2279896 0.2421153 0.3073879 0.211311 0 -0.1850175 0.04679692 0.2166573 0.1181753 0 -0.01067272 -0.3022969 -0.07146037 -0.05451866 -0.08292227 -0.09040366 -0.2060426 0.2422769 0.03261901 -0.08292227 -0.04827554 0.1572753 -0.06548743 -0.06289371 0 -0.08292227 -0.1704727 -0.2821641
0 0 0 0 0 0 0 0 1.01 0 0 0 0 0 0 0 0 0 0 0 0 0 0 0 0 0 0 0 0 0 0 0 0 0 0 0 0 0 0 0 0 0 0 0 0 0 0 0 0 0 0 0 0 0 0 0 0 0 0 0 0 0 0 0 0 0 0 0 0 0 0 0 0 0 0 0 0 0 0 0 0 0 0 0 0 0 0 0 0 0 0 0 0 0 0 0 0 0 0 0 0 0 0 0 0 0 0 0 0 0 0 0 0 0 0 0 0 0 0 0 0 0 0 0 0 0 0 0 0 0 0 0 0 0 0 0 0 0 0 0 0 0 0 0 0 0 0 0 0 0 0 0 0 0 0 0 0 0 0 0 0 0 0 0 0
-0.05849825 0 0.5346275 0 0.4158924 0 0.5559232 0.5647809 0 1.01 -0.07271526 -0.05826821 -0.05770404 0.8936476 -0.02989026 -0.05770404 -0.04152028 0 -0.005526262 -0.09820875 -0.06840954 -0.06356177 -0.1118331 0.009104134 0.07401092 -0.05855209 0.1871996 -0.05575305 -0.07613234 0.6879374 -0.0376079 -0.06770943 -0.03282432 -0.03010254 0 0 0.5483458 0.1401189 -0.06451468 0 -0.3012471 -0.04808029 0 -0.1269712 -0.1055446 -0.01833922 -0.1143419 -0.08527265 -0.01558332 -0.02736705 -0.1062435 -0.08293205 -0.04030051 -0.04098674 -0.02498643 0 -0.0162649 0 -0.02978116 -0.08896348 -0.08572557 -0.05182923 -0.02375584 -0.01833922 0.06442995 -0.01833922 -0.03627852 0.1621879 -0.04316188 -0.100681 -0.04690685 -0.05296499 0 -0.1303293 0 0.4368471 -0.04690685 -0.1118079 0.1399075 -0.01245296 -0.04316188 -0.02498643 -0.05137171 -0.02498643 -0.04316188 -0.05909014 0 0.1399075 -0.03585146 0 -0.04402954 -0.04316188 -0.05137171 0.4377297 0.4385426 -0.04041955 -0.124043 -0.03754269 -0.02978116 -0.02498643 -0.0356591 -0.1342005 -0.004837792 0.1376991 -0.02512993 0.1376991 -0.05137171 0.02449798 0 0.2147871 -0.04719878 -0.0300235 -0.04413555 0 -0.05009792 0 -0.02494104 0 -0.04759419 -0.03207731 0 -0.04979591 0.1343812 0.03694983 0.03694983 0.2685423 -0.03788799 -0.04759419 -0.06611458 -0.02696539 0.1327214 -0.04224216 -0.0943543 -0.02933284 -0.01463615 -0.05439598 -0.03969113 -0.1137087 0.4236498 0.1376991 0.3109461 0 0.04408135 0.1991607 0.08863644 -0.04106505 0 0.02449798 0.03694983 -0.04171537 -0.03837177 -0.04759419 -0.0435195 -0.09497286 0.4241992 -0.0423406 -0.04759419 -0.02816679 0.2608025 -0.03846742 -0.03754269 0 -0.04759419 -0.1039467 0.05593987
-0.07531932 0 -0.1083347 0 -0.163584 0 -0.1281194 -0.1268577 0 -0.07271526 1.01 -0.08806949 -0.07721917 -0.07015785 -0.05289279 -0.07721917 -0.05535922 0 -0.07034196 -0.143315 -0.1114266 -0.0880253 -0.1625979 -0.1135292 -0.07753619 -0.0891314 -0.03684872 -0.06455457 0.1153389 -0.06179985 -0.04266591 -0.1074362 -0.05052514 -0.04302697 0 0 -0.08557969 -0.05564066 -0.08742028 0 0.1620941 -0.05353515 0 -0.007677213 0.2533779 -0.04817038 0.02289255 -0.1220196 -0.04897163 0.3604474 0.3307361 -0.1090449 -0.05743666 -0.06721367 -0.03083681 0 0.1927855 0 -0.03848584 -0.1248146 -0.1250698 -0.06904478 -0.0339209 -0.04817038 0.04340664 -0.04817038 -0.04579069 -0.06863382 -0.06646018 -0.06552871 -0.05342008 -0.05501441 0 0.2361664 0 -0.116772 -0.05342008 -0.08066929 -0.05280392 -0.03582353 -0.06646018 -0.03083681 -0.0683664 -0.03083681 -0.06646018 -0.08296444 0 -0.05280392 -0.04514294 0 -0.07261099 -0.06646018 -0.0683664 -0.1163505 -0.1162028 -0.05570804 0.2770124 -0.04528601 -0.03848584 -0.03083681 -0.04868308 -0.02239187 0.0001010027 -0.05409962 -0.03105521 -0.05409962 -0.0683664 0.05317363 0 -0.1916616 0.1255011 -0.01487917 -0.05022828 0 -0.06658904 0 -0.04707657 0 -0.03605467 -0.05811757 0 -0.04028398 0.1269124 -0.02308135 -0.02308135 -0.1386217 -0.05307919 -0.03605467 -0.08059603 -0.03193027 0.1259808 -0.07292175 0.270676 -0.05562247 -0.04436425 -0.06374762 -0.04956526 0.2164715 -0.1032008 -0.05409962 -0.1533338 0 -0.21095 0.1313579 -0.07877092 -0.06023119 0 0.05317363 -0.02308135 -0.04866367 -0.05774418 -0.03605467 -0.07652206 0.275744 -0.1028643 -0.05020844 -0.03605467 -0.00824659 -0.1855178 -0.05158881 -0.04528601 0 -0.03605467 0.3206827 0.03442323
-0.06797038 0 -0.09050675 0 0.5758053 0 -0.1035225 -0.1028268 0 -0.05826821 -0.08806949 1.01 -0.06912183 -0.04550179 -0.02726459 -0.06912183 -0.05079023 0 -0.0732417 -0.1396853 -0.1034898 -0.06411109 -0.1499015 0.5649604 -0.07028898 0.9948713 -0.04572956 -0.07316429 -0.1126468 0.009338615 -0.02669916 -0.03821079 -0.05542907 0.0118711 0 0 -0.0502061 -0.06047838 -0.06398156 0 0.126599 -0.03906837 0 0.2171293 -0.02060135 -0.02932108 0.2557517 -0.07116283 -0.03020985 -0.04411218 0.0405827 -0.06305694 -0.06588849 -0.07091673 -0.03169363 0 0.152395 0 -0.03372965 -0.08472405 -0.08500213 -0.06116295 -0.0315348 -0.02932108 0.07498414 -0.02932108 0.05969149 0.1604331 -0.07150361 0.2936474 -0.04053217 -0.05941878 0 -0.03687961 0 -0.07462022 -0.04053217 0.258209 -0.06060525 -0.04025628 -0.07150361 -0.03169363 -0.06134724 -0.03169363 -0.07150361 -0.0710624 0 -0.06060525 0.06078483 0 -0.07480347 -0.07150361 -0.06134724 -0.07527855 -0.07452386 -0.06603497 -0.01195046 0.06025288 -0.03372965 -0.03169363 -0.0379358 0.1986632 0.6299262 -0.06070528 -0.03190536 -0.06070528 -0.06134724 0.3562535 0 -0.1649545 -0.06971597 -0.03590985 -0.04673949 0 -0.07108658 0 -0.03099358 0 -0.06289917 -0.04467657 0 -0.06669314 -0.1100439 0.04078493 0.04078493 -0.1277098 -0.0529539 -0.06289917 -0.1003417 -0.03813033 -0.09365115 -0.07356944 -0.007077371 -0.04194378 -0.03707182 -0.08204559 -0.04894566 -0.0443123 -0.06810608 -0.06070528 -0.1458555 0 0.06496181 -0.1049116 -0.08093927 -0.06384254 0 0.3562535 0.04078493 0.04638419 -0.05245078 -0.06289917 -0.01855272 -0.005473503 -0.06836263 -0.05241672 -0.06289917 -0.03148958 -0.1666262 0.05450034 0.06025288 0 -0.06289917 0.03972312 0.07671175
0.9906796 0 0.7379877 0 0.4728148 0 0.643988 0.6530656 0 -0.05770404 -0.07721917 -0.06912183 1.01 -0.04633967 -0.0520977 1 0.7619655 0 -0.06963316 -0.119282 -0.09329578 0.7274091 -0.1320322 0.6583534 -0.05696932 -0.06945604 -0.04404859 -0.05493842 -0.1017857 -0.04586321 0.4379857 -0.08609426 -0.05036131 -0.03820919 0 0 -0.06885175 0.3360927 -0.08570561 0 -0.1709657 -0.02552712 0 0.03460679 -0.1348005 -0.02745827 -0.02115731 -0.1060383 -0.02817782 -0.02553576 -0.1203767 -0.1010852 -0.05100432 -0.06029613 -0.03181414 0 -0.03607194 0 0.5423321 -0.1130852 -0.113285 -0.05122593 -0.02845577 -0.02745827 -0.2343648 -0.02745827 -0.04238172 -0.05242642 -0.05822355 -0.1306066 -0.04196912 -0.05165281 0 -0.1421322 0 -0.0630355 -0.04196912 -0.0198023 0.335729 -0.02916369 -0.05822355 -0.03181414 -0.05164673 -0.03181414 -0.05822355 -0.06685205 0 0.335729 -0.04187606 0 -0.06173255 -0.05822355 -0.05164673 -0.05693646 -0.06202975 -0.05113555 -0.14233 -0.04244724 0.5423321 -0.03181414 -0.04327967 0.01996029 -0.04830988 0.3296481 -0.03197878 0.3296481 -0.05164673 -0.02675549 0 -0.009686732 0.09732126 -0.04167023 0.2544358 0 -0.07315533 0 -0.02256765 0 -0.04756563 -0.0499959 0 -0.04855902 -0.2077851 -0.4733712 -0.4733712 -0.1195624 -0.03286238 -0.04756563 -0.0798908 -0.03350712 -0.2097093 -0.06198327 -0.1250133 -0.0455779 -0.02863231 -0.05749752 -0.02468176 -0.1489686 -0.07849799 0.3296481 0.02679452 0 -0.3282322 -0.06400146 0.2488377 -0.06147889 0 -0.02675549 -0.4733712 -0.04892893 -0.03114181 -0.04756563 -0.06182886 -0.1451466 -0.07822019 -0.0453097 -0.04756563 -0.03485593 0.008321033 -0.04373373 -0.04244724 0 -0.04756563 -0.0967266 -0.2420642
-0.04744246 0 0.5640931 0 0.3758691 0 0.4982029 0.5061056 0 0.8936476 -0.07015785 -0.04550179 -0.04633967 1.01 -0.03354746 -0.04633967 -0.03111111 0 -0.04474151 -0.09731299 -0.07315168 -0.05628048 -0.09585838 -0.06496523 -0.048776 -0.04576497 -0.02894559 -0.05003285 -0.08105742 0.7729927 -0.03387866 -0.07157775 -0.03436617 -0.02132466 0 0 0.6234271 0.003996948 -0.05936247 0 -0.2999923 -0.04486962 0 -0.1109014 -0.1201821 -0.01825252 -0.09628596 -0.0808081 -0.0150537 -0.02193913 -0.09675941 -0.07820663 -0.03411824 -0.04952519 -0.02024943 0 -0.01875159 0 -0.02408981 -0.08772552 -0.08409995 -0.04507445 -0.01906544 -0.01825252 0.05476674 -0.01825252 -0.02634064 0.2170105 -0.05018183 -0.08384596 -0.04392052 -0.04608783 0 -0.1260069 0 0.4654418 -0.04392052 -0.09388636 0.003889893 -0.01070687 -0.05018183 -0.02024943 -0.04466621 -0.02024943 -0.05018183 -0.05433233 0 0.003889893 -0.0259363 0 -0.05143149 -0.05018183 -0.04466621 0.4663138 0.4670359 -0.03422818 -0.1137328 -0.02753647 -0.02408981 -0.02024943 -0.02924534 -0.1182744 0.007496628 0.003564218 -0.02038054 0.003564218 -0.04466621 0.0353584 0 0.1993035 -0.04889366 -0.0244513 -0.03922776 0 -0.04965496 0 -0.0226229 0 -0.04154345 -0.02856068 0 -0.04277691 0.15801 0.029988 0.029988 0.3149928 -0.0328766 -0.04154345 -0.06787178 -0.02245008 0.1566243 -0.05050478 -0.110268 -0.02796008 -0.01407702 -0.0501176 -0.032926 -0.1298321 0.48722 0.003564218 0.2979729 0 0.03685509 0.1750032 -0.01743648 -0.04277736 0 0.0353584 0.029988 -0.03240089 -0.03368677 -0.04154345 -0.04935198 -0.1080884 0.4877786 -0.03981398 -0.04154345 -0.02357524 0.2505479 -0.02936748 -0.02753647 0 -0.04154345 -0.09299296 0.0530456
-0.05140263 0 -0.06069821 0 0.2735778 0 0.3543973 0.3579813 0 -0.02989026 -0.05289279 -0.02726459 -0.0520977 -0.03354746 1.01 -0.0520977 -0.04019182 0 -0.03081253 -0.06495509 -0.04899634 0.5181633 -0.05925934 -0.05971329 -0.03997664 -0.02881067 -0.01677756 -0.03219707 -0.05393653 -0.03149244 -0.0243373 0.4359708 -0.02744233 -0.01385309 0 0 0.1234823 -0.01876037 0.3189022 0 -0.2270553 -0.02715899 0 -0.08830448 -0.08881174 -0.02026197 -0.07582859 0.2190323 -0.02064151 -0.02942901 -0.07208288 0.242592 -0.02653056 -0.04352917 -0.01339396 0 -0.007762129 0 -0.0283003 0.2098349 0.2095243 -0.03859881 -0.008948485 -0.02026197 0.04919337 -0.02026197 -0.0145617 -0.02246223 -0.04171825 -0.06464549 -0.02481107 -0.03932907 0 -0.09851513 0 0.0794648 -0.02481107 -0.07431521 -0.01882622 -0.01230829 -0.04171825 -0.01339396 -0.03830474 -0.01339396 -0.04171825 -0.04085746 0 -0.01882622 -0.01423515 0 -0.04135153 -0.04171825 -0.03830474 0.08090247 0.08040261 -0.02661075 -0.08327577 -0.01552659 -0.0283003 -0.01339396 -0.02688327 -0.01718929 -0.01589848 -0.01993417 -0.01349606 -0.01993417 -0.03830474 -0.009835006 0 0.001202529 -0.03849933 -0.01838905 -0.03174009 0 0.4004812 0 -0.01734673 0 -0.04037836 -0.02857088 0 -0.04043389 -0.05512546 0.02951708 0.02951708 0.02786633 -0.01300762 -0.04037836 -0.05926704 0.007302045 -0.05575752 -0.04148686 -0.0877812 -0.02196257 -0.009063826 -0.04013271 -0.0115989 -0.1035592 0.09680966 -0.01993417 0.01780224 0 0.04596757 -0.0434165 -0.02339714 0.4557648 0 -0.009835006 0.02951708 -0.01986899 -0.01195208 -0.04037836 -0.04166623 -0.08570165 0.09705694 0.2321231 -0.04037836 -0.01410152 -0.001825423 -0.01744245 -0.01552659 0 -0.04037836 -0.07285119 -0.3509388
0.9906796 0 0.7379877 0 0.4728148 0 0.643988 0.6530656 0 -0.05770404 -0.07721917 -0.06912183 1 -0.04633967 -0.0520977 1.01 0.7619655 0 -0.06963316 -0.119282 -0.09329578 0.7274091 -0.1320322 0.6583534 -0.05696932 -0.06945604 -0.04404859 -0.05493842 -0.1017857 -0.04586321 0.4379857 -0.08609426 -0.05036131 -0.03820919 0 0 -0.06885175 0.3360927 -0.08570561 0 -0.1709657 -0.02552712 0 0.03460679 -0.1348005 -0.02745827 -0.02115731 -0.1060383 -0.02817782 -0.02553576 -0.1203767 -0.1010852 -0.05100432 -0.06029613 -0.03181414 0 -0.03607194 0 0.5423321 -0.1130852 -0.113285 -0.05122593 -0.02845577 -0.02745827 -0.2343648 -0.02745827 -0.04238172 -0.05242642 -0.05822355 -0.1306066 -0.04196912 -0.05165281 0 -0.1421322 0 -0.0630355 -0.04196912 -0.0198023 0.335729 -0.02916369 -0.05822355 -0.03181414 -0.05164673 -0.03181414 -0.05822355 -0.06685205 0 0.335729 -0.04187606 0 -0.06173255 -0.05822355 -0.05164673 -0.05693646 -0.06202975 -0.05113555 -0.14233 -0.04244724 0.5423321 -0.03181414 -0.04327967 0.01996029 -0.04830988 0.3296481 -0.03197878 0.3296481 -0.05164673 -0.02675549 0 -0.009686732 0.09732126 -0.04167023 0.2544358 0 -0.07315533 0 -0.02256765 0 -0.04756563 -0.0499959 0 -0.04855902 -0.2077851 -0.4733712 -0.4733712 -0.1195624 -0.03286238 -0.04756563 -0.0798908 -0.03350712 -0.2097093 -0.06198327 -0.1250133 -0.0455779 -0.02863231 -0.05749752 -0.02468176 -0.1489686 -0.07849799 0.3296481 0.02679452 0 -0.3282322 -0.06400146 0.2488377 -0.06147889 0 -0.02675549 -0.4733712 -0.04892893 -0.03114181 -0.04756563 -0.06182886 -0.1451466 -0.07822019 -0.0453097 -0.04756563 -0.03485593 0.008321033 -0.04373373 -0.04244724 0 -0.04756563 -0.0967266 -0.2420642
0.744226 0 0.5566155 0 0.3552686 0 0.4919891 0.4990865 0 -0.04152028 -0.05535922 -0.05079023 0.7619655 -0.03111111 -0.04019182 0.7619655 1.01 0 -0.05951816 -0.09463661 -0.06798414 0.7176699 -0.09693201 0.5022472 -0.04646448 -0.05105041 -0.03359577 -0.05121038 -0.07334562 -0.032239 -0.006831766 -0.06210756 -0.03369853 -0.01977614 0 0 -0.04710914 0.4567122 -0.06384165 0 -0.3051818 -0.01995456 0 -0.1308086 -0.114814 -0.01498723 -0.1142379 -0.07806314 -0.01557299 -0.02049617 -0.08969366 -0.0767112 -0.03499441 -0.04601053 -0.02572236 0 -0.02357992 0 0.7132107 -0.0829309 -0.0830867 -0.04110193 -0.0273642 -0.01498723 -0.3349088 -0.01498723 -0.0251519 -0.1506908 -0.0455594 -0.1049443 -0.03348013 -0.04216659 0 -0.1186533 0 -0.06755351 -0.03348013 -0.1143286 0.4563001 -0.01551958 -0.0455594 -0.02572236 -0.0406729 -0.02572236 -0.0455594 -0.04989687 0 0.4563001 -0.02473233 0 -0.04705783 -0.0455594 -0.0406729 -0.06728414 -0.06684447 -0.0351059 -0.1030317 -0.02639253 0.7132107 -0.02572236 -0.03473095 -0.1402823 -0.03813274 0.4494185 -0.02584588 0.4494185 -0.0406729 -0.01795563 0 0.07245582 -0.05125736 -0.03407017 -0.0356185 0 -0.05822571 0 -0.03203517 0 -0.04126745 -0.03681768 0 -0.04258325 -0.1688465 -0.6293661 -0.6293661 -0.0919913 -0.01780327 -0.04126745 -0.0642613 -0.03064578 -0.170096 -0.04725025 -0.1063286 -0.03337595 -0.02229148 -0.04701051 -0.01259297 -0.1239028 -0.05757015 0.4494185 0.1033647 0 -0.4457272 0.01895861 0.3549889 -0.04655448 0 -0.01795563 -0.6293661 -0.03151165 -0.01637321 -0.04126745 -0.04621995 -0.1065512 -0.05735558 -0.03284086 -0.04126745 -0.02902899 0.07188279 -0.02487776 -0.02639253 0 -0.04126745 -0.08795417 -0.3502681
0 0 0 0 0 0 0 0 0 0 0 0 0 0 0 0 0 1.01 0 0 0 0 0 0 0 0 0 0 0 0 0 0 0 0 0 0 0 0 0 0 0 0 0 0 0 0 0 0 0 0 0 0 0 0 0 0 0 0 0 0 0 0 0 0 0 0 0 0 0 0 0 0 0 0 0 0 0 0 0 0 0 0 0 0 0 0 0 0 0 0 0 0 0 0 0 0 0 0 0 0 0 0 0 0 0 0 0 0 0 0 0 0 0 0 0 0 0 0 0 0 0 0 0 0 0 0 0 0 0 0 0 0 0 0 0 0 0 0 0 0 0 0 0 0 0 0 0 0 0 0 0 0 0 0 0 0 0 0 0 0 0 0 0 0 0
-0.06895937 0 -0.05124071 0 -0.1052184 0 -0.07036327 -0.06749095 0 -0.005526262 -0.07034196 -0.0732417 -0.06963316 -0.04474151 -0.03081253 -0.06963316 -0.05951816 0 1.01 -0.119617 -0.09402922 -0.07321612 -0.1403859 -0.1056027 -0.06675738 -0.07281413 -0.04225594 -0.05513576 -0.103747 -0.03408749 -0.02799937 -0.08219087 -0.04716342 -0.02623255 0 0 -0.07168832 0.1805736 -0.06370876 0 0.05910959 -0.04867815 0 -0.09800114 0.08611363 -0.04531912 -0.0758288 -0.09705675 -0.04450683 -0.04092882 -0.1269928 -0.08366217 -0.05390965 0.2296165 -0.03021083 0 -0.02390651 0 -0.04541664 0.09451441 0.0941536 -0.06097777 -0.02467088 -0.04531912 0.07567283 -0.04531912 -0.02535553 -0.1419798 0.3215568 -0.1261198 -0.05067487 -0.05947345 0 0.0203965 0 0.1777547 -0.05067487 -0.06970842 0.1803085 -0.02680094 0.3215568 -0.03021083 -0.06041004 -0.03021083 0.3215568 -0.06604096 0 0.1803085 -0.02619447 0 0.3058608 0.3215568 -0.06041004 0.1784278 0.1789492 -0.05404362 -0.1523223 -0.0271491 -0.04541664 -0.03021083 0.4457962 -0.1054872 -0.04410428 0.1770204 -0.0303876 0.1770204 -0.06041004 -0.02713725 0 0.1461344 -0.06333396 -0.03193858 0.124867 0 -0.057127 0 -0.03377415 0 -0.06335983 -0.04587846 0 -0.06614215 0.1122282 0.0432922 0.0432922 0.129567 -0.02365885 -0.06335983 0.193604 -0.02196706 0.1113003 0.3009073 0.007622512 -0.04583299 -0.03487027 -0.06756106 -0.01643318 0.1612459 -0.02387878 0.1770204 0.1967637 0 0.06259098 0.1540717 0.1306141 -0.05621543 0 -0.02713725 0.0432922 -0.03419331 -0.02171267 -0.06335983 0.2884597 0.01004717 -0.02355316 -0.0405447 -0.06335983 -0.03143642 0.146208 0.04161845 -0.0271491 0 -0.06335983 -0.1290479 0.07209773
-0.1181757 0 -0.1638427 0 -0.2294785 0 -0.1808329 -0.1807982 0 -0.09820875 -0.143315 -0.1396853 -0.119282 -0.09731299 -0.06495509 -0.119282 -0.09463661 0 -0.119617 1.01 0.7601912 -0.1278223 -0.2203281 -0.174968 -0.1045257 -0.1388158 0.198799 0.4977309 0.6638661 -0.08213504 -0.0504231 0.4885413 0.3055362 -0.06248729 0 0 0.1145307 -0.08289538 0.2703891 0 -0.110618 -0.0650128 0 -0.0008586193 -0.2712919 0.1684386 -0.1491034 0.2188371 0.1677286 -0.05563147 -0.2068479 0.1595524 -0.06095299 -0.1125643 0.2264799 0 -0.06360369 0 -0.06574023 0.1102979 0.1104443 -0.098808 -0.04334943 0.1684386 0.1258071 0.1684386 -0.03078448 0.09790234 -0.1096834 -0.143089 0.3394553 -0.09951018 0 -0.2549343 0 0.02305796 0.3394553 -0.1446918 -0.08309354 -0.05920222 -0.1096834 0.2264799 -0.09901906 0.2264799 -0.1096834 -0.1028746 0 -0.08309354 -0.02965686 0 -0.06453868 -0.1096834 -0.09901906 0.01637736 0.01699645 -0.06127853 -0.2482398 -0.03232781 -0.06574023 0.2264799 -0.08693136 0.03866332 -0.1042581 -0.0712641 0.2256121 -0.0712641 -0.09901906 -0.0699749 0 0.1583598 0.2536265 0.1890067 -0.02726314 0 0.2706698 0 0.2630377 0 -0.0943381 0.2566678 0 -0.1011567 -0.2596163 0.07398258 0.07398258 -0.04690387 0.08038057 -0.0943381 -0.1136475 0.1126289 -0.2618581 -0.06504355 -0.2501233 0.2716128 -0.0462053 -0.1306871 -0.001705169 -0.264227 0.05241208 -0.0712641 -0.0742648 0 0.08731074 -0.2275171 -0.01438076 0.1825533 0 -0.0699749 0.07398258 -0.04044545 0.07203996 -0.0943381 -0.06949921 -0.2474729 0.05261357 0.2829303 -0.0943381 0.2145697 0.155071 -0.03434204 -0.03232781 0 -0.0943381 -0.2065025 -0.1013413
-0.09253943 0 -0.1239647 0 -0.1810169 0 -0.134447 -0.1345103 0 -0.06840954 -0.1114266 -0.1034898 -0.09329578 -0.07315168 -0.04899634 -0.09329578 -0.06798414 0 -0.09402922 0.7601912 1.01 -0.09407648 -0.1690306 -0.1304338 -0.0784104 -0.1027676 -0.02761024 -0.08807335 0.8875318 -0.05998783 -0.03849053 0.6609103 0.3965866 -0.0442915 0 0 -0.1063692 -0.0612455 0.2583999 0 0.0001901587 -0.04754426 0 0.01800208 -0.1969347 0.2397303 -0.1720913 0.2467313 0.2382668 -0.05374547 -0.1483795 0.1580204 -0.03735199 -0.09130489 -0.03484325 0 -0.05485773 0 -0.04819902 0.1200734 0.1200418 -0.07584694 -0.03555801 0.2397303 0.09403147 0.2397303 -0.0557178 -0.05544601 -0.0891938 -0.1812258 0.4462146 -0.07778783 0 -0.1754048 0 -0.1356136 0.4462146 -0.170347 -0.06139896 -0.04985766 -0.0891938 -0.03484325 -0.07656009 -0.03484325 -0.0891938 -0.07406618 0 -0.06139896 -0.05499361 0 -0.03046334 -0.0891938 -0.07656009 -0.1356166 -0.1353216 -0.03762649 -0.1777229 -0.05786075 -0.04819902 -0.03484325 -0.06929715 0.002404818 -0.07651097 -0.0622288 -0.03509321 -0.0622288 -0.07656009 -0.04941352 0 0.07307616 0.3449211 -0.03779852 0.002011664 0 0.2824321 0 -0.05176298 0 -0.07352041 0.2445274 0 -0.07847071 -0.2821301 0.05167155 0.05167155 -0.1477868 0.0836711 -0.07352041 -0.07325069 -0.02517053 -0.2847816 -0.03086881 -0.1830867 0.2568875 -0.03886729 -0.1043957 -0.03063381 -0.1834272 -0.1228729 -0.0622288 -0.1653956 0 0.07584557 -0.264284 -0.006645042 0.2589642 0 -0.04941352 0.05167155 -0.06066758 0.0727031 -0.07352041 -0.03469144 -0.1814494 -0.1224921 -0.06784271 -0.07352041 -0.03513637 0.1043412 -0.0560526 -0.05786075 0 -0.07352041 -0.1498934 -0.176694
0.7170753 0 0.519329 0 0.5080148 0 0.6833635 0.6919697 0 -0.06356177 -0.0880253 -0.06411109 0.7274091 -0.05628048 0.5181633 0.7274091 0.7176699 0 -0.07321612 -0.1278223 -0.09407648 1.01 -0.1316507 0.4673224 -0.06791802 -0.06523445 -0.04258098 -0.06585806 -0.1035496 -0.05475741 0.4062648 0.1814158 -0.04859784 -0.0345993 0 0 0.0173512 0.3216988 0.1129797 0 -0.320952 -0.03300577 0 -0.09002439 -0.1462761 -0.03460049 -0.1466376 0.04306369 -0.03534435 -0.03212462 -0.130817 0.06113515 -0.05009057 -0.06740583 -0.0329054 0 -0.02761728 0 0.5122219 0.03335735 0.03303096 -0.06308019 -0.02946964 -0.03460049 -0.208757 -0.03460049 -0.04083637 -0.1218679 -0.06480699 -0.1334829 -0.04651708 -0.06547405 0 -0.1554666 0 -0.0004090917 -0.04651708 -0.1443182 0.3213344 -0.02706437 -0.06480699 -0.0329054 -0.06344022 -0.0329054 -0.06480699 -0.07011281 0 0.3213344 -0.04027288 0 -0.06732027 -0.06480699 -0.06344022 0.0006855241 0.000887259 -0.05024397 -0.1521752 -0.04250346 0.5122219 -0.0329054 -0.04581591 -0.06097285 -0.04267292 0.3152416 -0.03308472 0.3152416 -0.06344022 -0.02318101 0 0.02168657 0.0852717 -0.04340445 -0.04464463 0 0.1694269 0 -0.03040493 0 -0.06297606 -0.05750352 0 -0.06337256 -0.1846599 -0.4464287 -0.4464287 -0.07692385 -0.03069329 -0.06297606 -0.09458362 -0.02116705 -0.1863898 -0.06758855 -0.1379807 -0.05059608 -0.02772912 -0.06827413 -0.02350779 -0.1639988 -0.006968726 0.3152416 0.06083645 0 -0.3006295 -0.03864696 0.2385692 0.2108789 0 -0.02318101 -0.4464287 -0.04891879 -0.02877611 -0.06297606 -0.06726343 -0.1564105 -0.006620868 0.09679607 -0.06297606 -0.03597126 0.03565157 -0.04337476 -0.04250346 0 -0.06297606 -0.1089695 -0.4460187
-0.1304391 0 -0.1683542 0 -0.2469407 0 -0.1764874 -0.1936124 0 -0.1118331 -0.1625979 -0.1499015 -0.1320322 -0.09585838 -0.05925934 -0.1320322 -0.09693201 0 -0.1403859 -0.2203281 -0.1690306 -0.1316507 1.01 -0.1989281 -0.1266924 -0.1519545 -0.07338494 -0.1094642 -0.195264 -0.07707664 -0.05593603 -0.1542872 -0.09608597 -0.06350934 0 0 -0.0817081 -0.1025718 -0.1392129 0 0.2751125 -0.07903205 0 0.3442675 0.02677987 0.01663728 0.4114554 -0.159222 0.01821495 -0.06399782 -0.1848162 -0.1771859 -0.09650719 -0.11799 -0.05158566 0 -0.07410648 0 -0.07266617 -0.2020217 -0.2021074 -0.1144053 0.1185416 0.01663728 0.140106 0.01663728 -0.07482181 0.252982 -0.1231263 0.4825714 -0.08346647 -0.1149454 0 -0.05659479 0 -0.05906851 -0.08346647 0.4232587 -0.1027899 -0.06435581 -0.1231263 -0.05158566 -0.1132584 -0.05158566 -0.1231263 0.4925796 0 -0.1027899 -0.07973065 0 -0.1295136 -0.1231263 -0.1132584 -0.05745249 -0.05713732 -0.09613847 -0.01171565 -0.06626293 -0.07266617 -0.05158566 -0.005268828 0.3192686 -0.1117897 -0.1044168 -0.05195399 -0.1044168 -0.1132584 -0.08195492 0 -0.2085727 -0.1270465 -0.057234 -0.09641911 0 -0.1137886 0 -0.05429977 0 -0.1068256 -0.02454229 0 -0.1097607 -0.1272602 0.0781489 0.0781489 -0.1457799 -0.07522245 -0.1068256 -0.173148 0.06497815 -0.1302701 -0.126942 -0.009860441 -0.01958285 0.1082842 -0.1425037 -0.06230255 -0.07636308 -0.01734825 -0.1044168 -0.1813373 0 0.06531447 -0.1277735 -0.1286456 -0.09879767 0 -0.08195492 0.0781489 -0.07181097 -0.07269612 -0.1068256 -0.1359329 -0.01176712 -0.01872014 -0.07602545 -0.1068256 -0.05189793 -0.2092401 -0.07488072 -0.06626293 0 -0.1068256 -0.1823762 0.1279578
0.6529882 0 0.4612429 0 0.725854 0 0.4367783 0.4436911 0 0.009104134 -0.1135292 0.5649604 0.6583534 -0.06496523 -0.05971329 0.6583534 0.5022472 0 -0.1056027 -0.174968 -0.1304338 0.4673224 -0.1989281 1.01 -0.005835537 0.5687479 0.07498321 -0.08968152 -0.1448905 -0.02210894 0.2926373 -0.07743897 -0.06897371 -0.01403571 0 0 -0.0827535 0.2857106 -0.1016381 0 -0.05872297 -0.04915169 0 0.1221844 -0.08707749 -0.03699859 0.1065904 -0.1356858 -0.03813781 -0.0475375 -0.02953459 -0.12853 -0.07897517 -0.08192285 -0.04330299 0 -0.05063374 0 0.3610571 -0.1487126 -0.149039 -0.07644466 -0.04527469 -0.03699859 -0.115995 -0.03699859 -0.0277993 0.02591913 -0.08065158 0.052172 -0.05549619 -0.07723413 0 -0.09572146 0 -0.1009538 -0.05549619 0.1095797 0.2853054 -0.04411021 -0.08065158 -0.04330299 -0.07697049 -0.04330299 -0.08065158 -0.09298152 0 0.2853054 -0.02685601 0 -0.08565365 -0.08065158 -0.07697049 -0.09675338 -0.09986899 -0.0791765 -0.08254134 -0.02752813 0.3610571 -0.04330299 -0.06421263 0.1010191 0.2608462 0.2793478 -0.04356819 0.2793478 -0.07697049 -0.05697257 0 -0.07974674 0.01989549 -0.05258018 0.1500262 0 -0.09945461 0 -0.03576246 0 -0.07615393 -0.06396794 0 -0.07968202 -0.197476 -0.3073478 -0.3073478 -0.1686764 -0.0615365 -0.07615393 -0.1176178 -0.0483388 -0.2005533 -0.08418525 -0.06825915 -0.0583836 -0.04410939 -0.09781105 -0.05371098 -0.1090288 -0.1058209 0.2793478 -0.04069002 0 -0.1914945 -0.06438861 0.1904896 -0.08585666 0 -0.05697257 -0.3073478 -0.03930846 -0.06015691 -0.07615393 -0.04020504 -0.08318099 -0.105383 -0.07313966 -0.07615393 -0.04514148 -0.06896428 -0.03122924 -0.02752813 0 -0.07615393 -0.01373149 -0.1200559
-0.05721518 0 -0.07785034 0 -0.06137185 0 -0.01865096 -0.01558493 0 0.07401092 -0.07753619 -0.07028898 -0.05696932 -0.048776 -0.03997664 -0.05696932 -0.04646448 0 -0.06675738 -0.1045257 -0.0784104 -0.06791802 -0.1266924 -0.005835537 1.01 -0.07061603 0.1541829 -0.06581889 -0.08789337 -0.05193156 -0.02632864 -0.07660285 -0.0422433 -0.04191208 0 0 -0.07700904 0.09205632 -0.07862937 0 -0.3568331 -0.03672781 0 -0.158322 -0.1180876 -0.03622329 -0.1463693 -0.1064714 -0.03537231 0.06650887 -0.0815954 -0.09769986 -0.04079915 -0.05278692 -0.03861188 0 -0.03297086 0 -0.03308313 -0.1024068 -0.1026112 0.9015063 -0.02728786 -0.03622329 -0.7292215 -0.03622329 -0.04673189 -0.2044931 -0.05527977 -0.1335583 -0.04253577 0.893892 0 -0.1253084 0 -0.09565973 -0.04253577 -0.1413959 0.09185739 -0.02589465 -0.05527977 -0.03861188 0.9045975 -0.03861188 -0.05527977 -0.06856504 0 0.09185739 -0.04625276 0 -0.05599261 -0.05527977 0.9045975 -0.09467078 -0.09477196 -0.04095462 -0.0505396 -0.04815102 -0.03308313 -0.03861188 -0.03498406 -0.1675787 -0.05482805 0.0885239 -0.03679081 0.0885239 0.9045975 -0.04383954 0 0.3348616 -0.05420115 -0.03880292 0.07509164 0 -0.05908944 0 -0.02970251 0 0.8361396 -0.04556139 0 0.8002639 0.1692999 0.0410785 0.0410785 0.3296627 -0.02805775 0.8361396 0.5179314 -0.03244117 0.1676549 -0.05445699 -0.1114272 -0.04350823 -0.01920719 -0.06019267 -0.02690785 -0.1351222 -0.0858392 0.0885239 0.347688 0 -0.009517638 -0.1447129 0.05504183 -0.05281096 0 -0.04383954 0.0410785 -0.04718953 -0.02788411 0.8361396 -0.05949912 -0.1120694 -0.08556968 -0.05082795 0.8361396 -0.03769686 0.2913932 -0.05028622 -0.04815102 0 0.8361396 -0.08473703 0.06798163
-0.06830345 0 -0.09095087 0 0.5715342 0 -0.1045982 -0.1038981 0 -0.05855209 -0.0891314 0.9948713 -0.06945604 -0.04576497 -0.02881067 -0.06945604 -0.05105041 0 -0.07281413 -0.1388158 -0.1027676 -0.06523445 -0.1519545 0.5687479 -0.07061603 1.01 -0.04724454 -0.07262214 -0.112604 0.009013944 -0.02685372 -0.03936904 -0.05566793 0.01161052 0 0 -0.051336 -0.06277174 -0.06440261 0 0.1279239 -0.03927138 0 0.2206883 -0.02257654 -0.02953369 0.2592047 -0.07178182 -0.03042257 -0.04427726 0.04003569 -0.06362405 -0.06512841 -0.07123655 -0.03183168 0 0.1518768 0 -0.03254684 -0.08533889 -0.08561694 -0.06060546 -0.03167197 -0.02953369 0.07391972 -0.02953369 0.06058001 0.1631067 -0.07182937 0.2969678 -0.04077697 -0.05887385 0 -0.03726354 0 -0.0779642 -0.04077697 0.2616996 -0.06289728 -0.04041646 -0.07182937 -0.03183168 -0.06078563 -0.03183168 -0.07182937 -0.07062013 0 -0.06289728 0.06167826 0 -0.07514375 -0.07182937 -0.06078563 -0.07862362 -0.07787472 -0.06527731 -0.01220012 0.05986322 -0.03254684 -0.03183168 -0.04246563 0.202092 0.6371664 -0.06297894 -0.03204347 -0.06297894 -0.06078563 0.3553255 0 -0.1682886 -0.06925039 -0.03606302 -0.04596288 0 -0.07138609 0 -0.03116611 0 -0.06229213 -0.04493827 0 -0.06612738 -0.1123549 0.03976651 0.03976651 -0.1302537 -0.05311463 -0.06229213 -0.1001997 -0.03825768 -0.09600005 -0.07391268 -0.007355323 -0.04220001 -0.03719928 -0.08239687 -0.04907469 -0.04474871 -0.07163369 -0.06297894 -0.1492107 0 0.06343176 -0.1086379 -0.08288015 -0.06410312 0 0.3553255 0.03976651 0.0459917 -0.05260812 -0.06229213 -0.01901174 -0.005739931 -0.07189089 -0.05372268 -0.06229213 -0.03163115 -0.1699491 0.054103 0.05986322 0 -0.06229213 0.03916677 0.07629494
-0.04332426 0 -0.04756486 0 0.02982736 0 0.07577612 0.07562405 0 0.1871996 -0.03684872 -0.04572956 -0.04404859 -0.02894559 -0.01677756 -0.04404859 -0.03359577 0 -0.04225594 0.198799 -0.02761024 -0.04258098 -0.07338494 0.07498321 0.1541829 -0.04724454 1.01 -0.03050598 -0.03318193 -0.02471 -0.01943795 -0.03047303 -0.01445072 -0.02904789 0 0 -0.04115793 0.1996669 -0.03742032 0 0.002025993 -0.02755548 0 -0.07076459 -0.08505246 -0.01816778 -0.08697115 -0.04868622 -0.01853645 -0.01394455 -0.06658147 -0.0439712 -0.02964173 -0.01151563 0.7475701 0 -0.005774103 0 -0.02093889 -0.0440739 -0.04419372 -0.04221566 -0.02488412 -0.01816778 0.04952302 -0.01816778 -0.03247076 0.07330021 -0.0146046 -0.07590193 -0.01352537 -0.0428771 0 -0.07534672 0 -0.06132118 -0.01352537 -0.08486109 0.1994585 -0.01040757 -0.0146046 0.7475701 -0.04194944 0.7475701 -0.0146046 -0.03569884 0 0.1994585 -0.03224035 0 -0.01489377 -0.0146046 -0.04194944 -0.06004408 -0.06086712 -0.0297067 -0.07702296 -0.03315451 -0.02093889 0.7475701 -0.03067358 0.097888 -0.0334116 0.1959747 0.745958 0.1959747 -0.04194944 -0.024946 0 0.1820371 0.01524443 0.6552594 -0.03320857 0 -0.02608431 0 -0.01554233 0 -0.03909316 -0.02388508 0 -0.04064126 -0.1201753 0.02489993 0.02489993 -0.06643638 -0.01623471 -0.03909316 -0.03772103 -0.02184798 -0.1214352 -0.01353086 -0.07479679 -0.01930601 -0.003963768 -0.03473571 -0.01611906 -0.08094836 -0.05036032 0.1959747 0.02029927 0 0.02877466 -0.03341699 0.1498815 -0.02347141 0 -0.024946 0.02489993 -0.03334756 -0.01528536 -0.03909316 -0.01866002 -0.07693787 -0.05021579 -0.02624498 -0.03909316 0.7166878 0.005638456 -0.03386005 -0.03315451 0 -0.03909316 -0.06183249 0.03429786
-0.05443928 0 -0.08292212 0 -0.1013164 0 -0.09440883 -0.09307077 0 -0.05575305 -0.06455457 -0.07316429 -0.05493842 -0.05003285 -0.03219707 -0.05493842 -0.05121038 0 -0.05513576 0.4977309 -0.08807335 -0.06585806 -0.1094642 -0.08968152 -0.06581889 -0.07262214 -0.03050598 1.01 -0.09549328 -0.04487916 -0.02339447 -0.0795869 -0.02992968 -0.03474844 0 0 0.366074 -0.04243282 0.1134879 0 -0.2229457 -0.03306038 0 6.215815e-05 -0.1442311 -0.04242428 0.02381163 0.04226975 -0.04141072 -0.01568848 -0.1112881 0.06372235 -0.04035526 -0.05904365 -0.02404732 0 -0.01292348 0 -0.03514643 0.03723073 0.03757973 -0.06209102 -0.01391766 -0.04242428 0.07658046 -0.04242428 0.037137 0.1820895 -0.05545549 0.04140406 -0.04282661 -0.06014663 0 -0.1496726 0 0.2574658 -0.04282661 0.02711434 -0.0425322 -0.02538647 -0.05545549 -0.02404732 -0.06160964 -0.02404732 -0.05545549 -0.06022495 0 -0.0425322 0.03793496 0 -0.06076988 -0.05545549 -0.06160964 0.245255 0.2464573 -0.04049358 -0.1339776 0.03785232 -0.03514643 -0.02404732 -0.04090564 -0.01345655 -0.05768999 -0.0206695 -0.02420929 -0.0206695 -0.06160964 -0.03898471 0 0.08866051 -0.06206989 -0.02823753 -0.03558339 0 0.07715387 0 0.5333512 0 -0.05968536 0.1041661 0 -0.06338307 0.00283006 0.04313634 0.04313634 0.1481064 0.02615834 -0.05968536 -0.08730115 0.2391384 0.00328082 -0.06099682 -0.1325326 0.1112148 -0.02488902 -0.06211745 0.04646724 -0.1555143 0.2856601 -0.0206695 0.1306596 0 0.0407367 0.03606325 -0.0005310057 -0.04137159 0 -0.03898471 0.04313634 0.0273974 0.02692596 -0.05968536 -0.06167633 -0.1311594 0.2854049 0.5952856 -0.05968536 -0.02516997 0.1468407 0.03043099 0.03785232 0 -0.05968536 -0.1123564 0.05999348
