1.01 0 0 0 0 0 0 0 0 0 0 0 0 0 0 0 0 0 0 0 0 0 0 0 0 0 0 0 0 0 0 0 0 0 0 0 0 0 0 0 0 0 0 0 0 0 0 0 0 0 0 0 0 0 0 0 0 0 0 0 0 0 0 0 0 0 0 0 0 0 0 0 0 0 0 0 0 0 0 0 0 0 0 0 0 0 0 0 0 0 0 0 0 0 0 0 0 0 0 0 0 0 0 0 0 0 0 0 0 0 0 0 0 0 0 0 0 0 0 0 0 0 0 0 0 0 0 0 0 0
0 1.01 -0.08791656 -0.116518 0.2353199 -0.1161175 -0.1175443 -0.1000853 0 0.5264695 0.1516572 0.1300372 0.2033752 0.2024321 0.4487933 0.2675646 0.2834091 0.2084673 0.6612666 -0.1048082 -0.1624491 0.2528475 -0.07643037 0 0.2834091 0.2834091 -0.05792368 -0.1973543 0.2675646 -0.1168914 0.2655826 -0.1203682 -0.1168914 0.6397694 0.4420076 0.2372763 0.2352479 0.6494599 -0.07805805 0 -0.06968114 -0.0891516 0.3451584 0 -0.05909869 -0.04824641 -0.04701934 0 0.4406106 -0.1990522 -0.09386977 0.1159201 -0.1078485 0.4109792 -0.1423199 -0.3120097 0.2284318 -0.1352861 -0.1117332 0.3910273 0 0.2282282 -0.08878474 -0.05911508 0.2354444 0.1482092 0 0 0.07847211 0.6155157 0.185947 0.07870801 -0.06819401 0.08210359 0 0.07847211 0.07806561 0.07847211 -0.1274779 0 0 -0.05153302 0 0.5979017 0.2932675 0 0.08225938 -0.1063726 -0.1309826 -0.1147418 -0.08549116 -0.1309826 -0.05792338 -0.3124263 -0.1219691 -0.0817823 -0.1084599 0 -0.2061168 0.6155157 0.6155157 0 -0.1746002 -0.1746002 0.0784541 -0.06572866 0.2592142 0 0 -0.109142 0.2289711 -0.02529139 -0.1439894 -0.1073475 0 0 -0.0737275 0.07847211 -0.1350383 0.2932675 -0.3158086 -0.1350383 0 -0.05489338 -0.102494 0.2188657 0.0817903 -0.1089194 0.6155157 -0.2576534
0 -0.08791656 1.01 -0.0299186 -0.01711716 -0.03454092 -0.03515151 -0.04581929 0 -0.06345926 -0.1271414 0.03128221 -0.01506204 0.2374204 -0.04199999 -0.03162308 -0.04364014 0.2464974 -0.05683359 -0.032432 -0.05133712 0.2649492 -0.01957481 0 -0.04364014 -0.04364014 -0.02435047 0.4810365 -0.03162308 -0.03495715 -0.03294969 -0.03701497 -0.03495715 -0.0587916 -0.04192498 0.06303099 0.06295325 -0.05771452 -0.0327536 0 -0.02339723 -0.01895263 -0.08710178 0 -0.03033122 -0.0227568 -0.01699281 0 -0.04332766 0.4084169 -0.03408077 0.3365778 -0.03738722 -0.0461981 -0.04363598 -0.09972943 0.06826341 -0.04444296 -0.05004322 -0.06661875 0 0.06727604 -0.03068177 -0.04727043 0.06651321 0.3045435 0 0 0.2394186 -0.05718926 -0.02689835 -0.02877859 -0.02138494 -0.02893812 0 0.2394186 0.239832 0.2394186 -0.03830021 0 0 -0.01030281 0 -0.05461706 -0.05727375 0 -0.02897094 -0.03834925 -0.03794842 -0.05360335 -0.01972532 -0.03794842 -0.01773923 -0.100181 -0.036804 -0.02557251 0.8426819 0 0.4645239 -0.05718926 -0.05718926 0 -0.06311293 -0.06311293 0.2393637 -0.01593546 0.07855631 0 0 -0.04974298 0.06693321 -0.007628461 -0.02932765 -0.03754099 0 0 -0.02448699 0.2394186 -0.04394413 -0.05727375 -0.09986072 -0.04394413 0 -0.02194038 -0.05003951 -0.03273446 -0.02900531 -0.04968552 -0.05718926 -0.07301821
0 -0.116518 -0.0299186 1.01 -0.03285086 -0.03731533 -0.03979544 -0.02967299 0 -0.07669586 -0.1587491 0.05463176 -0.0351868 -0.1230491 -0.05272799 -0.03595877 -0.05089591 -0.1227409 -0.07671041 -0.03683883 -0.06007834 -0.117226 -0.02779671 0 -0.05089591 -0.05089591 -0.01822746 -0.05759206 -0.03595877 -0.03957366 -0.03514727 -0.04962724 -0.03957366 -0.07953274 -0.05265051 0.05905069 0.05793022 -0.07172745 -0.02806335 0 -0.02290912 -0.02696836 -0.1193927 0 0.07248699 -0.009716793 -0.006052285 0 -0.05187209 -0.01339534 -0.04432455 0.01087193 0.639081 -0.0448919 0.5845178 -0.05413392 0.06155867 0.6294434 -0.03513579 -0.07045963 0 0.06136648 -0.01932902 0.5563532 -0.002738435 -0.09137544 0 0 0.2217967 -0.08217908 -0.02379398 -0.02306543 -0.01898658 -0.04925598 0 0.2217967 0.2215432 0.2217967 -0.04325833 0 0 -0.01952725 0 -0.07612686 -0.05923043 0 -0.0492661 0.09768617 -0.03990066 -0.03484126 -0.03318998 -0.03990066 -0.03229942 -0.06103079 -0.04941158 -0.02644253 -0.03067859 0 -0.06060093 -0.08217908 -0.08217908 0 -0.05429061 -0.05429061 0.222328 -0.02741253 0.01695072 0 0 -0.03485243 0.06240006 -0.01152381 -0.03786899 0.09481672 0 0 -0.03129542 0.2217967 0.6206203 -0.05923043 -0.06034629 0.6206203 0 -0.01743313 -0.03282564 -0.02228433 -0.04932455 -0.03477575 -0.08217908 -0.02860234
0 0.2353199 -0.01711716 -0.03285086 1.01 -0.02711655 -0.02330084 -0.02585663 0 0.3791817 -0.1003178 0.03930664 0.8747713 0.2004277 -0.03159612 -0.02216407 0.561262 0.2069263 -0.05824538 -0.02072948 -0.03808902 0.2239369 -0.02013422 0 0.561262 0.561262 -0.008129915 -0.04325661 -0.02216407 -0.02313664 -0.02156145 -0.02539218 -0.02313664 -0.05693701 -0.03153204 0.06255937 0.06186995 -0.05480533 -0.02165466 0 -0.02334962 -0.02577022 0.2193985 0 -0.02315514 -0.02149017 -0.01366375 0 -0.03111038 -0.05140891 -0.02552704 -0.06856982 -0.03915702 -0.03182838 -0.04779756 -0.06751043 0.05447759 -0.04566335 -0.03030683 -0.05276426 0 0.0543531 -0.02725753 -0.05301741 0.05605833 -0.07787498 0 0 -0.1066578 -0.05511438 -0.02723394 0.6239414 -0.02385929 0.6313262 0 -0.1066578 -0.1066812 -0.1066578 -0.02787858 0 0 -0.005373577 0 -0.05504171 -0.0481957 0 0.6302038 -0.02103265 -0.02991526 -0.02997716 -0.0134783 -0.02991526 -0.01293251 -0.06434528 -0.0252076 -0.03167756 -0.0214928 0 -0.05009148 -0.05511438 -0.05511438 0 -0.0421579 -0.0421579 -0.1066334 -0.01976952 0.06023486 0 0 -0.02822923 0.05407741 0.01805349 -0.02935958 -0.02198736 0 0 -0.03093024 -0.1066578 -0.04529116 -0.0481957 -0.06507641 -0.04529116 0 -0.001597391 -0.02592342 -0.02414376 0.6309514 -0.02817685 -0.05511438 -0.04789772
0 -0.1161175 -0.03454092 -0.03731533 -0.02711655 1.01 0.966012 -0.03729892 0 -0.07661942 -0.1737593 0.04746645 -0.02599409 -0.1386999 -0.04852617 -0.03762914 -0.05484349 0.3074837 -0.08334046 -0.04175797 -0.07487935 0.3293354 -0.02716979 0 -0.05484349 -0.05484349 -0.02788441 -0.07068773 -0.03762914 0.9640411 -0.0367371 -0.04482809 0.9640411 -0.08323793 -0.0473424 0.07939742 0.07895277 -0.07897735 0.5974747 0 -0.01645045 -0.03775972 0.3081253 0 -0.02080038 -0.01374747 -0.001562778 0 -0.05021273 -0.08894771 0.915906 -0.09712854 -0.02947215 -0.04888157 -0.0464851 -0.122326 0.08787599 -0.0447489 -0.04504278 -0.07735514 0 0.08700906 -0.02504143 -0.05274444 0.08775038 -0.1115366 0 0 -0.1363741 -0.0850848 -0.02656436 -0.03418097 -0.02434516 -0.03250242 0 -0.1363741 -0.1364259 -0.1363741 0.8942674 0 0 -0.02020867 0 -0.0795617 -0.06601179 0 -0.0325484 -0.03841203 0.8749307 -0.05009721 0.511495 0.8749307 -0.0140004 -0.1187252 -0.04456451 -0.03462026 -0.04685452 0 -0.07288001 -0.0850848 -0.0850848 0 0.630953 0.630953 -0.1363428 -0.02502307 0.0969542 0 0 -0.0472271 0.08659708 -0.005096207 -0.06260279 -0.03678573 0 0 -0.01435912 -0.1363741 -0.04410217 -0.06601179 -0.1204532 -0.04410217 0 -0.02224169 -0.04484508 -0.04291042 -0.03258701 -0.04714879 -0.0850848 -0.09676158
0 -0.1175443 -0.03515151 -0.03979544 -0.02330084 0.966012 1.01 -0.04110615 0 -0.07496922 -0.1798278 0.05714031 -0.02365655 -0.1388988 -0.05071835 -0.03465419 -0.05027429 0.3230504 -0.08593698 -0.04555269 -0.07767696 0.3450355 -0.02731816 0 -0.05027429 -0.05027429 -0.02686146 -0.07193252 -0.03465419 0.9981683 -0.03371117 -0.0475244 0.9981683 -0.0867951 -0.04955812 0.08776135 0.08731204 -0.08284353 0.5859386 0 -0.01578994 -0.03808594 0.3227651 0 -0.02208254 -0.01483051 -0.00298069 0 -0.05242227 -0.09193515 0.9507574 -0.09932048 -0.0306405 -0.05211692 -0.04928133 -0.1275372 0.09621682 -0.04719236 -0.04646298 -0.07730009 0 0.09536772 -0.02708087 -0.05477995 0.09619284 -0.1125899 0 0 -0.1378664 -0.08879754 -0.0213199 -0.03120831 -0.02797775 -0.02946016 0 -0.1378664 -0.1379201 -0.1378664 0.9269866 0 0 -0.02122857 0 -0.08366008 -0.06752945 0 -0.02951326 -0.04053245 0.9068081 -0.05159968 0.5698906 0.9068081 -0.01792201 -0.1246196 -0.0472614 -0.03626282 -0.04925611 0 -0.07366598 -0.08879754 -0.08879754 0 0.65504 0.65504 -0.1378348 -0.02473821 0.1057111 0 0 -0.04735701 0.09496692 -0.001597711 -0.06549165 -0.03898369 0 0 -0.01268842 -0.1378664 -0.04653717 -0.06752945 -0.1263818 -0.04653717 0 -0.02108664 -0.04471932 -0.04077998 -0.02954827 -0.0472767 -0.08879754 -0.1016132
0 -0.1000853 -0.04581929 -0.02967299 -0.02585663 -0.03729892 -0.04110615 1.01 0 -0.06753121 -0.138837 0.04587664 0.02748552 0.2720838 -0.04640497 -0.02420613 -0.04577387 -0.1319766 -0.06683744 -0.03845857 -0.05407279 -0.1235086 -0.030748 0 -0.04577387 -0.04577387 -0.02506796 -0.07574686 -0.02420613 -0.04088935 -0.02330292 -0.03188667 -0.04088935 -0.06901303 -0.04631889 0.08755628 0.08659173 -0.064211 -0.02306098 0 -0.03218401 -0.02944623 -0.114262 0 -0.01249442 -0.005610878 -0.01847885 0 -0.04791439 -0.08046102 -0.03753988 -0.107105 -0.03705897 -0.04787668 -0.04982586 -0.09571616 0.07983155 -0.04948596 0.8962313 -0.06548734 0 0.0804039 -0.0353118 -0.05368263 0.08193601 -0.1093552 0 0 -0.1383398 -0.072522 -0.01812904 -0.04797736 -0.02554845 -0.04660924 0 -0.1383398 -0.1383789 -0.1383398 -0.04302371 0 0 -0.01901172 0 -0.07199285 -0.05994254 0 -0.04662281 -0.02264385 -0.04578932 0.8523044 -0.03727973 -0.04578932 -0.02309809 -0.09297994 -0.03161635 -0.02960816 -0.05110498 0 -0.08141738 -0.072522 -0.072522 0 0.5531276 0.5531276 -0.138308 -0.02438316 0.08279806 0 0 0.8501788 0.07854106 -0.01601548 -0.0126204 -0.02406062 0 0 -0.03046242 -0.1383398 -0.04892187 -0.05994254 -0.07589567 -0.04892187 0 -0.0276155 0.7788056 -0.0257049 -0.04667812 0.8507097 -0.072522 -0.05083476
0 0 0 0 0 0 0 0 1.01 0 0 0 0 0 0 0 0 0 0 0 0 0 0 0 0 0 0 0 0 0 0 0 0 0 0 0 0 0 0 0 0 0 0 0 0 0 0 0 0 0 0 0 0 0 0 0 0 0 0 0 0 0 0 0 0 0 0 0 0 0 0 0 0 0 0 0 0 0 0 0 0 0 0 0 0 0 0 0 0 0 0 0 0 0 0 0 0 0 0 0 0 0 0 0 0 0 0 0 0 0 0 0 0 0 0 0 0 0 0 0 0 0 0 0 0 0 0 0 0 0
0 0.5264695 -0.06345926 -0.07669586 0.3791817 -0.07661942 -0.07496922 -0.06753121 0 1.01 -0.2847945 0.07176141 0.3308966 0.5329019 0.6864423 0.4443923 0.6787194 0.5399828 -0.1401525 -0.07433875 -0.1089265 0.5702295 -0.03765717 0 0.6787194 0.6787194 0.3048827 -0.1295537 0.4443923 -0.07455219 0.4411632 -0.06400348 -0.07455219 -0.1365912 0.6791367 0.1190889 0.1178803 -0.1349191 -0.05159596 0 -0.04900913 -0.04783544 -0.08922354 0 -0.03675549 -0.0274487 -0.03217514 0 0.6794721 -0.1545302 -0.07593838 0.2676638 -0.01830159 0.6397345 -0.1067843 -0.191806 0.03925943 -0.1015987 -0.07540649 0.6822174 0 0.04008164 -0.05406991 -0.1109187 0.04467 0.4232041 0 0 0.301354 -0.1461452 0.3187276 0.2001291 -0.01028462 0.2048042 0 0.301354 0.3009459 0.301354 -0.08153826 0 0 -0.03508211 0 -0.138902 0.5233117 0 0.2042872 -0.06177777 -0.08326096 -0.07530057 -0.05232606 -0.08326096 -0.03629089 -0.1912988 -0.06662037 -0.02715841 -0.07787208 0 -0.1352892 -0.1461452 -0.1461452 0 -0.1115467 -0.1115467 0.3012849 -0.02870854 0.06386385 0 0 -0.07018792 0.040729 -0.009422495 -0.09588488 -0.06238087 0 0 -0.04797669 0.301354 -0.1018639 0.5233117 -0.1957907 -0.1018639 0 0.2928431 -0.06676089 0.3789974 0.2045296 -0.07004606 -0.1461452 -0.1570713
0 0.1516572 -0.1271414 -0.1587491 -0.1003178 -0.1737593 -0.1798278 -0.138837 0 -0.2847945 1.01 0.208602 -0.09620854 -0.5380528 -0.2000862 -0.1302639 -0.1887623 -0.5377779 0.4776761 0.2502969 0.3023661 -0.5005438 -0.04132507 0 -0.1887623 -0.1887623 -0.07971682 -0.2763828 -0.1302639 -0.1794159 -0.1293448 0.2658854 -0.1794159 0.490607 -0.2001619 0.3561672 0.354218 0.4581333 -0.09335518 0 -0.07513507 -0.1305638 0.1611591 0 0.0905597 0.0866829 -0.07027997 0 -0.2038948 -0.1156629 -0.1593453 -0.3908802 -0.1445907 -0.2017796 -0.1756048 0.5134708 0.2971667 -0.2005354 -0.1499469 -0.2913808 0 0.3057496 -0.1199192 -0.2300875 0.3139138 -0.4315907 0 0 -0.5434202 0.5091957 -0.09468965 0.01301284 -0.07758797 0.01648242 0 -0.5434202 -0.5425211 -0.5434202 -0.1307911 0 0 -0.05275902 0 0.4803475 -0.2547381 0 0.01705796 0.156128 -0.1372047 -0.1388134 -0.05405254 -0.1372047 -0.07025972 0.5787406 0.2663284 -0.0948059 -0.142342 0 -0.2838819 0.5091957 0.5091957 0 -0.2101257 -0.2101257 -0.5432955 -0.1076556 0.2187014 0 0 -0.1533137 0.2996362 0.05475814 0.2947664 0.1592741 0 0 0.1666708 -0.5434202 -0.1998181 -0.2547381 0.5693229 -0.1998181 0 -0.08442978 -0.1415258 -0.0913705 0.01658083 -0.1535013 0.5091957 0.4833938
0 0.1300372 0.03128221 0.05463176 0.03930664 0.04746645 0.05714031 0.04587664 0 0.07176141 0.208602 1.01 0.03722876 0.1477782 0.04051233 0.03271335 0.05953899 0.1469674 0.1009608 0.04875038 0.07318483 0.1345925 -0.4143434 0 0.05953899 0.05953899 0.02999712 0.07203584 0.03271335 0.05686561 0.03155618 0.06636772 0.05686561 0.1047272 0.03942762 0.5672358 0.5561962 0.09443175 0.04005313 0 0.03872181 -0.3660112 0.15038 0 0.004291394 0.02504897 0.02266674 0 0.04181025 0.07887172 0.05238966 0.1028457 0.05070006 0.04204216 0.06921604 0.144605 0.5206669 0.06572928 0.05315761 0.06881706 0 0.520948 0.03502941 0.07526627 0.5121874 0.1088804 0 0 0.1485075 0.1060608 0.01816954 -0.004754112 0.02412553 -0.005041592 0 0.1485075 0.1485762 0.1485075 0.05952491 0 0 -0.1055931 0 0.0998439 0.05985003 0 -0.004914562 0.05014982 0.06203293 0.05388737 0.03846427 0.06203293 -0.1085376 0.1267198 0.06610073 0.03008487 0.02921886 0 0.07219841 0.1060608 0.1060608 0 0.08269421 0.08269421 0.1484734 -0.4746901 0.4701442 0 0 0.0516845 0.5209111 0.007750183 0.06186323 0.04781163 0 0 0.02677435 0.1485075 0.06592524 0.05985003 0.147965 0.06592524 0 0.02605261 0.05199399 0.03880497 -0.004920393 0.0515899 0.1060608 0.1191801
0 0.2033752 -0.01506204 -0.0351868 0.8747713 -0.02599409 -0.02365655 0.02748552 0 0.3308966 -0.09620854 0.03722876 1.01 0.1939061 -0.03388452 -0.01052271 0.4963046 0.1794539 -0.05519794 -0.01759585 -0.03889589 0.192545 -0.0166062 0 0.4963046 0.4963046 -0.005021626 -0.04092448 -0.01052271 -0.02350419 -0.009862617 -0.02787807 -0.02350419 -0.05442181 -0.03383072 0.05450289 0.05383016 -0.05225765 -0.02164228 0 -0.02115501 -0.01950088 0.185957 0 -0.01726807 -0.02027379 -0.01174462 0 -0.03316625 -0.05027255 -0.02598765 -0.06932909 -0.03784287 -0.03235451 -0.04957839 -0.0692258 0.04755984 -0.05016028 0.01679926 -0.0440761 0 0.0474384 -0.02682598 -0.05582987 0.05003146 -0.06855849 0 0 -0.1000886 -0.0520075 -0.02166654 0.5462726 -0.01807837 0.5528272 0 -0.1000886 -0.100111 -0.1000886 -0.02764683 0 0 -0.002846685 0 -0.05068832 -0.04341167 0 0.5518399 -0.02149929 -0.02954 0.01579498 -0.01382313 -0.02954 -0.01066641 -0.0648433 -0.02771691 -0.02618993 -0.01833118 0 -0.04751944 -0.0520075 -0.0520075 0 -0.009308315 -0.009308315 -0.1000657 -0.01672663 0.05402137 0 0 0.01887662 0.04716697 0.02126344 -0.02811713 -0.0223802 0 0 -0.02544251 -0.1000886 -0.04983043 -0.04341167 -0.06539063 -0.04983043 0 -0.002148285 0.02519918 -0.0127574 0.5524946 0.01894944 -0.0520075 -0.04909409
0 0.2024321 0.2374204 -0.1230491 0.2004277 -0.1386999 -0.1388988 0.2720838 0 0.5329019 -0.5380528 0.1477782 0.1939061 1.01 0.3694912 0.2365273 0.357807 0.7826258 -0.2569501 -0.133864 -0.2016902 0.7102213 -0.09004361 0 0.357807 0.357807 0.1579295 0.5032116 0.2365273 -0.1386356 0.2340737 -0.139115 -0.1386356 -0.2600102 0.3636836 0.2552374 0.2544236 -0.2468495 -0.09783025 0 -0.08283346 0.03665951 -0.04127887 0 -0.06816107 -0.04421145 0.1181438 0 0.3772586 0.3438356 -0.1396898 0.5147974 -0.08745062 0.3727691 -0.1598506 -0.3443135 0.1951225 -0.1523232 0.3023481 0.5358098 0 0.1868049 0.2118336 -0.06875863 0.1922174 0.7585676 0 0 0.6162978 -0.2735852 0.1694485 0.03953425 0.1495037 0.04444734 0 0.6162978 0.6159601 0.6162978 -0.1504749 0 0 0.05050503 0 -0.2592994 0.4703972 0 0.04404129 -0.109467 -0.1522404 0.2783914 -0.1003349 -0.1522404 -0.05800111 -0.3563544 -0.1403805 0.1857762 0.2707384 0 0.4485701 -0.2735852 -0.2735852 0 0.08290718 0.08290718 0.6161564 -0.0536989 0.219598 0 0 0.2865752 0.1860264 -0.02781343 -0.1590817 -0.1110277 0 0 -0.09559333 0.6162978 -0.1515699 0.4703972 -0.365031 -0.1515699 0 0.1511838 0.2698359 0.20906 0.04462216 0.2870615 -0.2735852 -0.2866362
0 0.4487933 -0.04199999 -0.05272799 -0.03159612 -0.04852617 -0.05071835 -0.04640497 0 0.6864423 -0.2000862 0.04051233 -0.03388452 0.3694912 1.01 -0.023981 -0.05293038 0.3737548 -0.09200956 -0.05288288 -0.07716818 0.4005113 -0.03363824 0 -0.05293038 -0.05293038 -0.0315631 -0.0908499 -0.023981 -0.05042601 -0.02271545 -0.0447856 -0.05042601 -0.08517236 0.9870825 0.09686553 0.0966765 -0.08279155 -0.03063069 0 -0.03632533 -0.03317676 -0.1495781 0 -0.01496587 -0.0125612 -0.02135835 0 0.9860477 -0.1041074 -0.0524543 0.490358 -0.0498189 0.9335304 -0.07511035 -0.1373167 0.1075091 -0.07322914 -0.0499261 0.6857599 0 0.1090211 -0.03439177 -0.07643193 0.1110729 0.4585723 0 0 0.357986 -0.09564335 -0.01818421 -0.05253834 -0.03549067 -0.05166867 0 0.357986 0.3576143 0.357986 -0.05397401 0 0 -0.02959381 0 -0.09205526 0.7767722 0 -0.05170333 -0.03963161 -0.05283069 -0.04900458 -0.04099267 -0.05283069 -0.02779932 -0.1374828 -0.04872139 -0.04502843 -0.05418294 0 -0.09018138 -0.09564335 -0.09564335 0 -0.07202136 -0.07202136 0.3579039 -0.02312217 0.119607 0 0 -0.04634411 0.1096961 -0.01249211 -0.07474322 -0.04139015 0 0 -0.03543329 0.357986 -0.07340946 0.7767722 -0.14333 -0.07340946 0 -0.02760363 -0.04376061 -0.03047538 -0.05176467 -0.04624413 -0.09564335 -0.1164775
0 0.2675646 -0.03162308 -0.03595877 -0.02216407 -0.03762914 -0.03465419 -0.02420613 0 0.4443923 -0.1302639 0.03271335 -0.01052271 0.2365273 -0.023981 1.01 0.6431161 0.2369589 -0.06906267 -0.03987117 -0.04943014 0.2545454 0.001656924 0 0.6431161 0.6431161 -0.01519047 -0.05971646 1 -0.0344766 0.9903561 -0.02521889 -0.0344766 -0.07185559 -0.02388672 0.06455207 0.06371906 -0.07155085 -0.02157478 0 -0.01995895 -0.011128 -0.09667722 0 -0.01448768 -0.01236479 -0.01049561 0 -0.02403999 -0.07197168 -0.03185015 -0.06979522 -0.0280009 -0.02854478 -0.03822225 -0.08099469 0.07107742 -0.03602187 -0.02930219 0.4412464 0 0.07182294 -0.01930963 -0.04125164 0.07397173 0.2915925 0 0 0.2309655 -0.07485589 0.7310109 -0.02754735 -0.0235885 -0.02630248 0 0.2309655 0.2307291 0.2309655 -0.03842094 0 0 -0.01107713 0 -0.06991853 -0.04012899 0 -0.02633397 -0.02535889 -0.04063928 -0.03171913 -0.0240958 -0.04063928 -0.01133978 -0.08294941 -0.02499248 -0.02356261 -0.03544799 0 -0.06488556 -0.07485589 -0.07485589 0 -0.04974175 -0.04974175 0.2309125 0.001718297 0.07829146 0 0 -0.02744534 0.07241501 -0.0114537 -0.03725457 -0.02449539 0 0 -0.01028859 0.2309655 -0.03554244 -0.04012899 -0.08168684 -0.03554244 0 -0.01237603 -0.02738727 0.8754187 -0.02636521 -0.02738227 -0.07485589 -0.065471
0 0.2834091 -0.04364014 -0.05089591 0.561262 -0.05484349 -0.05027429 -0.04577387 0 0.6787194 -0.1887623 0.05953899 0.4963046 0.357807 -0.05293038 0.6431161 1.01 0.3636205 -0.09826521 -0.05086413 -0.07342342 0.3935102 -0.01958615 0 1 1 0.4575073 -0.08597147 0.6431161 -0.04999552 0.6373088 -0.04208747 -0.04999552 -0.1000666 -0.0518762 0.06634723 0.06489797 -0.1005627 -0.03908099 0 -0.03194937 -0.03377051 0.03187859 0 -0.03471398 -0.02445803 -0.02207105 0 -0.05033242 -0.1062764 -0.0498518 -0.118033 0.02611233 -0.05245578 -0.06814798 -0.1248461 -0.0557185 -0.06301732 -0.05277678 0.236005 0 -0.05551319 -0.04000596 -0.07322214 -0.05135319 0.1123791 0 0 0.04805213 -0.1026058 0.4613566 0.333334 -0.03884545 0.3389125 0 0.04805213 0.04786991 0.04805213 -0.05692496 0 0 -0.01776844 0 -0.0965191 -0.07967302 0 0.3382286 -0.04496624 -0.06039576 -0.05341569 -0.03057695 -0.06039576 -0.02347643 -0.1239553 -0.04174877 -0.0420623 -0.0498159 0 -0.09368866 -0.1026058 -0.1026058 0 -0.07970533 -0.07970533 0.0480411 -0.01836916 -0.0334127 0 0 -0.04915511 -0.05527834 0.0002436773 -0.05552071 -0.04527633 0 0 -0.03077558 0.04805213 -0.06321501 -0.07967302 -0.124206 -0.06321501 0 0.4366877 -0.04719234 0.5591658 0.3386298 -0.04906135 -0.1026058 -0.09733124
0 0.2084673 0.2464974 -0.1227409 0.2069263 0.3074837 0.3230504 -0.1319766 0 0.5399828 -0.5377779 0.1469674 0.1794539 0.7826258 0.3737548 0.2369589 0.3636205 1.01 -0.2573739 -0.1303641 -0.2045642 0.8964753 -0.08458672 0 0.3636205 0.3636205 0.1611589 0.461231 0.2369589 0.3223842 0.2344198 -0.1386691 0.3223842 -0.2600425 0.3674816 0.2434266 0.242675 -0.2485703 0.174245 0 -0.0762204 0.03957601 0.1270232 0 -0.07040548 -0.04573921 0.1297214 0 0.3816309 0.3030304 0.2993484 0.4902381 -0.08268708 0.3761261 -0.1521513 -0.3466204 0.1870536 -0.1448624 -0.1487977 0.5392833 0 0.1781743 0.2200937 -0.06266018 0.1829934 0.7324521 0 0 0.5984504 -0.2724525 0.1719115 0.05212101 0.1539167 0.05699624 0 0.5984504 0.5979014 0.5984504 0.2807509 0 0 0.04937977 0 -0.2559929 0.4740264 0 0.05657731 -0.1143866 0.2687867 -0.154562 0.168859 0.2687867 -0.05729374 -0.3570773 -0.139964 0.1891746 0.2755882 0 0.4116267 -0.2724525 -0.2724525 0 0.1023029 0.1023029 0.5983131 -0.04952294 0.2139042 0 0 -0.147199 0.1777165 -0.01838938 -0.1769325 -0.1144478 0 0 -0.08464916 0.5984504 -0.1436924 0.4740264 -0.372831 -0.1436924 0 0.1553456 -0.1395407 0.2069917 0.05717246 -0.1469441 -0.2724525 -0.2973652
0 0.6612666 -0.05683359 -0.07671041 -0.05824538 -0.08334046 -0.08593698 -0.06683744 0 -0.1401525 0.4776761 0.1009608 -0.05519794 -0.2569501 -0.09200956 -0.06906267 -0.09826521 -0.2573739 1.01 -0.06646468 -0.107826 -0.2391483 -0.05837918 0 -0.09826521 -0.09826521 -0.03668488 -0.1294381 -0.06906267 -0.08550069 -0.06838455 -0.09263288 -0.08550069 0.9489479 -0.09310916 0.1676171 0.1660179 0.9577444 -0.05793243 0 -0.04113408 -0.06460701 0.5246112 0 -0.04483893 -0.03465937 -0.03053171 0 -0.0938456 -0.1570357 -0.05402857 -0.190781 -0.06860837 -0.09264493 -0.1065193 -0.2039934 0.1668073 -0.1019069 -0.07368248 -0.1397325 0 0.1660658 -0.06286955 -0.1147176 0.1712414 -0.2063372 0 0 -0.2630281 0.9263864 -0.04962873 -0.09100825 -0.03512933 -0.09034235 0 -0.2630281 -0.263118 -0.2630281 -0.09298824 0 0 -0.03182271 0 0.8975939 -0.1186559 0 -0.08965381 -0.07840801 -0.09646327 -0.076308 -0.06243865 -0.09646327 -0.04065747 -0.2036233 -0.09217645 -0.03849116 -0.07093006 0 -0.1354958 0.9263864 0.9263864 0 -0.1235676 -0.1235676 -0.2629677 -0.05235648 0.1887812 0 0 -0.073105 0.1661208 -0.02666372 -0.09460538 -0.07823359 0 0 -0.05028071 -0.2630281 -0.1020169 -0.1186559 -0.2052573 -0.1020169 0 -0.04145144 -0.06840089 -0.07096026 -0.09048426 -0.07295259 0.9263864 -0.1625617
0 -0.1048082 -0.032432 -0.03683883 -0.02072948 -0.04175797 -0.04555269 -0.03845857 0 -0.07433875 0.2502969 0.04875038 -0.01759585 -0.133864 -0.05288288 -0.03987117 -0.05086413 -0.1303641 -0.06646468 1.01 0.6368988 -0.1222498 -0.0223678 0 -0.05086413 -0.05086413 -0.01985481 -0.06375799 -0.03987117 -0.04533149 -0.03906149 -0.02609213 -0.04533149 -0.07141347 -0.05280092 0.1008083 0.09985345 -0.06400763 -0.03399094 0 -0.01487278 -0.02939769 -0.1104209 0 0.09355712 0.01937835 -0.0233544 0 -0.05213391 0.09902327 -0.04475573 -0.07998581 -0.0364491 -0.05314675 -0.05789004 0.2072251 -0.03403336 -0.05271535 -0.0396706 -0.07993445 0 -0.03433263 -0.01621426 -0.0539325 -0.02915623 -0.09966627 0 0 -0.1252922 -0.07215967 -0.02782074 -0.04076918 -0.01361084 -0.04315233 0 -0.1252922 -0.1253438 -0.1252922 -0.04907169 0 0 -0.02378444 0 -0.06813574 -0.06769999 0 -0.04317535 -0.02500285 -0.05185697 -0.04331124 -0.0322436 -0.05185697 -0.02488279 0.2362083 -0.0271168 -0.02453981 -0.01263631 0 -0.05358175 -0.07215967 -0.07215967 0 -0.06739446 -0.06739446 -0.1252634 -0.02075019 -0.02318792 0 0 -0.04069339 -0.03506908 -0.01701187 -0.05189892 -0.02645886 0 0 -0.03120193 -0.1252922 -0.05325308 -0.06769999 0.2314752 -0.05325308 0 -0.02425544 -0.03725292 -0.0467063 -0.04322657 -0.04061698 -0.07215967 -0.0713558
0 -0.1624491 -0.05133712 -0.06007834 -0.03808902 -0.07487935 -0.07767696 -0.05407279 0 -0.1089265 0.3023661 0.07318483 -0.03889589 -0.2016902 -0.07716818 -0.04943014 -0.07342342 -0.2045642 -0.107826 0.6368988 1.01 -0.1928903 -0.03351217 0 -0.07342342 -0.07342342 -0.03426312 -0.1044705 -0.04943014 -0.07733925 -0.04923121 -0.05506229 -0.07733925 -0.1137442 -0.0762554 0.1395152 0.1389153 -0.1021224 -0.05453486 0 -0.02307382 -0.04035368 -0.1736789 0 0.0429254 0.2478926 -0.03227246 0 -0.07808642 -0.003383484 -0.07934899 -0.1410032 -0.05687223 -0.07687969 -0.09321886 0.3537017 0.01972388 -0.08480657 -0.0552812 -0.111205 0 0.01933047 -0.03707196 -0.04880513 0.02377094 -0.1575307 0 0 -0.1778075 -0.1158679 -0.04243182 -0.05604058 -0.03604269 -0.05798256 0 -0.1778075 -0.1759704 -0.1778075 -0.08220756 0 0 -0.02683469 0 -0.1065482 -0.09737114 0 -0.05803499 -0.04938362 -0.08483684 -0.06068066 -0.05180783 -0.08483684 -0.03000757 0.3572145 -0.05553032 -0.04492482 -0.04621386 0 -0.100806 -0.1158679 -0.1158679 0 -0.1021395 -0.1021395 -0.1777667 -0.02892717 0.03792072 0 0 -0.05482753 0.0193652 -0.02137113 -0.07950573 -0.05047129 0 0 -0.04425618 -0.1778075 -0.08541431 -0.09737114 0.4020664 -0.08541431 0 -0.0361393 -0.05213314 -0.05851052 -0.05810384 -0.05470296 -0.1158679 -0.1226891
0 0.2528475 0.2649492 -0.117226 0.2239369 0.3293354 0.3450355 -0.1235086 0 0.5702295 -0.5005438 0.1345925 0.192545 0.7102213 0.4005113 0.2545454 0.3935102 0.8964753 -0.2391483 -0.1222498 -0.1928903 1.01 -0.08170596 0 0.3935102 0.3935102 0.1751432 0.548858 0.2545454 0.3442762 0.2516558 -0.127207 0.3442762 -0.240808 0.3945213 0.2335809 0.2332068 -0.2322775 0.1876374 0 -0.07189047 0.02708408 0.2095449 0 -0.06276422 -0.04795237 0.1386965 0 0.4086303 0.3832205 0.3208766 0.5770584 -0.07357732 0.3798886 -0.1389854 -0.3292903 0.1717606 -0.1351681 -0.1395929 0.3447727 0 0.1711067 0.2344577 -0.04772688 0.1754935 0.6487187 0 0 0.5325485 -0.2521717 0.1861621 0.07271996 -0.08184269 0.07782643 0 0.5325485 0.5320746 0.5325485 0.3014015 0 0 -0.05154354 0 -0.2382089 0.2487261 0 0.07739535 -0.111574 0.2890893 -0.1444304 0.1797915 0.2890893 -0.05636719 -0.3435188 -0.128615 -0.1000818 0.2978162 0 0.496686 -0.2521717 -0.2521717 0 0.1247734 0.1247734 0.5324263 -0.06979811 0.2066909 0 0 -0.1369449 0.1714122 -0.01956923 -0.1613824 -0.1117941 0 0 -0.0744108 0.5325485 -0.1346382 0.2487261 -0.3484723 -0.1346382 0 0.1726669 -0.1310903 0.2007592 0.07802927 -0.136708 -0.2521717 -0.2781935
0 -0.07643037 -0.01957481 -0.02779671 -0.02013422 -0.02716979 -0.02731816 -0.030748 0 -0.03765717 -0.04132507 -0.4143434 -0.0166062 -0.09004361 -0.03363824 0.001656924 -0.01958615 -0.08458672 -0.05837918 -0.0223678 -0.03351217 -0.08170596 1.01 0 -0.01958615 -0.01958615 -0.02102058 -0.0501817 0.001656924 -0.02714602 0.002525771 -0.04169168 -0.02714602 -0.05878568 -0.03356935 -0.2177232 -0.2198694 -0.05645294 -0.01424271 0 -0.0193998 0.6519981 -0.09213405 0 -0.01082108 -0.009513147 -0.01150793 0 -0.03481868 -0.06736693 -0.02771816 -0.07620685 -0.02732317 -0.03690088 -0.04608714 -0.08242098 -0.2126402 -0.03989745 -0.03037744 -0.03653886 0 -0.2121 -0.02588484 -0.04520633 -0.2071923 -0.06632589 0 0 -0.08961864 -0.06055108 0.01170817 -0.02961524 -0.007427042 -0.03195742 0 -0.08961864 -0.08965814 -0.08961864 -0.03064152 0 0 -0.01199442 0 -0.06156714 -0.04271275 0 -0.031974 -0.03632334 -0.03119767 -0.02885152 -0.02260389 -0.03119767 -0.01155354 0.004805482 -0.04154209 -0.01090726 -0.02318347 0 -0.05054319 -0.06055108 -0.06055108 0 -0.04323829 -0.04323829 -0.08959807 0.8110433 -0.1850225 0 0 -0.0283899 -0.2256574 -0.01596108 -0.03748679 -0.03506182 0 0 -0.01783058 -0.08961864 -0.04096434 -0.04271275 0.008349463 -0.04096434 0 -0.01543884 -0.02929103 -0.0001028816 -0.03201193 -0.0283329 -0.06055108 0.03256051
0 0 0 0 0 0 0 0 0 0 0 0 0 0 0 0 0 0 0 0 0 0 0 1.01 0 0 0 0 0 0 0 0 0 0 0 0 0 0 0 0 0 0 0 0 0 0 0 0 0 0 0 0 0 0 0 0 0 0 0 0 0 0 0 0 0 0 0 0 0 0 0 0 0 0 0 0 0 0 0 0 0 0 0 0 0 0 0 0 0 0 0 0 0 0 0 0 0 0 0 0 0 0 0 0 0 0 0 0 0 0 0 0 0 0 0 0 0 0 0 0 0 0 0 0 0 0 0 0 0 0
0 0.2834091 -0.04364014 -0.05089591 0.561262 -0.05484349 -0.05027429 -0.04577387 0 0.6787194 -0.1887623 0.05953899 0.4963046 0.357807 -0.05293038 0.6431161 1 0.3636205 -0.09826521 -0.05086413 -0.07342342 0.3935102 -0.01958615 0 1.01 1 0.4575073 -0.08597147 0.6431161 -0.04999552 0.6373088 -0.04208747 -0.04999552 -0.1000666 -0.0518762 0.06634723 0.06489797 -0.1005627 -0.03908099 0 -0.03194937 -0.03377051 0.03187859 0 -0.03471398 -0.02445803 -0.02207105 0 -0.05033242 -0.1062764 -0.0498518 -0.118033 0.02611233 -0.05245578 -0.06814798 -0.1248461 -0.0557185 -0.06301732 -0.05277678 0.236005 0 -0.05551319 -0.04000596 -0.07322214 -0.05135319 0.1123791 0 0 0.04805213 -0.1026058 0.4613566 0.333334 -0.03884545 0.3389125 0 0.04805213 0.04786991 0.04805213 -0.05692496 0 0 -0.01776844 0 -0.0965191 -0.07967302 0 0.3382286 -0.04496624 -0.06039576 -0.05341569 -0.03057695 -0.06039576 -0.02347643 -0.1239553 -0.04174877 -0.0420623 -0.0498159 0 -0.09368866 -0.1026058 -0.1026058 0 -0.07970533 -0.07970533 0.0480411 -0.01836916 -0.0334127 0 0 -0.04915511 -0.05527834 0.0002436773 -0.05552071 -0.04527633 0 0 -0.03077558 0.04805213 -0.06321501 -0.07967302 -0.124206 -0.06321501 0 0.4366877 -0.04719234 0.5591658 0.3386298 -0.04906135 -0.1026058 -0.09733124
0 0.2834091 -0.04364014 -0.05089591 0.561262 -0.05484349 -0.05027429 -0.04577387 0 0.6787194 -0.1887623 0.05953899 0.4963046 0.357807 -0.05293038 0.6431161 1 0.3636205 -0.09826521 -0.05086413 -0.07342342 0.3935102 -0.01958615 0 1 1.01 0.4575073 -0.08597147 0.6431161 -0.04999552 0.6373088 -0.04208747 -0.04999552 -0.1000666 -0.0518762 0.06634723 0.06489797 -0.1005627 -0.03908099 0 -0.03194937 -0.03377051 0.03187859 0 -0.03471398 -0.02445803 -0.02207105 0 -0.05033242 -0.1062764 -0.0498518 -0.118033 0.02611233 -0.05245578 -0.06814798 -0.1248461 -0.0557185 -0.06301732 -0.05277678 0.236005 0 -0.05551319 -0.04000596 -0.07322214 -0.05135319 0.1123791 0 0 0.04805213 -0.1026058 0.4613566 0.333334 -0.03884545 0.3389125 0 0.04805213 0.04786991 0.04805213 -0.05692496 0 0 -0.01776844 0 -0.0965191 -0.07967302 0 0.3382286 -0.04496624 -0.06039576 -0.05341569 -0.03057695 -0.06039576 -0.02347643 -0.1239553 -0.04174877 -0.0420623 -0.0498159 0 -0.09368866 -0.1026058 -0.1026058 0 -0.07970533 -0.07970533 0.0480411 -0.01836916 -0.0334127 0 0 -0.04915511 -0.05527834 0.0002436773 -0.05552071 -0.04527633 0 0 -0.03077558 0.04805213 -0.06321501 -0.07967302 -0.124206 -0.06321501 0 0.4366877 -0.04719234 0.5591658 0.3386298 -0.04906135 -0.1026058 -0.09733124
0 -0.05792368 -0.02435047 -0.01822746 -0.008129915 -0.02788441 -0.02686146 -0.02506796 0 0.3048827 -0.07971682 0.02999712 -0.005021626 0.1579295 -0.0315631 -0.01519047 0.4575073 0.1611589 -0.03668488 -0.01985481 -0.03426312 0.1751432 -0.02102058 0 0.4575073 0.4575073 1.01 -0.03975213 -0.01519047 -0.0267437 -0.01469027 -0.01797125 -0.0267437 -0.03756642 -0.02955026 -0.03427901 -0.03524229 -0.04166106 -0.02150958 0 -0.01146905 -0.02509029 -0.05967237 0 -0.02142953 -0.005443201 -0.01248586 0 -0.02846421 -0.05149203 -0.02713522 -0.05957658 0.1404079 -0.02583403 -0.03020067 -0.05834936 -0.2508254 -0.02615287 -0.02885283 -0.045738 0 -0.251231 -0.01927026 -0.0312145 -0.2470823 -0.06663413 0 0 -0.08175911 -0.04047547 -0.01609209 -0.01734255 -0.01609297 -0.01646921 0 -0.08175911 -0.08177942 -0.08175911 -0.02922691 0 0 -0.01272873 0 -0.03586002 -0.04279474 0 -0.01649366 -0.02819453 -0.03069697 -0.02686198 -0.01481668 -0.03069697 -0.01489525 -0.0564786 -0.01781729 -0.01256696 -0.02528421 0 -0.04118684 -0.04047547 -0.04047547 0 -0.04148779 -0.04148779 -0.08174034 -0.02027844 -0.22488 0 0 -0.02638878 -0.2510802 -0.01184876 -0.02514243 -0.02881626 0 0 -0.008384564 -0.08175911 -0.02582667 -0.04279474 -0.05878771 -0.02582667 0 0.7898031 -0.0255975 -0.01690324 -0.01651322 -0.02634919 -0.04047547 -0.04600072
0 -0.1973543 0.4810365 -0.05759206 -0.04325661 -0.07068773 -0.07193252 -0.07574686 0 -0.1295537 -0.2763828 0.07203584 -0.04092448 0.5032116 -0.0908499 -0.05971646 -0.08597147 0.461231 -0.1294381 -0.06375799 -0.1044705 0.548858 -0.0501817 0 -0.08597147 -0.08597147 -0.03975213 1.01 -0.05971646 -0.07233168 -0.06140056 -0.07663979 -0.07233168 -0.1335422 -0.09279543 0.1400896 0.141338 -0.1269122 -0.05659019 0 -0.03781755 0.1277797 0.2115854 0 -0.03305743 -0.02648867 0.2435985 0 -0.07017495 0.7498268 -0.07287248 0.5640292 -0.05958154 -0.07065488 -0.07512462 -0.1716026 0.1468523 -0.07807991 -0.08541395 -0.1255229 0 0.146101 0.4242931 -0.06362827 0.1460665 0.6155516 0 0 0.504688 -0.1376919 -0.03802627 -0.0718256 -0.03666624 -0.06994047 0 0.504688 0.5045148 0.504688 -0.07990858 0 0 -0.0171248 0 -0.1302328 -0.1078227 0 -0.0699919 -0.05937072 -0.08277247 -0.08806956 -0.05411899 -0.08277247 -0.02606604 -0.1931671 -0.07620196 -0.04643703 0.5523798 0 0.9302394 -0.1376919 -0.1376919 0 -0.1213106 -0.1213106 0.5045722 -0.04269593 0.1614691 0 0 -0.08484061 0.1462877 -0.01837957 -0.08013506 -0.05885497 0 0 -0.04776825 0.504688 -0.07768665 -0.1078227 -0.1955846 -0.07768665 0 -0.03713545 -0.08126913 -0.06527046 -0.06928357 -0.08471204 -0.1376919 -0.1520145
0 0.2675646 -0.03162308 -0.03595877 -0.02216407 -0.03762914 -0.03465419 -0.02420613 0 0.4443923 -0.1302639 0.03271335 -0.01052271 0.2365273 -0.023981 1 0.6431161 0.2369589 -0.06906267 -0.03987117 -0.04943014 0.2545454 0.001656924 0 0.6431161 0.6431161 -0.01519047 -0.05971646 1.01 -0.0344766 0.9903561 -0.02521889 -0.0344766 -0.07185559 -0.02388672 0.06455207 0.06371906 -0.07155085 -0.02157478 0 -0.01995895 -0.011128 -0.09667722 0 -0.01448768 -0.01236479 -0.01049561 0 -0.02403999 -0.07197168 -0.03185015 -0.06979522 -0.0280009 -0.02854478 -0.03822225 -0.08099469 0.07107742 -0.03602187 -0.02930219 0.4412464 0 0.07182294 -0.01930963 -0.04125164 0.07397173 0.2915925 0 0 0.2309655 -0.07485589 0.7310109 -0.02754735 -0.0235885 -0.02630248 0 0.2309655 0.2307291 0.2309655 -0.03842094 0 0 -0.01107713 0 -0.06991853 -0.04012899 0 -0.02633397 -0.02535889 -0.04063928 -0.03171913 -0.0240958 -0.04063928 -0.01133978 -0.08294941 -0.02499248 -0.02356261 -0.03544799 0 -0.06488556 -0.07485589 -0.07485589 0 -0.04974175 -0.04974175 0.2309125 0.001718297 0.07829146 0 0 -0.02744534 0.07241501 -0.0114537 -0.03725457 -0.02449539 0 0 -0.01028859 0.2309655 -0.03554244 -0.04012899 -0.08168684 -0.03554244 0 -0.01237603 -0.02738727 0.8754187 -0.02636521 -0.02738227 -0.07485589 -0.065471
0 -0.1168914 -0.03495715 -0.03957366 -0.02313664 0.9640411 0.9981683 -0.04088935 0 -0.07455219 -0.1794159 0.05686561 -0.02350419 -0.1386356 -0.05042601 -0.0344766 -0.04999552 0.3223842 -0.08550069 -0.04533149 -0.07733925 0.3442762 -0.02714602 0 -0.04999552 -0.04999552 -0.0267437 -0.07233168 -0.0344766 1.01 -0.03353452 -0.04728183 1 -0.08634443 -0.04926405 0.08793831 0.08749404 -0.08242546 0.5870282 0 -0.01564764 -0.03790745 0.3235716 0 -0.02196737 -0.01473452 -0.002860598 0 -0.05212916 -0.09218281 0.952519 -0.09935044 -0.03457009 -0.05182753 -0.05186174 -0.1274886 0.09637818 -0.04999574 -0.04622226 -0.07688163 0 0.0955288 -0.02690041 -0.0572256 0.09633681 -0.1125479 0 0 -0.1391787 -0.08833522 -0.0211836 -0.0309355 -0.02785192 -0.0291888 0 -0.1391787 -0.1392313 -0.1391787 0.9287337 0 0 -0.02113571 0 -0.08322408 -0.06715806 0 -0.02924215 -0.04034063 0.908532 -0.05135444 0.5710002 0.908532 -0.01781201 -0.1245645 -0.04701887 -0.03611257 -0.04903771 0 -0.07401855 -0.08833522 -0.08833522 0 0.6565116 0.6565116 -0.1391468 -0.02458412 0.1057853 0 0 -0.04711922 0.09512985 -0.001517873 -0.06628074 -0.03878588 0 0 -0.01250605 -0.1391787 -0.04935058 -0.06715806 -0.1263198 -0.04935058 0 -0.02096689 -0.04449324 -0.04057745 -0.02927684 -0.047039 -0.08833522 -0.10178
0 0.2655826 -0.03294969 -0.03514727 -0.02156145 -0.0367371 -0.03371117 -0.02330292 0 0.4411632 -0.1293448 0.03155618 -0.009862617 0.2340737 -0.02271545 0.9903561 0.6373088 0.2344198 -0.06838455 -0.03906149 -0.04923121 0.2516558 0.002525771 0 0.6373088 0.6373088 -0.01469027 -0.06140056 0.9903561 -0.03353452 1.01 -0.02582213 -0.03353452 -0.07111171 -0.02262047 0.06349054 0.06266414 -0.0710213 -0.02097634 0 -0.0194701 -0.01028101 -0.09627081 0 -0.01402075 -0.01199994 -0.01401523 0 -0.02276148 -0.07208664 -0.03249916 -0.06992599 -0.02715296 -0.02732272 -0.0382157 -0.08073851 0.06998872 -0.03619529 -0.02831573 0.4380276 0 0.07074303 -0.02314123 -0.04112737 0.07285677 0.287912 0 0 0.2278899 -0.07406345 0.7115759 -0.02650997 -0.0231233 -0.02527059 0 0.2278899 0.2276564 0.2278899 -0.03741833 0 0 -0.01067451 0 -0.06926916 -0.03858755 0 -0.02530303 -0.02456916 -0.03962655 -0.03070466 -0.02334209 -0.03962655 -0.01089108 -0.0827026 -0.0256009 -0.0229492 -0.0363298 0 -0.06641851 -0.07406345 -0.07406345 0 -0.04828528 -0.04828528 0.2278376 0.002499857 0.07695735 0 0 -0.02644878 0.07134488 -0.01122589 -0.03753014 -0.02368355 0 0 -0.009573213 0.2278899 -0.03572243 -0.03858755 -0.08139028 -0.03572243 0 -0.01187825 -0.02645305 0.8670543 -0.02533305 -0.026386 -0.07406345 -0.06520953
0 -0.1203682 -0.03701497 -0.04962724 -0.02539218 -0.04482809 -0.0475244 -0.03188667 0 -0.06400348 0.2658854 0.06636772 -0.02787807 -0.139115 -0.0447856 -0.02521889 -0.04208747 -0.1386691 -0.09263288 -0.02609213 -0.05506229 -0.127207 -0.04169168 0 -0.04208747 -0.04208747 -0.01797125 -0.07663979 -0.02521889 -0.04728183 -0.02582213 1.01 -0.04728183 -0.09261656 -0.04360691 0.1076365 0.1079616 -0.0920185 0.02227283 0 -0.0227252 -0.04166869 -0.1225824 0 -0.01975333 -0.01181883 -0.02081568 0 -0.04553812 -0.08488484 -0.04808815 -0.09402601 -0.04348073 -0.04626225 -0.05171199 0.3885162 0.1037944 -0.0486888 -0.04068901 -0.06715068 0 0.1042871 -0.02734167 -0.05904867 0.1056966 -0.110061 0 0 -0.1396901 -0.09031538 -0.01929663 -0.0423377 -0.01937243 -0.04068132 0 -0.1396901 -0.1397437 -0.1396901 -0.05219456 0 0 -0.01567019 0 -0.08591279 -0.06124014 0 -0.04071646 -0.03488114 -0.05072592 0.007494417 -0.04586908 -0.05072592 -0.02337963 0.3827759 0.9975237 -0.02181364 -0.04575017 0 -0.08059607 -0.09031538 -0.09031538 0 -0.06801628 -0.06801628 -0.139658 -0.04287894 0.1123757 0 0 -0.04284164 0.1032348 -0.006012547 -0.03639701 -0.0363665 0 0 -0.02404631 -0.1396901 -0.04803168 -0.06124014 0.3819535 -0.04803168 0 -0.01636591 -0.03603386 -0.03108853 -0.04076476 -0.04275816 -0.09031538 0.4791128
0 -0.1168914 -0.03495715 -0.03957366 -0.02313664 0.9640411 0.9981683 -0.04088935 0 -0.07455219 -0.1794159 0.05686561 -0.02350419 -0.1386356 -0.05042601 -0.0344766 -0.04999552 0.3223842 -0.08550069 -0.04533149 -0.07733925 0.3442762 -0.02714602 0 -0.04999552 -0.04999552 -0.0267437 -0.07233168 -0.0344766 1 -0.03353452 -0.04728183 1.01 -0.08634443 -0.04926405 0.08793831 0.08749404 -0.08242546 0.5870282 0 -0.01564764 -0.03790745 0.3235716 0 -0.02196737 -0.01473452 -0.002860598 0 -0.05212916 -0.09218281 0.952519 -0.09935044 -0.03457009 -0.05182753 -0.05186174 -0.1274886 0.09637818 -0.04999574 -0.04622226 -0.07688163 0 0.0955288 -0.02690041 -0.0572256 0.09633681 -0.1125479 0 0 -0.1391787 -0.08833522 -0.0211836 -0.0309355 -0.02785192 -0.0291888 0 -0.1391787 -0.1392313 -0.1391787 0.9287337 0 0 -0.02113571 0 -0.08322408 -0.06715806 0 -0.02924215 -0.04034063 0.908532 -0.05135444 0.5710002 0.908532 -0.01781201 -0.1245645 -0.04701887 -0.03611257 -0.04903771 0 -0.07401855 -0.08833522 -0.08833522 0 0.6565116 0.6565116 -0.1391468 -0.02458412 0.1057853 0 0 -0.04711922 0.09512985 -0.001517873 -0.06628074 -0.03878588 0 0 -0.01250605 -0.1391787 -0.04935058 -0.06715806 -0.1263198 -0.04935058 0 -0.02096689 -0.04449324 -0.04057745 -0.02927684 -0.047039 -0.08833522 -0.10178
0 0.6397694 -0.0587916 -0.07953274 -0.05693701 -0.08323793 -0.0867951 -0.06901303 0 -0.1365912 0.490607 0.1047272 -0.05442181 -0.2600102 -0.08517236 -0.07185559 -0.1000666 -0.2600425 0.9489479 -0.07141347 -0.1137442 -0.240808 -0.05878568 0 -0.1000666 -0.1000666 -0.03756642 -0.1335422 -0.07185559 -0.08634443 -0.07111171 -0.09261656 -0.08634443 1.01 -0.09428702 0.1763824 0.1747365 0.9274326 -0.05653803 0 -0.04345048 -0.06676661 0.5470604 0 -0.04491631 -0.03343158 -0.02809769 0 -0.08725933 -0.1625361 -0.05585121 -0.194059 -0.0721299 -0.09389778 -0.110772 -0.2263896 0.1761774 -0.106391 -0.07552949 -0.1377069 0 0.1754427 -0.0634907 -0.1201251 0.180457 -0.2091841 0 0 -0.2688178 0.9715276 -0.04920659 -0.09068701 -0.03898617 -0.0898535 0 -0.2688178 -0.268911 -0.2688178 -0.09400748 0 0 -0.03285913 0 0.9073804 -0.1149072 0 -0.08919138 -0.07825277 -0.09772417 -0.07725004 -0.06403663 -0.09772417 -0.04192574 -0.2250714 -0.09213898 -0.04546259 -0.07432002 0 -0.1407504 0.9715276 0.9715276 0 -0.1257865 -0.1257865 -0.2687561 -0.05177717 0.1974566 0 0 -0.07493656 0.1758587 -0.02827867 -0.09750592 -0.07825021 0 0 -0.05033036 -0.2688178 -0.106439 -0.1149072 -0.2267912 -0.106439 0 -0.04465189 -0.07041275 0.001867307 -0.0900008 -0.07477983 0.9715276 -0.1845605
