1.01 0 0 0 0 0 0 0 0 0 0 0 0 0 0 0 0 0 0 0 0 0 0 0 0 0 0 0 0 0 0 0 0 0 0 0 0 0 0 0 0 0 0 0 0 0 0 0 0 0 0 0 0 0 0 0 0 0 0 0 0 0 0 0 0 0 0 0 0 0 0 0 0 0 0 0 0 0 0 0 0 0 0 0 0 0 0 0 0 0 0 0 0 0 0 0 0 0 0 0 0 0 0 0 0 0 0 0 0 0 0 0 0 0 0 0 0 0 0 0 0 0 0 0 0 0 0 0 0 0 0 0 0 0 0 0 0 0 0 0 0 0 0 0 0 0 0 0 0 0 0 0 0
0 1.01 0 0 0 0 0 0 0 0 0 0 0 0 0 0 0 0 0 0 0 0 0 0 0 0 0 0 0 0 0 0 0 0 0 0 0 0 0 0 0 0 0 0 0 0 0 0 0 0 0 0 0 0 0 0 0 0 0 0 0 0 0 0 0 0 0 0 0 0 0 0 0 0 0 0 0 0 0 0 0 0 0 0 0 0 0 0 0 0 0 0 0 0 0 0 0 0 0 0 0 0 0 0 0 0 0 0 0 0 0 0 0 0 0 0 0 0 0 0 0 0 0 0 0 0 0 0 0 0 0 0 0 0 0 0 0 0 0 0 0 0 0 0 0 0 0 0 0 0 0 0 0
0 0 1.01 0 0 0 0 0 0 0 0 0 0 0 0 0 0 0 0 0 0 0 0 0 0 0 0 0 0 0 0 0 0 0 0 0 0 0 0 0 0 0 0 0 0 0 0 0 0 0 0 0 0 0 0 0 0 0 0 0 0 0 0 0 0 0 0 0 0 0 0 0 0 0 0 0 0 0 0 0 0 0 0 0 0 0 0 0 0 0 0 0 0 0 0 0 0 0 0 0 0 0 0 0 0 0 0 0 0 0 0 0 0 0 0 0 0 0 0 0 0 0 0 0 0 0 0 0 0 0 0 0 0 0 0 0 0 0 0 0 0 0 0 0 0 0 0 0 0 0 0 0 0
0 0 0 1.01 0 0 0 0 0 0 0 0 0 0 0 0 0 0 0 0 0 0 0 0 0 0 0 0 0 0 0 0 0 0 0 0 0 0 0 0 0 0 0 0 0 0 0 0 0 0 0 0 0 0 0 0 0 0 0 0 0 0 0 0 0 0 0 0 0 0 0 0 0 0 0 0 0 0 0 0 0 0 0 0 0 0 0 0 0 0 0 0 0 0 0 0 0 0 0 0 0 0 0 0 0 0 0 0 0 0 0 0 0 0 0 0 0 0 0 0 0 0 0 0 0 0 0 0 0 0 0 0 0 0 0 0 0 0 0 0 0 0 0 0 0 0 0 0 0 0 0 0 0
0 0 0 0 1.01 0 0 0 0 0 0 0 0 0 0 0 0 0 0 0 0 0 0 0 0 0 0 0 0 0 0 0 0 0 0 0 0 0 0 0 0 0 0 0 0 0 0 0 0 0 0 0 0 0 0 0 0 0 0 0 0 0 0 0 0 0 0 0 0 0 0 0 0 0 0 0 0 0 0 0 0 0 0 0 0 0 0 0 0 0 0 0 0 0 0 0 0 0 0 0 0 0 0 0 0 0 0 0 0 0 0 0 0 0 0 0 0 0 0 0 0 0 0 0 0 0 0 0 0 0 0 0 0 0 0 0 0 0 0 0 0 0 0 0 0 0 0 0 0 0 0 0 0
0 0 0 0 0 1.01 0 -0.04030162 -0.03118166 0 0 0 -0.1850252 -0.1354374 0 -0.1354374 0 0.4529883 0 0.1590884 0.05845293 -0.008396644 0.1591033 0 -0.1354374 0 -0.1853186 0 0 -0.1351138 0.1587622 0 0 0 0 -0.01670173 0 0.153851 0.1579219 -0.1860788 0 0.1580505 0 0 0 0 0 0.4876988 0 -0.01756045 -0.1349979 -0.04434677 -0.02533249 -0.1349979 -0.1349524 -0.01825249 0.1576488 0.05845293 0.5386469 -0.07628657 0.2134001 0 0 -0.159456 -0.1344052 0 -0.1261976 0 0 -0.1663596 0 -0.03803168 -0.08212753 0 0 0 0 0 0 0 0 0 0 0 0 0 -0.1314939 0 0 -0.1359687 0 0 0.06429134 0.1173199 0 0 0 -0.02864438 0 0 0.1645392 0 -0.03330202 0 -0.1359687 0.1629969 -0.1357292 0 -0.02371232 0 -0.1359687 0 -0.04021051 0.1235729 0.1237862 0 0.06419368 -0.02497189 0.06429134 0.1637317 0.01213896 0 0 0 0 0.01595182 0.1260175 0.1271841 0 0.1426185 0 0 0 0 0 0 -0.1040132 0 0.1188616 0.1179956 0.01213896 0.1522519 0.1179956 0.1179956 0 0 0.1179956 0 0.1179026 0 0.1179956 0.1179956 0.1184069
0 0 0 0 0 0 1.01 0 0 0 0 0 0 0 0 0 0 0 0 0 0 0 0 0 0 0 0 0 0 0 0 0 0 0 0 0 0 0 0 0 0 0 0 0 0 0 0 0 0 0 0 0 0 0 0 0 0 0 0 0 0 0 0 0 0 0 0 0 0 0 0 0 0 0 0 0 0 0 0 0 0 0 0 0 0 0 0 0 0 0 0 0 0 0 0 0 0 0 0 0 0 0 0 0 0 0 0 0 0 0 0 0 0 0 0 0 0 0 0 0 0 0 0 0 0 0 0 0 0 0 0 0 0 0 0 0 0 0 0 0 0 0 0 0 0 0 0 0 0 0 0 0 0
0 0 0 0 0 -0.04030162 0 1.01 -0.03355255 0 0 0 0.2122002 -0.1366858 0 -0.1366858 0 -0.08367628 0 0.1547426 0.04804112 -0.00813385 0.1547576 0 -0.1366858 0 0.2116968 0 0 -0.1363685 0.154421 0 0 0 0 -0.02937852 0 0.1495765 0.1492292 0.2067105 0 0.1493575 0 0 0 0 0 -0.07684513 0 0.4505695 -0.1304867 0.1825463 -0.03394837 -0.1304867 -0.1321457 -0.02847771 0.1495024 0.04804112 -0.06946161 -0.0730894 -0.1748393 0 0 -0.1739067 -0.1310594 0 -0.1194355 0 0 -0.03526842 0 -0.0904532 -0.08091518 0 0 0 0 0 0 0 0 0 0 0 0 0 -0.05607048 0 0 -0.002136747 0 0 0.08834183 -0.02465671 0 0 0 0.1188324 0 0 -0.07530784 0 -0.03087451 0 -0.002136747 -0.07383188 -0.002495835 0 -0.01211922 0 -0.002136747 0 -0.04054289 -0.08902108 -0.08891002 0 0.08823849 -0.002203214 0.08834183 -0.07493352 -0.06563569 0 0 0 0 -0.09493268 -0.08848065 -0.08780036 0 -0.03131404 0 0 0 0 0 0 -0.008890317 0 -0.02293441 -0.02366466 -0.06563569 -0.007637981 -0.02366466 -0.02366466 0 0 -0.02366466 0 -0.02370619 0 -0.02366466 -0.02366466 -0.02284123
0 0 0 0 0 -0.03118166 0 -0.03355255 1.01 0 0 0 0.1750786 -0.1021165 0 -0.1021165 0 -0.07534342 0 0.1227904 0.04943453 -0.01011652 0.1228062 0 -0.1021165 0 0.1741726 0 0 -0.1018248 0.1225046 0 0 0 0 -0.03452463 0 0.1237044 0.1223674 0.1745428 0 0.1224836 0 0 0 0 0 -0.06734164 0 -0.01486191 -0.1032759 0.1583212 -0.03061342 -0.1032759 -0.1056527 -0.03009324 0.1226107 0.04943453 -0.05505993 0.4086271 -0.1412438 0 0 0.1911172 -0.101834 0 -0.07060212 0 0 0.1432192 0 0.1518244 0.1608872 0 0 0 0 0 0 0 0 0 0 0 0 0 0.03440602 0 0 0.03796328 0 0 0.02476525 -0.04638274 0 0 0 0.01631543 0 0 -0.05520918 0 -0.02461138 0 0.03796328 -0.05595888 0.03815096 0 -0.02359316 0 0.03796328 0 -0.004396344 -0.05131495 -0.05120344 0 0.02468885 -0.01200652 0.02476525 -0.05557265 0.01803345 0 0 0 0 0.02092069 -0.05064025 -0.04997537 0 -0.03268422 0 0 0 0 0 0 0.05101667 0 -0.04418707 -0.04556094 0.01803345 -0.04972609 -0.04556094 -0.04556094 0 0 -0.04556094 0 -0.04558896 0 -0.04556094 -0.04556094 -0.04546339
0 0 0 0 0 0 0 0 0 1.01 0 0 0 0 0 0 0 0 0 0 0 0 0 0 0 0 0 0 0 0 0 0 0 0 0 0 0 0 0 0 0 0 0 0 0 0 0 0 0 0 0 0 0 0 0 0 0 0 0 0 0 0 0 0 0 0 0 0 0 0 0 0 0 0 0 0 0 0 0 0 0 0 0 0 0 0 0 0 0 0 0 0 0 0 0 0 0 0 0 0 0 0 0 0 0 0 0 0 0 0 0 0 0 0 0 0 0 0 0 0 0 0 0 0 0 0 0 0 0 0 0 0 0 0 0 0 0 0 0 0 0 0 0 0 0 0 0 0 0 0 0 0 0
0 0 0 0 0 0 0 0 0 0 1.01 0 0 0 0 0 0 0 0 0 0 0 0 0 0 0 0 0 0 0 0 0 0 0 0 0 0 0 0 0 0 0 0 0 0 0 0 0 0 0 0 0 0 0 0 0 0 0 0 0 0 0 0 0 0 0 0 0 0 0 0 0 0 0 0 0 0 0 0 0 0 0 0 0 0 0 0 0 0 0 0 0 0 0 0 0 0 0 0 0 0 0 0 0 0 0 0 0 0 0 0 0 0 0 0 0 0 0 0 0 0 0 0 0 0 0 0 0 0 0 0 0 0 0 0 0 0 0 0 0 0 0 0 0 0 0 0 0 0 0 0 0 0
0 0 0 0 0 0 0 0 0 0 0 1.01 0 0 0 0 0 0 0 0 0 0 0 0 0 0 0 0 0 0 0 0 0 0 0 0 0 0 0 0 0 0 0 0 0 0 0 0 0 0 0 0 0 0 0 0 0 0 0 0 0 0 0 0 0 0 0 0 0 0 0 0 0 0 0 0 0 0 0 0 0 0 0 0 0 0 0 0 0 0 0 0 0 0 0 0 0 0 0 0 0 0 0 0 0 0 0 0 0 0 0 0 0 0 0 0 0 0 0 0 0 0 0 0 0 0 0 0 0 0 0 0 0 0 0 0 0 0 0 0 0 0 0 0 0 0 0 0 0 0 0 0 0
0 0 0 0 0 -0.1850252 0 0.2122002 0.1750786 0 0 0 1.01 -0.6055645 0 -0.6055645 0 -0.417729 0 0.7111143 0.2610027 -0.07506734 0.7111928 0 -0.6055645 0 0.9976766 0 0 -0.605113 0.710609 0 0 0 0 -0.1541107 0 0.702482 0.7069868 0.9942375 0 0.70656 0 0 0 0 0 -0.3858246 0 0.07297348 -0.5918827 0.5893633 -0.07033883 -0.5918827 -0.5970082 -0.1368802 0.7055787 0.2610027 -0.3288541 0.4477998 -0.8228341 0 0 0.9129278 -0.6001404 0 -0.5428764 0 0 0.8147557 0 0.340247 0.3506789 0 0 0 0 0 0 0 0 0 0 0 0 0 0.1181649 0 0 0.1381901 0 0 -0.03191846 -0.1398077 0 0 0 -0.01484631 0 0 -0.114237 0 -0.07941721 0 0.1381901 -0.1153629 0.1374445 0 0.08549047 0 0.1381901 0 -0.11681 -0.1654988 -0.1650988 0 -0.03228672 -0.0808282 -0.03191846 -0.1121378 -0.04684513 0 0 0 0 -0.03445001 -0.1590819 -0.1578362 0 -0.1826014 0 0 0 0 0 0 0.1071427 0 -0.1389751 -0.1386442 -0.04684513 -0.09478473 -0.1386442 -0.1386442 0 0 -0.1386442 0 -0.1388359 0 -0.1386442 -0.1386442 -0.1374093
0 0 0 0 0 -0.1354374 0 -0.1366858 -0.1021165 0 0 0 -0.6055645 1.01 0 1 0 -0.2923618 0 -0.8526598 0.1753201 -0.0381217 -0.8526112 0 1 0 -0.6046751 0 0 0.9989096 -0.8512523 0 0 0 0 -0.105582 0 -0.8355558 -0.8457063 -0.5974428 0 -0.8454218 0 0 0 0 0 -0.2697309 0 -0.0276735 0.9854901 -0.6192621 -0.09660981 0.9854901 0.9755296 -0.09652555 -0.8444515 0.1753201 -0.2339644 -0.2715945 0.7210539 0 0 -0.5510392 0.9923612 0 0.9066105 0 0 -0.4556119 0 -0.2007672 -0.181242 0 0 0 0 0 0 0 0 0 0 0 0 0 -0.009285922 0 0 -0.01783323 0 0 -0.04623769 0.05516469 0 0 0 -0.01335804 0 0 -0.02244876 0 -0.05763555 0 -0.01783323 -0.018718 -0.01760406 0 -0.03973843 0 -0.01783323 0 0.1564829 0.06629706 0.06625995 0 -0.0460441 0.1434546 -0.04623769 -0.02346197 0.03046065 0 0 0 0 -0.01769449 0.05338433 0.05579528 0 0.05630625 0 0 0 0 0 0 -0.03946116 0 0.05761482 0.05734058 0.03046065 -0.0271854 0.05734058 0.05734058 0 0 0.05734058 0 0.05771468 0 0.05734058 0.05734058 0.05641931
0 0 0 0 0 0 0 0 0 0 0 0 0 0 1.01 0 0 0 0 0 0 0 0 0 0 0 0 0 0 0 0 0 0 0 0 0 0 0 0 0 0 0 0 0 0 0 0 0 0 0 0 0 0 0 0 0 0 0 0 0 0 0 0 0 0 0 0 0 0 0 0 0 0 0 0 0 0 0 0 0 0 0 0 0 0 0 0 0 0 0 0 0 0 0 0 0 0 0 0 0 0 0 0 0 0 0 0 0 0 0 0 0 0 0 0 0 0 0 0 0 0 0 0 0 0 0 0 0 0 0 0 0 0 0 0 0 0 0 0 0 0 0 0 0 0 0 0 0 0 0 0 0 0
0 0 0 0 0 -0.1354374 0 -0.1366858 -0.1021165 0 0 0 -0.6055645 1 0 1.01 0 -0.2923618 0 -0.8526598 0.1753201 -0.0381217 -0.8526112 0 1 0 -0.6046751 0 0 0.9989096 -0.8512523 0 0 0 0 -0.105582 0 -0.8355558 -0.8457063 -0.5974428 0 -0.8454218 0 0 0 0 0 -0.2697309 0 -0.0276735 0.9854901 -0.6192621 -0.09660981 0.9854901 0.9755296 -0.09652555 -0.8444515 0.1753201 -0.2339644 -0.2715945 0.7210539 0 0 -0.5510392 0.9923612 0 0.9066105 0 0 -0.4556119 0 -0.2007672 -0.181242 0 0 0 0 0 0 0 0 0 0 0 0 0 -0.009285922 0 0 -0.01783323 0 0 -0.04623769 0.05516469 0 0 0 -0.01335804 0 0 -0.02244876 0 -0.05763555 0 -0.01783323 -0.018718 -0.01760406 0 -0.03973843 0 -0.01783323 0 0.1564829 0.06629706 0.06625995 0 -0.0460441 0.1434546 -0.04623769 -0.02346197 0.03046065 0 0 0 0 -0.01769449 0.05338433 0.05579528 0 0.05630625 0 0 0 0 0 0 -0.03946116 0 0.05761482 0.05734058 0.03046065 -0.0271854 0.05734058 0.05734058 0 0 0.05734058 0 0.05771468 0 0.05734058 0.05734058 0.05641931
0 0 0 0 0 0 0 0 0 0 0 0 0 0 0 0 1.01 0 0 0 0 0 0 0 0 0 0 0 0 0 0 0 0 0 0 0 0 0 0 0 0 0 0 0 0 0 0 0 0 0 0 0 0 0 0 0 0 0 0 0 0 0 0 0 0 0 0 0 0 0 0 0 0 0 0 0 0 0 0 0 0 0 0 0 0 0 0 0 0 0 0 0 0 0 0 0 0 0 0 0 0 0 0 0 0 0 0 0 0 0 0 0 0 0 0 0 0 0 0 0 0 0 0 0 0 0 0 0 0 0 0 0 0 0 0 0 0 0 0 0 0 0 0 0 0 0 0 0 0 0 0 0 0
0 0 0 0 0 0.4529883 0 -0.08367628 -0.07534342 0 0 0 -0.417729 -0.2923618 0 -0.2923618 0 1.01 0 0.3416022 0.1227673 0.1691117 0.3416372 0 -0.2923618 0 -0.4152222 0 0 -0.2919353 0.3411578 0 0 0 0 0.3706419 0 0.3201129 0.339842 -0.4195222 0 0.3398495 0 0 0 0 0 0.9201301 0 -0.048572 -0.292004 0.1620031 0.2399808 -0.292004 -0.2721608 0.3360803 0.3398959 0.1227673 0.7939486 -0.1844141 0.3818039 0 0 -0.3806105 -0.2906489 0 -0.2706962 0 0 -0.3675165 0 -0.1525483 -0.1602755 0 0 0 0 0 0 0 0 0 0 0 0 0 -0.07215917 0 0 -0.08509393 0 0 0.143808 -0.0004998674 0 0 0 0.06540555 0 0 0.04780662 0 0.008576905 0 -0.08509393 0.04572872 -0.08459229 0 -0.05083827 0 -0.08509393 0 -0.05029061 0.01464209 0.01394994 0 0.1435909 -0.04707929 0.143808 0.04656011 0.01497593 0 0 0 0 0.0439689 0.01840689 0.01339027 0 0.09229569 0 0 0 0 0 0 0.01222355 0 -0.005666928 -0.00530398 0.01497593 0.02360773 -0.00530398 -0.00530398 0 0 -0.00530398 0 -0.005414737 0 -0.00530398 -0.00530398 -7.356672e-05
0 0 0 0 0 0 0 0 0 0 0 0 0 0 0 0 0 0 1.01 0 0 0 0 0 0 0 0 0 0 0 0 0 0 0 0 0 0 0 0 0 0 0 0 0 0 0 0 0 0 0 0 0 0 0 0 0 0 0 0 0 0 0 0 0 0 0 0 0 0 0 0 0 0 0 0 0 0 0 0 0 0 0 0 0 0 0 0 0 0 0 0 0 0 0 0 0 0 0 0 0 0 0 0 0 0 0 0 0 0 0 0 0 0 0 0 0 0 0 0 0 0 0 0 0 0 0 0 0 0 0 0 0 0 0 0 0 0 0 0 0 0 0 0 0 0 0 0 0 0 0 0 0 0
0 0 0 0 0 0.1590884 0 0.1547426 0.1227904 0 0 0 0.7111143 -0.8526598 0 -0.8526598 0 0.3416022 0 1.01 0.3646817 0.05319161 0.9998916 0 -0.8526598 0 0.7106502 0 0 -0.8518623 0.9989163 0 0 0 0 0.1273546 0 0.9744363 0.9941498 0.7037644 0 0.9937143 0 0 0 0 0 0.3128084 0 0.03788635 -0.8382289 0.7348951 0.1129119 -0.8382289 -0.8281777 0.1184374 0.9927349 0.3646817 0.2741123 0.3204821 -0.555794 0 0 0.6497719 -0.8457216 0 -0.7710223 0 0 0.5583313 0 0.2339935 0.2388149 0 0 0 0 0 0 0 0 0 0 0 0 0 0.0663205 0 0 0.0770222 0 0 0.07820945 -0.1448677 0 0 0 0.03520765 0 0 -0.08096989 0 -0.07555728 0 0.0770222 -0.08374397 0.07663912 0 0.04908493 0 0.0770222 0 -0.159813 -0.1597197 -0.1598413 0 0.07766044 -0.1200785 0.07820945 -0.07976348 -0.03683159 0 0 0 0 -0.001587868 -0.1501634 -0.152756 0 -0.1173759 0 0 0 0 0 0 0.1201768 0 -0.1480034 -0.1473807 -0.03683159 -0.07959195 -0.1473807 -0.1473807 0 0 -0.1473807 0 -0.1476648 0 -0.1473807 -0.1473807 -0.142055
0 0 0 0 0 0.05845293 0 0.04804112 0.04943453 0 0 0 0.2610027 0.1753201 0 0.1753201 0 0.1227673 0 0.3646817 1.01 0.03230764 0.3649725 0 0.1753201 0 0.2617139 0 0 0.1748791 0.3655568 0 0 0 0 0.05185297 0 0.3470059 0.3664609 0.2616288 0 0.3661469 0 0 0 0 0 0.1088346 0 0.02210444 0.1766539 0.2814313 0.0406261 0.1766539 0.1778453 0.05118582 0.3660309 1 0.09964461 0.1199792 0.2376704 0 0 0.2425667 0.1747783 0 0.1626842 0 0 0.2403506 0 0.08301669 0.1268706 0 0 0 0 0 0 0 0 0 0 0 0 0 0.1085539 0 0 0.1134961 0 0 0.06505267 -0.1749119 0 0 0 0.04261282 0 0 -0.1929409 0 -0.2449613 0 0.1134961 -0.1915172 0.1131825 0 0.02169894 0 0.1134961 0 -0.02215738 -0.1830728 -0.1833683 0 0.06436344 0.02943623 0.06505267 -0.1924723 -0.01519283 0 0 0 0 -0.03456872 -0.1880854 -0.1886751 0 -0.1210031 0 0 0 0 0 0 0.1563207 0 -0.1764562 -0.1757708 -0.01519283 -0.1987464 -0.1757708 -0.1757708 0 0 -0.1757708 0 -0.1756393 0 -0.1757708 -0.1757708 -0.1673807
0 0 0 0 0 -0.008396644 0 -0.00813385 -0.01011652 0 0 0 -0.07506734 -0.0381217 0 -0.0381217 0 0.1691117 0 0.05319161 0.03230764 1.01 0.05319819 0 -0.0381217 0 -0.07537098 0 0 -0.03799441 0.05306976 0 0 0 0 0.4604566 0 0.05263977 0.05275039 -0.07545625 0 0.05279979 0 0 0 0 0 -0.03000203 0 -0.01589159 -0.03862392 0.06593327 -0.007573574 -0.03862392 -0.03992338 0.5032216 0.05285406 0.03230764 -0.0271298 -0.04208945 -0.05726893 0 0 -0.07006397 -0.03771439 0 -0.03511967 0 0 -0.0652097 0 0.008509255 0.01182574 0 0 0 0 0 0 0 0 0 0 0 0 0 0.04021891 0 0 0.03668292 0 0 -0.02728376 -0.03884295 0 0 0 -0.02178556 0 0 -0.02742223 0 -0.02236671 0 0.03668292 -0.02773021 0.03676012 0 -0.014076 0 0.03668292 0 -0.01023805 -0.02992368 -0.03513707 0 -0.02730556 -0.01582016 -0.02728376 -0.02757053 -0.01929575 0 0 0 0 -0.05333952 -0.03369834 -0.03344157 0 -0.04649276 0 0 0 0 0 0 0.02679316 0 -0.03828764 -0.03853781 -0.01929575 -0.0329163 -0.03853781 -0.03853781 0 0 -0.03853781 0 -0.0385429 0 -0.03853781 -0.03853781 -0.03852988
0 0 0 0 0 0.1591033 0 0.1547576 0.1228062 0 0 0 0.7111928 -0.8526112 0 -0.8526112 0 0.3416372 0 0.9998916 0.3649725 0.05319819 1.01 0 -0.8526112 0 0.7107292 0 0 -0.8518141 0.9990251 0 0 0 0 0.127367 0 0.9743352 0.9942602 0.7038447 0 0.9938246 0 0 0 0 0 0.3128409 0 0.03790217 -0.8381817 0.734989 0.1129235 -0.8381817 -0.8281301 0.1184486 0.9928453 0.3649725 0.27414 0.3205184 -0.5557281 0 0 0.6498449 -0.845675 0 -0.7710027 0 0 0.5584264 0 0.233921 0.238733 0 0 0 0 0 0 0 0 0 0 0 0 0 0.06639817 0 0 0.0771042 0 0 0.07825316 -0.1450047 0 0 0 0.03524969 0 0 -0.08117755 0 -0.07551335 0 0.0771042 -0.08394996 0.07672106 0 0.04909633 0 0.0771042 0 -0.1597408 -0.1598638 -0.1599855 0 0.07770427 -0.1200362 0.07825316 -0.07997069 -0.03686942 0 0 0 0 -0.001614856 -0.1503131 -0.1529061 0 -0.1174713 0 0 0 0 0 0 0.1202868 0 -0.1481414 -0.1475183 -0.03686942 -0.07977968 -0.1475183 -0.1475183 0 0 -0.1475183 0 -0.1478022 0 -0.1475183 -0.1475183 -0.1421939
0 0 0 0 0 0 0 0 0 0 0 0 0 0 0 0 0 0 0 0 0 0 0 1.01 0 0 0 0 0 0 0 0 0 0 0 0 0 0 0 0 0 0 0 0 0 0 0 0 0 0 0 0 0 0 0 0 0 0 0 0 0 0 0 0 0 0 0 0 0 0 0 0 0 0 0 0 0 0 0 0 0 0 0 0 0 0 0 0 0 0 0 0 0 0 0 0 0 0 0 0 0 0 0 0 0 0 0 0 0 0 0 0 0 0 0 0 0 0 0 0 0 0 0 0 0 0 0 0 0 0 0 0 0 0 0 0 0 0 0 0 0 0 0 0 0 0 0 0 0 0 0 0 0
0 0 0 0 0 -0.1354374 0 -0.1366858 -0.1021165 0 0 0 -0.6055645 1 0 1 0 -0.2923618 0 -0.8526598 0.1753201 -0.0381217 -0.8526112 0 1.01 0 -0.6046751 0 0 0.9989096 -0.8512523 0 0 0 0 -0.105582 0 -0.8355558 -0.8457063 -0.5974428 0 -0.8454218 0 0 0 0 0 -0.2697309 0 -0.0276735 0.9854901 -0.6192621 -0.09660981 0.9854901 0.9755296 -0.09652555 -0.8444515 0.1753201 -0.2339644 -0.2715945 0.7210539 0 0 -0.5510392 0.9923612 0 0.9066105 0 0 -0.4556119 0 -0.2007672 -0.181242 0 0 0 0 0 0 0 0 0 0 0 0 0 -0.009285922 0 0 -0.01783323 0 0 -0.04623769 0.05516469 0 0 0 -0.01335804 0 0 -0.02244876 0 -0.05763555 0 -0.01783323 -0.018718 -0.01760406 0 -0.03973843 0 -0.01783323 0 0.1564829 0.06629706 0.06625995 0 -0.0460441 0.1434546 -0.04623769 -0.02346197 0.03046065 0 0 0 0 -0.01769449 0.05338433 0.05579528 0 0.05630625 0 0 0 0 0 0 -0.03946116 0 0.05761482 0.05734058 0.03046065 -0.0271854 0.05734058 0.05734058 0 0 0.05734058 0 0.05771468 0 0.05734058 0.05734058 0.05641931
0 0 0 0 0 0 0 0 0 0 0 0 0 0 0 0 0 0 0 0 0 0 0 0 0 1.01 0 0 0 0 0 0 0 0 0 0 0 0 0 0 0 0 0 0 0 0 0 0 0 0 0 0 0 0 0 0 0 0 0 0 0 0 0 0 0 0 0 0 0 0 0 0 0 0 0 0 0 0 0 0 0 0 0 0 0 0 0 0 0 0 0 0 0 0 0 0 0 0 0 0 0 0 0 0 0 0 0 0 0 0 0 0 0 0 0 0 0 0 0 0 0 0 0 0 0 0 0 0 0 0 0 0 0 0 0 0 0 0 0 0 0 0 0 0 0 0 0 0 0 0 0 0 0
0 0 0 0 0 -0.1853186 0 0.2116968 0.1741726 0 0 0 0.9976766 -0.6046751 0 -0.6046751 0 -0.4152222 0 0.7106502 0.2617139 -0.07537098 0.7107292 0 -0.6046751 0 1.01 0 0 -0.6062137 0.712027 0 0 0 0 -0.1541415 0 0.7042678 0.7083971 0.9937264 0 0.7079721 0 0 0 0 0 -0.3831983 0 0.07244013 -0.5930097 0.5864392 -0.07027103 -0.5930097 -0.5981721 -0.1368066 0.706993 0.2617139 -0.3258577 0.4463834 -0.8219714 0 0 0.9126567 -0.6012354 0 -0.5442436 0 0 0.8166387 0 0.3397687 0.3501742 0 0 0 0 0 0 0 0 0 0 0 0 0 0.1154652 0 0 0.1353377 0 0 -0.02837658 -0.138945 0 0 0 -0.01030942 0 0 -0.1124847 0 -0.08006732 0 0.1353377 -0.1136272 0.1345955 0 0.08500655 0 0.1353377 0 -0.117754 -0.1644668 -0.1640648 0 -0.02874655 -0.08127442 -0.02837658 -0.1103958 -0.04684652 0 0 0 0 -0.03459756 -0.1579898 -0.1567323 0 -0.1797132 0 0 0 0 0 0 0.1063272 0 -0.1380891 -0.1377679 -0.04684652 -0.09333593 -0.1377679 -0.1377679 0 0 -0.1377679 0 -0.1379603 0 -0.1377679 -0.1377679 -0.1334616
0 0 0 0 0 0 0 0 0 0 0 0 0 0 0 0 0 0 0 0 0 0 0 0 0 0 0 1.01 0 0 0 0 0 0 0 0 0 0 0 0 0 0 0 0 0 0 0 0 0 0 0 0 0 0 0 0 0 0 0 0 0 0 0 0 0 0 0 0 0 0 0 0 0 0 0 0 0 0 0 0 0 0 0 0 0 0 0 0 0 0 0 0 0 0 0 0 0 0 0 0 0 0 0 0 0 0 0 0 0 0 0 0 0 0 0 0 0 0 0 0 0 0 0 0 0 0 0 0 0 0 0 0 0 0 0 0 0 0 0 0 0 0 0 0 0 0 0 0 0 0 0 0 0
0 0 0 0 0 0 0 0 0 0 0 0 0 0 0 0 0 0 0 0 0 0 0 0 0 0 0 0 1.01 0 0 0 0 0 0 0 0 0 0 0 0 0 0 0 0 0 0 0 0 0 0 0 0 0 0 0 0 0 0 0 0 0 0 0 0 0 0 0 0 0 0 0 0 0 0 0 0 0 0 0 0 0 0 0 0 0 0 0 0 0 0 0 0 0 0 0 0 0 0 0 0 0 0 0 0 0 0 0 0 0 0 0 0 0 0 0 0 0 0 0 0 0 0 0 0 0 0 0 0 0 0 0 0 0 0 0 0 0 0 0 0 0 0 0 0 0 0 0 0 0 0 0 0
0 0 0 0 0 -0.1351138 0 -0.1363685 -0.1018248 0 0 0 -0.605113 0.9989096 0 0.9989096 0 -0.2919353 0 -0.8518623 0.1748791 -0.03799441 -0.8518141 0 0.9989096 0 -0.6062137 0 0 1.01 -0.8525173 0 0 0 0 -0.1053165 0 -0.836788 -0.8469641 -0.5989761 0 -0.8466801 0 0 0 0 0 -0.2693804 0 -0.02747716 0.9865815 -0.618415 -0.09637091 0.9865815 0.9766329 -0.0962811 -0.84571 0.1748791 -0.2333878 -0.271187 0.7222977 0 0 -0.5527278 0.9934445 0 0.9080531 0 0 -0.4571878 0 -0.2018656 -0.1824163 0 0 0 0 0 0 0 0 0 0 0 0 0 -0.008204005 0 0 -0.0166956 0 0 -0.04572118 0.05337883 0 0 0 -0.01290853 0 0 -0.02488933 0 -0.0573693 0 -0.0166956 -0.02114405 -0.01646755 0 -0.03957273 0 -0.0166956 0 0.1569994 0.06442014 0.06438133 0 -0.04552724 0.1437423 -0.04572118 -0.0258963 0.03005783 0 0 0 0 -0.01796357 0.05145991 0.05386345 0 0.05498863 0 0 0 0 0 0 -0.03798191 0 0.05581531 0.05554631 0.03005783 -0.02942111 0.05554631 0.05554631 0 0 0.05554631 0 0.05592151 0 0.05554631 0.05554631 0.05462032
0 0 0 0 0 0.1587622 0 0.154421 0.1225046 0 0 0 0.710609 -0.8512523 0 -0.8512523 0 0.3411578 0 0.9989163 0.3655568 0.05306976 0.9990251 0 -0.8512523 0 0.712027 0 0 -0.8525173 1.01 0 0 0 0 0.1270894 0 0.9752819 0.9952302 0.7051398 0 0.9947951 0 0 0 0 0 0.3124388 0 0.03771053 -0.8388898 0.7340292 0.1126725 -0.8388898 -0.8288523 0.1181935 0.9938163 0.3655568 0.2735341 0.3200631 -0.5566548 0 0 0.6512989 -0.8463734 0 -0.7720686 0 0 0.559803 0 0.2349069 0.2398016 0 0 0 0 0 0 0 0 0 0 0 0 0 0.06538482 0 0 0.0760361 0 0 0.07775799 -0.1433193 0 0 0 0.03482546 0 0 -0.07889913 0 -0.07581058 0 0.0760361 -0.08168394 0.07565406 0 0.0489299 0 0.0760361 0 -0.1601834 -0.1580897 -0.1582099 0 0.07720876 -0.1202607 0.07775799 -0.07769842 -0.03648095 0 0 0 0 -0.001369851 -0.1484987 -0.151084 0 -0.116222 0 0 0 0 0 0 0.118894 0 -0.1464424 -0.1458243 -0.03648095 -0.07769704 -0.1458243 -0.1458243 0 0 -0.1458243 0 -0.1461092 0 -0.1458243 -0.1458243 -0.1404948
0 0 0 0 0 0 0 0 0 0 0 0 0 0 0 0 0 0 0 0 0 0 0 0 0 0 0 0 0 0 0 1.01 0 0 0 0 0 0 0 0 0 0 0 0 0 0 0 0 0 0 0 0 0 0 0 0 0 0 0 0 0 0 0 0 0 0 0 0 0 0 0 0 0 0 0 0 0 0 0 0 0 0 0 0 0 0 0 0 0 0 0 0 0 0 0 0 0 0 0 0 0 0 0 0 0 0 0 0 0 0 0 0 0 0 0 0 0 0 0 0 0 0 0 0 0 0 0 0 0 0 0 0 0 0 0 0 0 0 0 0 0 0 0 0 0 0 0 0 0 0 0 0 0
0 0 0 0 0 0 0 0 0 0 0 0 0 0 0 0 0 0 0 0 0 0 0 0 0 0 0 0 0 0 0 0 1.01 0 0 0 0 0 0 0 0 0 0 0 0 0 0 0 0 0 0 0 0 0 0 0 0 0 0 0 0 0 0 0 0 0 0 0 0 0 0 0 0 0 0 0 0 0 0 0 0 0 0 0 0 0 0 0 0 0 0 0 0 0 0 0 0 0 0 0 0 0 0 0 0 0 0 0 0 0 0 0 0 0 0 0 0 0 0 0 0 0 0 0 0 0 0 0 0 0 0 0 0 0 0 0 0 0 0 0 0 0 0 0 0 0 0 0 0 0 0 0 0
0 0 0 0 0 0 0 0 0 0 0 0 0 0 0 0 0 0 0 0 0 0 0 0 0 0 0 0 0 0 0 0 0 1.01 0 0 0 0 0 0 0 0 0 0 0 0 0 0 0 0 0 0 0 0 0 0 0 0 0 0 0 0 0 0 0 0 0 0 0 0 0 0 0 0 0 0 0 0 0 0 0 0 0 0 0 0 0 0 0 0 0 0 0 0 0 0 0 0 0 0 0 0 0 0 0 0 0 0 0 0 0 0 0 0 0 0 0 0 0 0 0 0 0 0 0 0 0 0 0 0 0 0 0 0 0 0 0 0 0 0 0 0 0 0 0 0 0 0 0 0 0 0 0
0 0 0 0 0 0 0 0 0 0 0 0 0 0 0 0 0 0 0 0 0 0 0 0 0 0 0 0 0 0 0 0 0 0 1.01 0 0 0 0 0 0 0 0 0 0 0 0 0 0 0 0 0 0 0 0 0 0 0 0 0 0 0 0 0 0 0 0 0 0 0 0 0 0 0 0 0 0 0 0 0 0 0 0 0 0 0 0 0 0 0 0 0 0 0 0 0 0 0 0 0 0 0 0 0 0 0 0 0 0 0 0 0 0 0 0 0 0 0 0 0 0 0 0 0 0 0 0 0 0 0 0 0 0 0 0 0 0 0 0 0 0 0 0 0 0 0 0 0 0 0 0 0 0
0 0 0 0 0 -0.01670173 0 -0.02937852 -0.03452463 0 0 0 -0.1541107 -0.105582 0 -0.105582 0 0.3706419 0 0.1273546 0.05185297 0.4604566 0.127367 0 -0.105582 0 -0.1541415 0 0 -0.1053165 0.1270894 0 0 0 0 1.01 0 0.1250751 0.1270641 -0.1543281 0 0.1271689 0 0 0 0 0 0.01149545 0 -0.02261343 -0.1052533 0.1654922 0.6938508 -0.1052533 -0.1073516 0.9171208 0.127289 0.05185297 0.02883341 -0.07782362 -0.08915017 0 0 -0.1435403 -0.1054328 0 -0.103312 0 0 -0.1443164 0 -0.01412134 -0.005564227 0 0 0 0 0 0 0 0 0 0 0 0 0 0.02325437 0 0 0.01990044 0 0 -0.03234478 0.003021762 0 0 0 -0.03825405 0 0 0.01795031 0 0.1563872 0 0.01990044 0.017045 0.02007706 0 -0.02057208 0 0.01990044 0 -0.01150332 0.009561889 0.007239226 0 -0.03240005 -0.02850407 -0.03234478 0.01749322 0.01816119 0 0 0 0 0.001280854 0.01107107 -0.002230305 0 -0.01525321 0 0 0 0 0 0 0.0177344 0 -0.009139137 -0.009749961 0.01816119 0.007501334 -0.009749961 -0.009749961 0 0 -0.009749961 0 -0.009787708 0 -0.009749961 -0.009749961 -0.00879774
0 0 0 0 0 0 0 0 0 0 0 0 0 0 0 0 0 0 0 0 0 0 0 0 0 0 0 0 0 0 0 0 0 0 0 0 1.01 0 0 0 0 0 0 0 0 0 0 0 0 0 0 0 0 0 0 0 0 0 0 0 0 0 0 0 0 0 0 0 0 0 0 0 0 0 0 0 0 0 0 0 0 0 0 0 0 0 0 0 0 0 0 0 0 0 0 0 0 0 0 0 0 0 0 0 0 0 0 0 0 0 0 0 0 0 0 0 0 0 0 0 0 0 0 0 0 0 0 0 0 0 0 0 0 0 0 0 0 0 0 0 0 0 0 0 0 0 0 0 0 0 0 0 0
0 0 0 0 0 0.153851 0 0.1495765 0.1237044 0 0 0 0.702482 -0.8355558 0 -0.8355558 0 0.3201129 0 0.9744363 0.3470059 0.05263977 0.9743352 0 -0.8355558 0 0.7042678 0 0 -0.836788 0.9752819 0 0 0 0 0.1250751 0 1.01 0.9747595 0.7011285 0 0.9743399 0 0 0 0 0 0.291065 0 0.04987657 -0.8278785 0.7178573 0.1090608 -0.8278785 -0.8180859 0.1159542 0.9735813 0.3470059 0.2506155 0.3165981 -0.5617294 0 0 0.6451606 -0.8353837 0 -0.7587969 0 0 0.5551351 0 0.2279897 0.2311394 0 0 0 0 0 0 0 0 0 0 0 0 0 0.064287 0 0 0.07541863 0 0 0.07567901 -0.1395072 0 0 0 0.03509408 0 0 -0.08381017 0 -0.07786004 0 0.07541863 -0.08665715 0.07505037 0 0.04877558 0 0.07541863 0 -0.1462794 -0.1547818 -0.1548903 0 0.0751238 -0.1233724 0.07567901 -0.08263312 -0.03409591 0 0 0 0 0.000494645 -0.1448167 -0.1470679 0 -0.1147735 0 0 0 0 0 0 0.1161637 0 -0.1422382 -0.141673 -0.03409591 -0.07054345 -0.141673 -0.141673 0 0 -0.141673 0 -0.1419636 0 -0.141673 -0.141673 -0.1363088
0 0 0 0 0 0.1579219 0 0.1492292 0.1223674 0 0 0 0.7069868 -0.8457063 0 -0.8457063 0 0.339842 0 0.9941498 0.3664609 0.05275039 0.9942602 0 -0.8457063 0 0.7083971 0 0 -0.8469641 0.9952302 0 0 0 0 0.1270641 0 0.9747595 1.01 0.7107279 0 0.9995656 0 0 0 0 0 0.3110082 0 0.07192571 -0.8434445 0.7392269 0.1127861 -0.8434445 -0.8334357 0.1182801 0.998588 0.3664609 0.2723675 0.3193743 -0.561843 0 0 0.6496929 -0.850913 0 -0.7763616 0 0 0.5649257 0 0.2410481 0.2457583 0 0 0 0 0 0 0 0 0 0 0 0 0 0.06445706 0 0 0.07544122 0 0 0.07729731 -0.142225 0 0 0 0.03467447 0 0 -0.07761541 0 -0.07593359 0 0.07544122 -0.08072344 0.07506165 0 0.04850724 0 0.07544122 0 -0.160947 -0.1573734 -0.1574914 0 0.07674668 -0.1209133 0.07729731 -0.07642238 -0.03702315 0 0 0 0 -0.001516565 -0.147705 -0.1502798 0 -0.115963 0 0 0 0 0 0 0.1176079 0 -0.1453244 -0.1447163 -0.03702315 -0.07612731 -0.1447163 -0.1447163 0 0 -0.1447163 0 -0.1450025 0 -0.1447163 -0.1447163 -0.1393766
0 0 0 0 0 -0.1860788 0 0.2067105 0.1745428 0 0 0 0.9942375 -0.5974428 0 -0.5974428 0 -0.4195222 0 0.7037644 0.2616288 -0.07545625 0.7038447 0 -0.5974428 0 0.9937264 0 0 -0.5989761 0.7051398 0 0 0 0 -0.1543281 0 0.7011285 0.7107279 1.01 0 0.7111415 0 0 0 0 0 -0.3876843 0 0.1058008 -0.5964096 0.5920451 -0.07044377 -0.5964096 -0.6015761 -0.1369785 0.7101633 0.2616288 -0.3307198 0.4463894 -0.8282893 0 0 0.9119505 -0.6046377 0 -0.5476825 0 0 0.820187 0 0.3469207 0.3572114 0 0 0 0 0 0 0 0 0 0 0 0 0 0.1160436 0 0 0.1363322 0 0 -0.03269409 -0.1369822 0 0 0 -0.01524863 0 0 -0.110608 0 -0.07956379 0 0.1363322 -0.1120518 0.1355905 0 0.08488727 0 0.1363322 0 -0.1180096 -0.1629456 -0.1625424 0 -0.03306305 -0.08139734 -0.03269409 -0.1085239 -0.04709116 0 0 0 0 -0.03443739 -0.1564412 -0.1551777 0 -0.1811088 0 0 0 0 0 0 0.1043775 0 -0.1361145 -0.1357973 -0.04709116 -0.09104679 -0.1357973 -0.1357973 0 0 -0.1357973 0 -0.1359906 0 -0.1357973 -0.1357973 -0.1345553
0 0 0 0 0 0 0 0 0 0 0 0 0 0 0 0 0 0 0 0 0 0 0 0 0 0 0 0 0 0 0 0 0 0 0 0 0 0 0 0 1.01 0 0 0 0 0 0 0 0 0 0 0 0 0 0 0 0 0 0 0 0 0 0 0 0 0 0 0 0 0 0 0 0 0 0 0 0 0 0 0 0 0 0 0 0 0 0 0 0 0 0 0 0 0 0 0 0 0 0 0 0 0 0 0 0 0 0 0 0 0 0 0 0 0 0 0 0 0 0 0 0 0 0 0 0 0 0 0 0 0 0 0 0 0 0 0 0 0 0 0 0 0 0 0 0 0 0 0 0 0 0 0 0
0 0 0 0 0 0.1580505 0 0.1493575 0.1224836 0 0 0 0.70656 -0.8454218 0 -0.8454218 0 0.3398495 0 0.9937143 0.3661469 0.05279979 0.9938246 0 -0.8454218 0 0.7079721 0 0 -0.8466801 0.9947951 0 0 0 0 0.1271689 0 0.9743399 0.9995656 0.7111415 0 1.01 0 0 0 0 0 0.3109763 0 0.07199713 -0.8440742 0.7388667 0.1128811 -0.8440742 -0.8340586 0.1183762 0.9990224 0.3661469 0.2722674 0.3196582 -0.5624515 0 0 0.650054 -0.8515495 0 -0.7770871 0 0 0.5651226 0 0.2412825 0.2459596 0 0 0 0 0 0 0 0 0 0 0 0 0 0.06434101 0 0 0.0753433 0 0 0.07750627 -0.1423091 0 0 0 0.03485811 0 0 -0.07757046 0 -0.07579017 0 0.0753433 -0.08067564 0.07496337 0 0.04857418 0 0.0753433 0 -0.1612153 -0.1574813 -0.1575997 0 0.07695587 -0.1207956 0.07750627 -0.07637667 -0.03719048 0 0 0 0 -0.001625326 -0.1478266 -0.1504029 0 -0.1161569 0 0 0 0 0 0 0.1176086 0 -0.145412 -0.1448023 -0.03719048 -0.07604589 -0.1448023 -0.1448023 0 0 -0.1448023 0 -0.1450884 0 -0.1448023 -0.1448023 -0.1394646
0 0 0 0 0 0 0 0 0 0 0 0 0 0 0 0 0 0 0 0 0 0 0 0 0 0 0 0 0 0 0 0 0 0 0 0 0 0 0 0 0 0 1.01 0 0 0 0 0 0 0 0 0 0 0 0 0 0 0 0 0 0 0 0 0 0 0 0 0 0 0 0 0 0 0 0 0 0 0 0 0 0 0 0 0 0 0 0 0 0 0 0 0 0 0 0 0 0 0 0 0 0 0 0 0 0 0 0 0 0 0 0 0 0 0 0 0 0 0 0 0 0 0 0 0 0 0 0 0 0 0 0 0 0 0 0 0 0 0 0 0 0 0 0 0 0 0 0 0 0 0 0 0 0
0 0 0 0 0 0 0 0 0 0 0 0 0 0 0 0 0 0 0 0 0 0 0 0 0 0 0 0 0 0 0 0 0 0 0 0 0 0 0 0 0 0 0 1.01 0 0 0 0 0 0 0 0 0 0 0 0 0 0 0 0 0 0 0 0 0 0 0 0 0 0 0 0 0 0 0 0 0 0 0 0 0 0 0 0 0 0 0 0 0 0 0 0 0 0 0 0 0 0 0 0 0 0 0 0 0 0 0 0 0 0 0 0 0 0 0 0 0 0 0 0 0 0 0 0 0 0 0 0 0 0 0 0 0 0 0 0 0 0 0 0 0 0 0 0 0 0 0 0 0 0 0 0 0
0 0 0 0 0 0 0 0 0 0 0 0 0 0 0 0 0 0 0 0 0 0 0 0 0 0 0 0 0 0 0 0 0 0 0 0 0 0 0 0 0 0 0 0 1.01 0 0 0 0 0 0 0 0 0 0 0 0 0 0 0 0 0 0 0 0 0 0 0 0 0 0 0 0 0 0 0 0 0 0 0 0 0 0 0 0 0 0 0 0 0 0 0 0 0 0 0 0 0 0 0 0 0 0 0 0 0 0 0 0 0 0 0 0 0 0 0 0 0 0 0 0 0 0 0 0 0 0 0 0 0 0 0 0 0 0 0 0 0 0 0 0 0 0 0 0 0 0 0 0 0 0 0 0
0 0 0 0 0 0 0 0 0 0 0 0 0 0 0 0 0 0 0 0 0 0 0 0 0 0 0 0 0 0 0 0 0 0 0 0 0 0 0 0 0 0 0 0 0 1.01 0 0 0 0 0 0 0 0 0 0 0 0 0 0 0 0 0 0 0 0 0 0 0 0 0 0 0 0 0 0 0 0 0 0 0 0 0 0 0 0 0 0 0 0 0 0 0 0 0 0 0 0 0 0 0 0 0 0 0 0 0 0 0 0 0 0 0 0 0 0 0 0 0 0 0 0 0 0 0 0 0 0 0 0 0 0 0 0 0 0 0 0 0 0 0 0 0 0 0 0 0 0 0 0 0 0 0
0 0 0 0 0 0 0 0 0 0 0 0 0 0 0 0 0 0 0 0 0 0 0 0 0 0 0 0 0 0 0 0 0 0 0 0 0 0 0 0 0 0 0 0 0 0 1.01 0 0 0 0 0 0 0 0 0 0 0 0 0 0 0 0 0 0 0 0 0 0 0 0 0 0 0 0 0 0 0 0 0 0 0 0 0 0 0 0 0 0 0 0 0 0 0 0 0 0 0 0 0 0 0 0 0 0 0 0 0 0 0 0 0 0 0 0 0 0 0 0 0 0 0 0 0 0 0 0 0 0 0 0 0 0 0 0 0 0 0 0 0 0 0 0 0 0 0 0 0 0 0 0 0 0
0 0 0 0 0 0.4876988 0 -0.07684513 -0.06734164 0 0 0 -0.3858246 -0.2697309 0 -0.2697309 0 0.9201301 0 0.3128084 0.1088346 -0.03000203 0.3128409 0 -0.2697309 0 -0.3831983 0 0 -0.2693804 0.3124388 0 0 0 0 0.01149545 0 0.291065 0.3110082 -0.3876843 0 0.3109763 0 0 0 0 0 1.01 0 -0.04365627 -0.2692585 0.1086958 -0.06070932 -0.2692585 -0.2471594 -0.05959653 0.3109794 0.1088346 0.8625552 -0.1664561 0.4593698 0 0 -0.3512221 -0.2679251 0 -0.2473575 0 0 -0.3362617 0 -0.1648759 -0.176372 0 0 0 0 0 0 0 0 0 0 0 0 0 -0.08053769 0 0 -0.09262956 0 0 0.1654492 -0.00666901 0 0 0 0.08474715 0 0 0.0379262 0 -0.06185716 0 -0.09262956 0.03608776 -0.09216614 0 -0.04518674 0 -0.09262956 0 -0.04961866 0.00626194 0.006581741 0 0.1652401 -0.03940795 0.1654492 0.03678996 0.01096378 0 0 0 0 0.04893606 0.00979521 0.01051364 0 0.09902185 0 0 0 0 0 0 0.01091718 0 -0.006576995 -0.005955165 0.01096378 0.01659243 -0.005955165 -0.005955165 0 0 -0.005955165 0 -0.006056663 0 -0.005955165 -0.005955165 -0.0008378923
0 0 0 0 0 0 0 0 0 0 0 0 0 0 0 0 0 0 0 0 0 0 0 0 0 0 0 0 0 0 0 0 0 0 0 0 0 0 0 0 0 0 0 0 0 0 0 0 1.01 0 0 0 0 0 0 0 0 0 0 0 0 0 0 0 0 0 0 0 0 0 0 0 0 0 0 0 0 0 0 0 0 0 0 0 0 0 0 0 0 0 0 0 0 0 0 0 0 0 0 0 0 0 0 0 0 0 0 0 0 0 0 0 0 0 0 0 0 0 0 0 0 0 0 0 0 0 0 0 0 0 0 0 0 0 0 0 0 0 0 0 0 0 0 0 0 0 0 0 0 0 0 0 0
0 0 0 0 0 -0.01756045 0 0.4505695 -0.01486191 0 0 0 0.07297348 -0.0276735 0 -0.0276735 0 -0.048572 0 0.03788635 0.02210444 -0.01589159 0.03790217 0 -0.0276735 0 0.07244013 0 0 -0.02747716 0.03771053 0 0 0 0 -0.02261343 0 0.04987657 0.07192571 0.1058008 0 0.07199713 0 0 0 0 0 -0.04365627 0 1.01 -0.06294444 0.1019911 -0.01453481 -0.06294444 -0.06374214 -0.01881639 0.07207417 0.02210444 -0.03641028 -0.04227046 -0.08950969 0 0 -0.1016504 -0.06376905 0 -0.05915242 0 0 0.1068012 0 0.0649784 0.06424761 0 0 0 0 0 0 0 0 0 0 0 0 0 -0.05343624 0 0 0.05288952 0 0 -0.02234652 0.08690217 0 0 0 -0.02263002 0 0 -0.02194801 0 -0.009464898 0 0.05288952 -0.02243987 0.05299976 0 -0.009966604 0 0.05288952 0 -0.03081719 -0.03640896 -0.03634345 0 -0.02238241 -0.01359401 -0.02234652 -0.02218954 0.02128151 0 0 0 0 0.01693758 -0.03541271 -0.03501772 0 -0.04570466 0 0 0 0 0 0 -0.07151271 0 0.0881591 0.08767613 0.02128151 0.1107145 0.08767613 0.08767613 0 0 0.08767613 0 0.08761767 0 0.08767613 0.08767613 0.08793891
0 0 0 0 0 -0.1349979 0 -0.1304867 -0.1032759 0 0 0 -0.5918827 0.9854901 0 0.9854901 0 -0.292004 0 -0.8382289 0.1766539 -0.03862392 -0.8381817 0 0.9854901 0 -0.5930097 0 0 0.9865815 -0.8388898 0 0 0 0 -0.1052533 0 -0.8278785 -0.8434445 -0.5964096 0 -0.8440742 0 0 0 0 0 -0.2692585 0 -0.06294444 1.01 -0.6286117 -0.09679305 1 0.9899541 -0.0967494 -0.8431029 0.1766539 -0.2334927 -0.2552592 0.7207748 0 0 -0.5565606 0.9916864 0 0.9067486 0 0 -0.454374 0 -0.2010818 -0.1808339 0 0 0 0 0 0 0 0 0 0 0 0 0 -0.002838731 0 0 -0.01199969 0 0 -0.04777606 0.05002611 0 0 0 -0.01506058 0 0 -0.02698057 0 -0.05867309 0 -0.01199969 -0.02294129 -0.01176753 0 -0.04038635 0 -0.01199969 0 0.1556584 0.06182959 0.06179338 0 -0.04758377 0.1434948 -0.04777606 -0.02799425 0.03309629 0 0 0 0 -0.01669033 0.04898693 0.05140145 0 0.05179233 0 0 0 0 0 0 -0.03343422 0 0.05249039 0.05220676 0.03309629 -0.03244286 0.05220676 0.05220676 0 0 0.05220676 0 0.05258117 0 0.05220676 0.05220676 0.05128172
0 0 0 0 0 -0.04434677 0 0.1825463 0.1583212 0 0 0 0.5893633 -0.6192621 0 -0.6192621 0 0.1620031 0 0.7348951 0.2814313 0.06593327 0.734989 0 -0.6192621 0 0.5864392 0 0 -0.618415 0.7340292 0 0 0 0 0.1654922 0 0.7178573 0.7392269 0.5920451 0 0.7388667 0 0 0 0 0 0.1086958 0 0.1019911 -0.6286117 1.01 0.1474364 -0.6286117 -0.6351205 0.1515317 0.7379434 0.2814313 0.104149 0.2527719 -0.4929029 0 0 0.5243156 -0.6228429 0 -0.5683791 0 0 0.4650737 0 0.2122096 0.2391376 0 0 0 0 0 0 0 0 0 0 0 0 0 0.09423493 0 0 0.1121191 0 0 0.04932203 -0.1827765 0 0 0 0.04700956 0 0 -0.1720093 0 -0.04595471 0 0.1121191 -0.1749046 0.1116971 0 0.06872725 0 0.1121191 0 -0.09859445 -0.2066309 -0.2067009 0 0.04889392 -0.09058446 0.04932203 -0.1732749 -0.08406848 0 0 0 0 -0.03576859 -0.2020771 -0.2057945 0 -0.1705362 0 0 0 0 0 0 0.1340097 0 -0.1874081 -0.1863524 -0.08406848 -0.1529205 -0.1863524 -0.1863524 0 0 -0.1863524 0 -0.1865505 0 -0.1863524 -0.1863524 -0.1848495
0 0 0 0 0 -0.02533249 0 -0.03394837 -0.03061342 0 0 0 -0.07033883 -0.09660981 0 -0.09660981 0 0.2399808 0 0.1129119 0.0406261 -0.007573574 0.1129235 0 -0.09660981 0 -0.07027103 0 0 -0.09637091 0.1126725 0 0 0 0 0.6938508 0 0.1090608 0.1127861 -0.07044377 0 0.1128811 0 0 0 0 0 -0.06070932 0 -0.01453481 -0.09679305 0.1474364 1.01 -0.09679305 -0.09931012 0.7577184 0.1129892 0.0406261 -0.05282848 0.02682437 -0.1317824 0 0 -0.05711552 -0.0966241 0 -0.09586877 0 0 -0.06500774 0 0.04095938 0.04733143 0 0 0 0 0 0 0 0 0 0 0 0 0 0.01109974 0 0 0.007464023 0 0 -0.02292327 0.0181482 0 0 0 -0.03172583 0 0 0.03058343 0 0.1770963 0 0.007464023 0.02972306 0.007624876 0 -0.02019673 0 0.007464023 0 -0.007825703 0.02277524 0.02289976 0 -0.02297493 -0.01780285 -0.02292327 0.03014612 0.03215812 0 0 0 0 0.02761332 0.02557661 0.009736414 0 0.004161229 0 0 0 0 0 0 0.01256533 0 0.003460765 0.002899148 0.03215812 0.02058964 0.002899148 0.002899148 0 0 0.002899148 0 0.002860884 0 0.002899148 0.002899148 0.003948052
0 0 0 0 0 -0.1349979 0 -0.1304867 -0.1032759 0 0 0 -0.5918827 0.9854901 0 0.9854901 0 -0.292004 0 -0.8382289 0.1766539 -0.03862392 -0.8381817 0 0.9854901 0 -0.5930097 0 0 0.9865815 -0.8388898 0 0 0 0 -0.1052533 0 -0.8278785 -0.8434445 -0.5964096 0 -0.8440742 0 0 0 0 0 -0.2692585 0 -0.06294444 1 -0.6286117 -0.09679305 1.01 0.9899541 -0.0967494 -0.8431029 0.1766539 -0.2334927 -0.2552592 0.7207748 0 0 -0.5565606 0.9916864 0 0.9067486 0 0 -0.454374 0 -0.2010818 -0.1808339 0 0 0 0 0 0 0 0 0 0 0 0 0 -0.002838731 0 0 -0.01199969 0 0 -0.04777606 0.05002611 0 0 0 -0.01506058 0 0 -0.02698057 0 -0.05867309 0 -0.01199969 -0.02294129 -0.01176753 0 -0.04038635 0 -0.01199969 0 0.1556584 0.06182959 0.06179338 0 -0.04758377 0.1434948 -0.04777606 -0.02799425 0.03309629 0 0 0 0 -0.01669033 0.04898693 0.05140145 0 0.05179233 0 0 0 0 0 0 -0.03343422 0 0.05249039 0.05220676 0.03309629 -0.03244286 0.05220676 0.05220676 0 0 0.05220676 0 0.05258117 0 0.05220676 0.05220676 0.05128172
0 0 0 0 0 -0.1349524 0 -0.1321457 -0.1056527 0 0 0 -0.5970082 0.9755296 0 0.9755296 0 -0.2721608 0 -0.8281777 0.1778453 -0.03992338 -0.8281301 0 0.9755296 0 -0.5981721 0 0 0.9766329 -0.8288523 0 0 0 0 -0.1073516 0 -0.8180859 -0.8334357 -0.6015761 0 -0.8340586 0 0 0 0 0 -0.2471594 0 -0.06374214 0.9899541 -0.6351205 -0.09931012 0.9899541 1.01 -0.09931775 -0.8337684 0.1778453 -0.2361009 -0.2569753 0.7280431 0 0 -0.5616003 0.9824843 0 0.8987762 0 0 -0.4602006 0 -0.2078361 -0.187374 0 0 0 0 0 0 0 0 0 0 0 0 0 -0.01525897 0 0 -0.02473993 0 0 -0.01703104 0.04532989 0 0 0 0.0214037 0 0 -0.03102734 0 -0.06058205 0 -0.02473993 -0.02703186 -0.0244963 0 -0.03970721 0 -0.02473993 0 0.1539121 0.05728401 0.05725293 0 -0.01685151 0.1412601 -0.01703104 -0.03205616 0.03418716 0 0 0 0 -0.01424506 0.04464859 0.04708998 0 0.06539635 0 0 0 0 0 0 -0.02857335 0 0.04758002 0.04754448 0.03418716 -0.03681918 0.04754448 0.04754448 0 0 0.04754448 0 0.04791746 0 0.04754448 0.04754448 0.04634371
0 0 0 0 0 -0.01825249 0 -0.02847771 -0.03009324 0 0 0 -0.1368802 -0.09652555 0 -0.09652555 0 0.3360803 0 0.1184374 0.05118582 0.5032216 0.1184486 0 -0.09652555 0 -0.1368066 0 0 -0.0962811 0.1181935 0 0 0 0 0.9171208 0 0.1159542 0.1182801 -0.1369785 0 0.1183762 0 0 0 0 0 -0.05959653 0 -0.01881639 -0.0967494 0.1515317 0.7577184 -0.0967494 -0.09931775 1.01 0.1184868 0.05118582 -0.05067739 -0.06974328 -0.1315701 0 0 -0.1254843 -0.09650213 0 -0.09510785 0 0 -0.1280876 0 0.007682342 0.0156338 0 0 0 0 0 0 0 0 0 0 0 0 0 0.009760077 0 0 0.005870425 0 0 -0.03134016 0.01476488 0 0 0 -0.03709889 0 0 0.0306463 0 0.1706297 0 0.005870425 0.02977121 0.006034561 0 -0.02091229 0 0.005870425 0 -0.0088575 0.02226269 0.01972928 0 -0.03139053 -0.0252287 -0.03134016 0.03020161 0.01180568 0 0 0 0 -0.005614889 0.02336163 0.008846423 0 -0.002886612 0 0 0 0 0 0 0.004901938 0 0.001372729 0.0008023759 0.01180568 0.0202712 0.0008023759 0.0008023759 0 0 0.0008023759 0 0.0007641587 0 0.0008023759 0.0008023759 0.001827618
0 0 0 0 0 0.1576488 0 0.1495024 0.1226107 0 0 0 0.7055787 -0.8444515 0 -0.8444515 0 0.3398959 0 0.9927349 0.3660309 0.05285406 0.9928453 0 -0.8444515 0 0.706993 0 0 -0.84571 0.9938163 0 0 0 0 0.127289 0 0.9735813 0.998588 0.7101633 0 0.9990224 0 0 0 0 0 0.3109794 0 0.07207417 -0.8431029 0.7379434 0.1129892 -0.8431029 -0.8337684 0.1184868 1.01 0.3660309 0.2721987 0.3196867 -0.5628269 0 0 0.6496386 -0.8519597 0 -0.7777664 0 0 0.5649258 0 0.2407923 0.2456556 0 0 0 0 0 0 0 0 0 0 0 0 0 0.0646171 0 0 0.07563939 0 0 0.07768825 -0.1425506 0 0 0 0.03500719 0 0 -0.07763808 0 -0.07570733 0 0.07563939 -0.0807419 0.07525902 0 0.04864022 0 0.07563939 0 -0.1615913 -0.1577483 -0.157867 0 0.07713784 -0.1207467 0.07768825 -0.0764432 -0.03680706 0 0 0 0 -0.001707419 -0.1481018 -0.1506804 0 -0.1162804 0 0 0 0 0 0 0.1180169 0 -0.1456575 -0.1450463 -0.03680706 -0.076082 -0.1450463 -0.1450463 0 0 -0.1450463 0 -0.1453322 0 -0.1450463 -0.1450463 -0.1397085
0 0 0 0 0 0.05845293 0 0.04804112 0.04943453 0 0 0 0.2610027 0.1753201 0 0.1753201 0 0.1227673 0 0.3646817 1 0.03230764 0.3649725 0 0.1753201 0 0.2617139 0 0 0.1748791 0.3655568 0 0 0 0 0.05185297 0 0.3470059 0.3664609 0.2616288 0 0.3661469 0 0 0 0 0 0.1088346 0 0.02210444 0.1766539 0.2814313 0.0406261 0.1766539 0.1778453 0.05118582 0.3660309 1.01 0.09964461 0.1199792 0.2376704 0 0 0.2425667 0.1747783 0 0.1626842 0 0 0.2403506 0 0.08301669 0.1268706 0 0 0 0 0 0 0 0 0 0 0 0 0 0.1085539 0 0 0.1134961 0 0 0.06505267 -0.1749119 0 0 0 0.04261282 0 0 -0.1929409 0 -0.2449613 0 0.1134961 -0.1915172 0.1131825 0 0.02169894 0 0.1134961 0 -0.02215738 -0.1830728 -0.1833683 0 0.06436344 0.02943623 0.06505267 -0.1924723 -0.01519283 0 0 0 0 -0.03456872 -0.1880854 -0.1886751 0 -0.1210031 0 0 0 0 0 0 0.1563207 0 -0.1764562 -0.1757708 -0.01519283 -0.1987464 -0.1757708 -0.1757708 0 0 -0.1757708 0 -0.1756393 0 -0.1757708 -0.1757708 -0.1673807
0 0 0 0 0 0.5386469 0 -0.06946161 -0.05505993 0 0 0 -0.3288541 -0.2339644 0 -0.2339644 0 0.7939486 0 0.2741123 0.09964461 -0.0271298 0.27414 0 -0.2339644 0 -0.3258577 0 0 -0.2333878 0.2735341 0 0 0 0 0.02883341 0 0.2506155 0.2723675 -0.3307198 0 0.2722674 0 0 0 0 0 0.8625552 0 -0.03641028 -0.2334927 0.104149 -0.05282848 -0.2334927 -0.2361009 -0.05067739 0.2721987 0.09964461 1.01 -0.1459434 0.4034204 0 0 -0.3062001 -0.232125 0 -0.2166253 0 0 -0.2858648 0 -0.09963989 -0.1140429 0 0 0 0 0 0 0 0 0 0 0 0 0 -0.06498485 0 0 -0.07656719 0 0 0.05420794 0.03418394 0 0 0 -0.06505645 0 0 0.07270479 0 -0.05288663 0 -0.07656719 0.07109056 -0.07616572 0 -0.04328895 0 -0.07656719 0 -0.03056238 0.04755684 0.04785405 0 0.05405197 -0.03474873 0.05420794 0.0716507 -0.0129748 0 0 0 0 0.04057514 0.05070103 0.05114743 0 0.07031286 0 0 0 0 0 0 -0.03812471 0 0.03512563 0.03454842 -0.0129748 0.05131815 0.03454842 0.03454842 0 0 0.03454842 0 0.03444614 0 0.03454842 0.03454842 0.0409995
0 0 0 0 0 -0.07628657 0 -0.0730894 0.4086271 0 0 0 0.4477998 -0.2715945 0 -0.2715945 0 -0.1844141 0 0.3204821 0.1199792 -0.04208945 0.3205184 0 -0.2715945 0 0.4463834 0 0 -0.271187 0.3200631 0 0 0 0 -0.07782362 0 0.3165981 0.3193743 0.4463894 0 0.3196582 0 0 0 0 0 -0.1664561 0 -0.04227046 -0.2552592 0.2527719 0.02682437 -0.2552592 -0.2569753 -0.06974328 0.3196867 0.1199792 -0.1459434 1.01 -0.3670005 0 0 0.466695 -0.2708471 0 -0.2427159 0 0 0.4257648 0 0.316503 0.3325276 0 0 0 0 0 0 0 0 0 0 0 0 0 0.02424022 0 0 0.01663994 0 0 -0.02408873 -0.08053958 0 0 0 -0.02054885 0 0 -0.07898196 0 -0.01676852 0 0.01663994 -0.07980459 0.01711551 0 0.1529991 0 0.01663994 0 -0.006290737 -0.07341164 -0.07311017 0 -0.02425366 -0.05125987 -0.02408873 -0.07998171 -0.1344724 0 0 0 0 -0.07366373 -0.06835747 -0.0676695 0 -0.08677742 0 0 0 0 0 0 0.01065115 0 -0.0775442 -0.07947624 -0.1344724 -0.08015947 -0.07947624 -0.07947624 0 0 -0.07947624 0 -0.07955763 0 -0.07947624 -0.07947624 -0.0795277
