1.01 0.2801737 0 -0.4414338 0 0 0 0.02599189 0 0 0 0 0 0 0.0848663 0 0.2788612 0 0 0 0 0 0 0.2671887 0 0.03729825 0 0.2671887 1 0.02686758 0.1734875 0 0 0 0 0 -0.411505 0.1734875 0.1530146 -0.977499 0 0 0.08784913 0 0 0 0 0 0.2587687 -0.9847688 0 0 0 0 0.2579815 0.1537949 0.09361268 0.09361268 0 -0.1541619 -0.1581361 0 0.1541619 0 0 0.2060413 0 0 0 -0.9847688 0 0.2578445 -0.1541619 0.04642852 0 -0.1541619 -0.1570602 0.07825718 0 0 0.2128434 0 0.1535058 0.2128434 0.09361268 0.09355058 0 0.09361268 0 0 0 0 0.2593963 -0.4148988 0.2593963 0.1720921 0 -0.1541619 0 0 0.1541619 0.1720921 0 0 0 0.03532531 -0.1543258 0 0.2569484 0 0 0.03659897 0 0 0 0.04451649 0 0.1502066 0.1719335 -0.415095 0.09361268 0.06747991 0 -0.9847688 0 0 -0.1547416 0 0 0 0 0 0 0 -0.1543258
0.2801737 1.01 0 -0.5915729 0 0 0 0.09847548 0 0 0 0 0 0 0.3494232 0 0.9914199 0 0 0 0 0 0 0.9561026 0 -0.004116026 0 0.9561026 0.2801737 -0.01497719 -0.4288484 0 0 0 0 0 -0.5526884 -0.4288484 -0.4939297 -0.2655956 0 0 0.3399837 0 0 0 0 0 0.9395276 -0.2717837 0 0 0 0 0.9361491 -0.487963 0.3509089 0.3509089 0 0.487981 0.4952174 0 -0.487981 0 0 0.7476023 0 0 0 -0.2717837 0 0.9364746 0.487981 -0.1046806 0 0.487981 0.4856456 0.3280751 0 0 0.7551951 0 -0.4873225 0.7551951 0.3509089 0.3197964 0 0.3509089 0 0 0 0 0.9315816 -0.5489225 0.9315816 -0.4248763 0 0.487981 0 0 -0.487981 -0.4248763 0 0 0 0.1319073 0.4882645 0 0.9236205 0 0 0.003740293 0 0 0 -0.122106 0 -0.4894533 -0.4245713 -0.5486079 0.3509089 -0.1954813 0 -0.2717837 0 0 0.4908495 0 0 0 0 0 0 0 0.4882645
0 0 1.01 0 0 0 0 0 0 0 0 0 0 0 0 0 0 0 0 0 0 0 0 0 0 0 0 0 0 0 0 0 0 0 0 0 0 0 0 0 0 0 0 0 0 0 0 0 0 0 0 0 0 0 0 0 0 0 0 0 0 0 0 0 0 0 0 0 0 0 0 0 0 0 0 0 0 0 0 0 0 0 0 0 0 0 0 0 0 0 0 0 0 0 0 0 0 0 0 0 0 0 0 0 0 0 0 0 0 0 0 0 0 0 0 0 0 0 0 0 0 0 0 0 0 0 0 0 0 0 0 0 0 0 0
-0.4414338 -0.5915729 0 1.01 0 0 0 -0.06546 0 0 0 0 0 0 -0.2093078 0 -0.6042477 0 0 0 0 0 0 -0.5843422 0 -0.08206806 0 -0.5843422 -0.4414338 0.08043309 0.7455722 0 0 0 0 0 0.9374734 0.7455722 -0.3645748 0.4276902 0 0 -0.2080125 0 0 0 0 0 -0.574098 0.432174 0 0 0 0 -0.5724484 -0.366852 -0.2161119 -0.2161119 0 0.3669564 0.3466524 0 -0.3669564 0 0 -0.4549115 0 0 0 0.432174 0 -0.5721433 0.3669564 0.2355805 0 0.3669564 0.3517067 -0.2105838 0 0 -0.4563407 0 -0.3657846 -0.4563407 -0.2161119 -0.2057159 0 -0.2161119 0 0 0 0 -0.565357 0.932248 -0.565357 0.7401857 0 0.3669564 0 0 -0.3669564 0.7401857 0 0 0 -0.08839173 0.3662827 0 -0.5603665 0 0 0.03300906 0 0 0 0.1976947 0 -0.3636439 0.7398498 0.9317543 -0.2161119 -0.1529603 0 0.432174 0 0 0.3592025 0 0 0 0 0 0 0 0.3662827
0 0 0 0 1.01 0 0 0 0 0 0 0 0 0 0 0 0 0 0 0 0 0 0 0 0 0 0 0 0 0 0 0 0 0 0 0 0 0 0 0 0 0 0 0 0 0 0 0 0 0 0 0 0 0 0 0 0 0 0 0 0 0 0 0 0 0 0 0 0 0 0 0 0 0 0 0 0 0 0 0 0 0 0 0 0 0 0 0 0 0 0 0 0 0 0 0 0 0 0 0 0 0 0 0 0 0 0 0 0 0 0 0 0 0 0 0 0 0 0 0 0 0 0 0 0 0 0 0 0 0 0 0 0 0 0
0 0 0 0 0 1.01 0 0 0 0 0 0 0 0 0 0 0 0 0 0 0 0 0 0 0 0 0 0 0 0 0 0 0 0 0 0 0 0 0 0 0 0 0 0 0 0 0 0 0 0 0 0 0 0 0 0 0 0 0 0 0 0 0 0 0 0 0 0 0 0 0 0 0 0 0 0 0 0 0 0 0 0 0 0 0 0 0 0 0 0 0 0 0 0 0 0 0 0 0 0 0 0 0 0 0 0 0 0 0 0 0 0 0 0 0 0 0 0 0 0 0 0 0 0 0 0 0 0 0 0 0 0 0 0 0
0 0 0 0 0 0 1.01 0 0 0 0 0 0 0 0 0 0 0 0 0 0 0 0 0 0 0 0 0 0 0 0 0 0 0 0 0 0 0 0 0 0 0 0 0 0 0 0 0 0 0 0 0 0 0 0 0 0 0 0 0 0 0 0 0 0 0 0 0 0 0 0 0 0 0 0 0 0 0 0 0 0 0 0 0 0 0 0 0 0 0 0 0 0 0 0 0 0 0 0 0 0 0 0 0 0 0 0 0 0 0 0 0 0 0 0 0 0 0 0 0 0 0 0 0 0 0 0 0 0 0 0 0 0 0 0
0.02599189 0.09847548 0 -0.06546 0 0 0 1.01 0 0 0 0 0 0 -0.02990711 0 0.1000259 0 0 0 0 0 0 0.1033753 0 -0.01251998 0 0.1033753 0.02599189 -0.02646409 -0.05486412 0 0 0 0 0 -0.0655389 -0.05486412 -0.05145283 -0.02328221 0 0 -0.03119459 0 0 0 0 0 0.1054216 -0.02595756 0 0 0 0 0.1061951 -0.05222967 -0.03447296 -0.03447296 0 0.05220425 0.05448715 0 -0.05220425 0 0 0.1349573 0 0 0 -0.02595756 0 0.1062792 0.05220425 -0.02665836 0 0.05220425 0.05537575 0.3306182 0 0 0.1316329 0 -0.05195774 0.1316329 -0.03447296 -0.04833926 0 -0.03447296 0 0 0 0 0.1052234 -0.06463419 0.1052234 -0.05385337 0 0.05220425 0 0 -0.05220425 -0.05385337 0 0 0 -0.006452364 0.05226583 0 0.1062619 0 0 0.001664261 0 0 0 -0.02354731 0 -0.05251597 -0.05379244 -0.06459797 -0.03447296 -0.01475505 0 -0.02595756 0 0 0.05306667 0 0 0 0 0 0 0 0.05226583
0 0 0 0 0 0 0 0 1.01 0 0 0 0 0 0 0 0 0 0 0 0 0 0 0 0 0 0 0 0 0 0 0 0 0 0 0 0 0 0 0 0 0 0 0 0 0 0 0 0 0 0 0 0 0 0 0 0 0 0 0 0 0 0 0 0 0 0 0 0 0 0 0 0 0 0 0 0 0 0 0 0 0 0 0 0 0 0 0 0 0 0 0 0 0 0 0 0 0 0 0 0 0 0 0 0 0 0 0 0 0 0 0 0 0 0 0 0 0 0 0 0 0 0 0 0 0 0 0 0 0 0 0 0 0 0
0 0 0 0 0 0 0 0 0 1.01 0 0 0 0 0 0 0 0 0 0 0 0 0 0 0 0 0 0 0 0 0 0 0 0 0 0 0 0 0 0 0 0 0 0 0 0 0 0 0 0 0 0 0 0 0 0 0 0 0 0 0 0 0 0 0 0 0 0 0 0 0 0 0 0 0 0 0 0 0 0 0 0 0 0 0 0 0 0 0 0 0 0 0 0 0 0 0 0 0 0 0 0 0 0 0 0 0 0 0 0 0 0 0 0 0 0 0 0 0 0 0 0 0 0 0 0 0 0 0 0 0 0 0 0 0
0 0 0 0 0 0 0 0 0 0 1.01 0 0 0 0 0 0 0 0 0 0 0 0 0 0 0 0 0 0 0 0 0 0 0 0 0 0 0 0 0 0 0 0 0 0 0 0 0 0 0 0 0 0 0 0 0 0 0 0 0 0 0 0 0 0 0 0 0 0 0 0 0 0 0 0 0 0 0 0 0 0 0 0 0 0 0 0 0 0 0 0 0 0 0 0 0 0 0 0 0 0 0 0 0 0 0 0 0 0 0 0 0 0 0 0 0 0 0 0 0 0 0 0 0 0 0 0 0 0 0 0 0 0 0 0
0 0 0 0 0 0 0 0 0 0 0 1.01 0 0 0 0 0 0 0 0 0 0 0 0 0 0 0 0 0 0 0 0 0 0 0 0 0 0 0 0 0 0 0 0 0 0 0 0 0 0 0 0 0 0 0 0 0 0 0 0 0 0 0 0 0 0 0 0 0 0 0 0 0 0 0 0 0 0 0 0 0 0 0 0 0 0 0 0 0 0 0 0 0 0 0 0 0 0 0 0 0 0 0 0 0 0 0 0 0 0 0 0 0 0 0 0 0 0 0 0 0 0 0 0 0 0 0 0 0 0 0 0 0 0 0
0 0 0 0 0 0 0 0 0 0 0 0 1.01 0 0 0 0 0 0 0 0 0 0 0 0 0 0 0 0 0 0 0 0 0 0 0 0 0 0 0 0 0 0 0 0 0 0 0 0 0 0 0 0 0 0 0 0 0 0 0 0 0 0 0 0 0 0 0 0 0 0 0 0 0 0 0 0 0 0 0 0 0 0 0 0 0 0 0 0 0 0 0 0 0 0 0 0 0 0 0 0 0 0 0 0 0 0 0 0 0 0 0 0 0 0 0 0 0 0 0 0 0 0 0 0 0 0 0 0 0 0 0 0 0 0
0 0 0 0 0 0 0 0 0 0 0 0 0 1.01 0 0 0 0 0 0 0 0 0 0 0 0 0 0 0 0 0 0 0 0 0 0 0 0 0 0 0 0 0 0 0 0 0 0 0 0 0 0 0 0 0 0 0 0 0 0 0 0 0 0 0 0 0 0 0 0 0 0 0 0 0 0 0 0 0 0 0 0 0 0 0 0 0 0 0 0 0 0 0 0 0 0 0 0 0 0 0 0 0 0 0 0 0 0 0 0 0 0 0 0 0 0 0 0 0 0 0 0 0 0 0 0 0 0 0 0 0 0 0 0 0
0.0848663 0.3494232 0 -0.2093078 0 0 0 -0.02990711 0 0 0 0 0 0 1.01 0 0.3520047 0 0 0 0 0 0 0.3655603 0 -0.03044905 0 0.3655603 0.0848663 0.01697494 -0.1868549 0 0 0 0 0 -0.2214921 -0.1868549 -0.1476199 -0.08496981 0 0 0.9447129 0 0 0 0 0 0.3336337 -0.08476616 0 0 0 0 0.3338841 -0.146695 0.9161611 0.9161611 0 0.1470246 0.1502259 0 -0.1470246 0 0 -0.2208462 0 0 0 -0.08476616 0 0.333792 0.1470246 -0.0467798 0 0.1470246 0.1501082 -0.1048505 0 0 -0.2257879 0 -0.1466886 -0.2257879 0.9161611 -0.09201896 0 0.9161611 0 0 0 0 0.3316846 -0.2195813 0.3316846 -0.1851196 0 0.1470246 0 0 -0.1470246 -0.1851196 0 0 0 0.1961258 0.1472099 0 0.3344793 0 0 0.03582256 0 0 0 -0.03942371 0 -0.1475529 -0.1849461 -0.2194783 0.9161611 -0.07160247 0 -0.08476616 0 0 0.1479861 0 0 0 0 0 0 0 0.1472099
0 0 0 0 0 0 0 0 0 0 0 0 0 0 0 1.01 0 0 0 0 0 0 0 0 0 0 0 0 0 0 0 0 0 0 0 0 0 0 0 0 0 0 0 0 0 0 0 0 0 0 0 0 0 0 0 0 0 0 0 0 0 0 0 0 0 0 0 0 0 0 0 0 0 0 0 0 0 0 0 0 0 0 0 0 0 0 0 0 0 0 0 0 0 0 0 0 0 0 0 0 0 0 0 0 0 0 0 0 0 0 0 0 0 0 0 0 0 0 0 0 0 0 0 0 0 0 0 0 0 0 0 0 0 0 0
0.2788612 0.9914199 0 -0.6042477 0 0 0 0.1000259 0 0 0 0 0 0 0.3520047 0 1.01 0 0 0 0 0 0 0.9645884 0 -0.002756184 0 0.9645884 0.2788612 -0.01294637 -0.4431032 0 0 0 0 0 -0.5650557 -0.4431032 -0.4901036 -0.2642311 0 0 0.341854 0 0 0 0 0 0.9479276 -0.2704684 0 0 0 0 0.9445141 -0.4840868 0.3529954 0.3529954 0 0.4841064 0.4914468 0 -0.4841064 0 0 0.7550627 0 0 0 -0.2704684 0 0.9448371 0.4841064 -0.152112 0 0.4841064 0.4815819 0.3315586 0 0 0.7626989 0 -0.4836995 0.7626989 0.3529954 0.3228048 0 0.3529954 0 0 0 0 0.9400013 -0.5613693 0.9400013 -0.439243 0 0.4841064 0 0 -0.4841064 -0.439243 0 0 0 0.1336186 0.4843865 0 0.9319408 0 0 0.004686191 0 0 0 -0.1210304 0 -0.4855611 -0.4389466 -0.5610594 0.3529954 -0.1943949 0 -0.2704684 0 0 0.4869251 0 0 0 0 0 0 0 0.4843865
0 0 0 0 0 0 0 0 0 0 0 0 0 0 0 0 0 1.01 0 0 0 0 0 0 0 0 0 0 0 0 0 0 0 0 0 0 0 0 0 0 0 0 0 0 0 0 0 0 0 0 0 0 0 0 0 0 0 0 0 0 0 0 0 0 0 0 0 0 0 0 0 0 0 0 0 0 0 0 0 0 0 0 0 0 0 0 0 0 0 0 0 0 0 0 0 0 0 0 0 0 0 0 0 0 0 0 0 0 0 0 0 0 0 0 0 0 0 0 0 0 0 0 0 0 0 0 0 0 0 0 0 0 0 0 0
0 0 0 0 0 0 0 0 0 0 0 0 0 0 0 0 0 0 1.01 0 0 0 0 0 0 0 0 0 0 0 0 0 0 0 0 0 0 0 0 0 0 0 0 0 0 0 0 0 0 0 0 0 0 0 0 0 0 0 0 0 0 0 0 0 0 0 0 0 0 0 0 0 0 0 0 0 0 0 0 0 0 0 0 0 0 0 0 0 0 0 0 0 0 0 0 0 0 0 0 0 0 0 0 0 0 0 0 0 0 0 0 0 0 0 0 0 0 0 0 0 0 0 0 0 0 0 0 0 0 0 0 0 0 0 0
0 0 0 0 0 0 0 0 0 0 0 0 0 0 0 0 0 0 0 1.01 0 0 0 0 0 0 0 0 0 0 0 0 0 0 0 0 0 0 0 0 0 0 0 0 0 0 0 0 0 0 0 0 0 0 0 0 0 0 0 0 0 0 0 0 0 0 0 0 0 0 0 0 0 0 0 0 0 0 0 0 0 0 0 0 0 0 0 0 0 0 0 0 0 0 0 0 0 0 0 0 0 0 0 0 0 0 0 0 0 0 0 0 0 0 0 0 0 0 0 0 0 0 0 0 0 0 0 0 0 0 0 0 0 0 0
0 0 0 0 0 0 0 0 0 0 0 0 0 0 0 0 0 0 0 0 1.01 0 0 0 0 0 0 0 0 0 0 0 0 0 0 0 0 0 0 0 0 0 0 0 0 0 0 0 0 0 0 0 0 0 0 0 0 0 0 0 0 0 0 0 0 0 0 0 0 0 0 0 0 0 0 0 0 0 0 0 0 0 0 0 0 0 0 0 0 0 0 0 0 0 0 0 0 0 0 0 0 0 0 0 0 0 0 0 0 0 0 0 0 0 0 0 0 0 0 0 0 0 0 0 0 0 0 0 0 0 0 0 0 0 0
0 0 0 0 0 0 0 0 0 0 0 0 0 0 0 0 0 0 0 0 0 1.01 0 0 0 0 0 0 0 0 0 0 0 0 0 0 0 0 0 0 0 0 0 0 0 0 0 0 0 0 0 0 0 0 0 0 0 0 0 0 0 0 0 0 0 0 0 0 0 0 0 0 0 0 0 0 0 0 0 0 0 0 0 0 0 0 0 0 0 0 0 0 0 0 0 0 0 0 0 0 0 0 0 0 0 0 0 0 0 0 0 0 0 0 0 0 0 0 0 0 0 0 0 0 0 0 0 0 0 0 0 0 0 0 0
0 0 0 0 0 0 0 0 0 0 0 0 0 0 0 0 0 0 0 0 0 0 1.01 0 0 0 0 0 0 0 0 0 0 0 0 0 0 0 0 0 0 0 0 0 0 0 0 0 0 0 0 0 0 0 0 0 0 0 0 0 0 0 0 0 0 0 0 0 0 0 0 0 0 0 0 0 0 0 0 0 0 0 0 0 0 0 0 0 0 0 0 0 0 0 0 0 0 0 0 0 0 0 0 0 0 0 0 0 0 0 0 0 0 0 0 0 0 0 0 0 0 0 0 0 0 0 0 0 0 0 0 0 0 0 0
0.2671887 0.9561026 0 -0.5843422 0 0 0 0.1033753 0 0 0 0 0 0 0.3655603 0 0.9645884 0 0 0 0 0 0 1.01 0 0.0003492332 0 1 0.2671887 -0.004767602 -0.5099098 0 0 0 0 0 -0.6198164 -0.5099098 -0.4707671 -0.2527006 0 0 0.3556608 0 0 0 0 0 0.9830875 -0.2587927 0 0 0 0 0.9794874 -0.4644931 0.3664772 0.3664772 0 0.4645211 0.4716191 0 -0.4645211 0 0 0.7832107 0 0 0 -0.2587927 0 0.9797948 0.4645211 -0.1483828 0 0.4645211 0.4616953 0.3468981 0 0 0.7909559 0 -0.4641901 0.7909559 0.3664772 0.3342421 0 0.3664772 0 0 0 0 0.9750683 -0.616324 0.9750683 -0.5063885 0 0.4645211 0 0 -0.4645211 -0.5063885 0 0 0 0.133861 0.4647825 0 0.9668872 0 0 -0.06247819 0 0 0 -0.1179931 0 -0.4658793 -0.5061359 -0.6160379 0.3664772 -0.1851039 0 -0.2587927 0 0 0.4670697 0 0 0 0 0 0 0 0.4647825
0 0 0 0 0 0 0 0 0 0 0 0 0 0 0 0 0 0 0 0 0 0 0 0 1.01 0 0 0 0 0 0 0 0 0 0 0 0 0 0 0 0 0 0 0 0 0 0 0 0 0 0 0 0 0 0 0 0 0 0 0 0 0 0 0 0 0 0 0 0 0 0 0 0 0 0 0 0 0 0 0 0 0 0 0 0 0 0 0 0 0 0 0 0 0 0 0 0 0 0 0 0 0 0 0 0 0 0 0 0 0 0 0 0 0 0 0 0 0 0 0 0 0 0 0 0 0 0 0 0 0 0 0 0 0 0
0.03729825 -0.004116026 0 -0.08206806 0 0 0 -0.01251998 0 0 0 0 0 0 -0.03044905 0 -0.002756184 0 0 0 0 0 0 0.0003492332 0 1.01 0 0.0003492332 0.03729825 -0.03475677 -0.06870828 0 0 0 0 0 -0.08486797 -0.06870828 0.09212463 -0.03783902 0 0 -0.03018915 0 0 0 0 0 0.001880988 -0.03726999 0 0 0 0 0.00248776 0.09113009 -0.03144592 -0.03144592 0 -0.09115471 -0.08821382 0 0.09115471 0 0 0.02247096 0 0 0 -0.03726999 0 0.002548667 -0.09115471 -0.02600716 0 -0.09115471 -0.08797612 -0.02885655 0 0 0.02242024 0 0.09155344 0.02242024 -0.03144592 0.117875 0 -0.03144592 0 0 0 0 0.002638488 -0.08516258 0.002638488 -0.06901594 0 -0.09115471 0 0 0.09115471 -0.06901594 0 0 0 -0.01534436 -0.09105527 0 -0.07835546 0 0 -0.005403561 0 0 0 -0.01652696 0 0.09073381 -0.06896602 -0.08513381 -0.03144592 -0.01683098 0 -0.03726999 0 0 -0.09004429 0 0 0 0 0 0 0 -0.09105527
0 0 0 0 0 0 0 0 0 0 0 0 0 0 0 0 0 0 0 0 0 0 0 0 0 0 1.01 0 0 0 0 0 0 0 0 0 0 0 0 0 0 0 0 0 0 0 0 0 0 0 0 0 0 0 0 0 0 0 0 0 0 0 0 0 0 0 0 0 0 0 0 0 0 0 0 0 0 0 0 0 0 0 0 0 0 0 0 0 0 0 0 0 0 0 0 0 0 0 0 0 0 0 0 0 0 0 0 0 0 0 0 0 0 0 0 0 0 0 0 0 0 0 0 0 0 0 0 0 0 0 0 0 0 0 0
0.2671887 0.9561026 0 -0.5843422 0 0 0 0.1033753 0 0 0 0 0 0 0.3655603 0 0.9645884 0 0 0 0 0 0 1 0 0.0003492332 0 1.01 0.2671887 -0.004767602 -0.5099098 0 0 0 0 0 -0.6198164 -0.5099098 -0.4707671 -0.2527006 0 0 0.3556608 0 0 0 0 0 0.9830875 -0.2587927 0 0 0 0 0.9794874 -0.4644931 0.3664772 0.3664772 0 0.4645211 0.4716191 0 -0.4645211 0 0 0.7832107 0 0 0 -0.2587927 0 0.9797948 0.4645211 -0.1483828 0 0.4645211 0.4616953 0.3468981 0 0 0.7909559 0 -0.4641901 0.7909559 0.3664772 0.3342421 0 0.3664772 0 0 0 0 0.9750683 -0.616324 0.9750683 -0.5063885 0 0.4645211 0 0 -0.4645211 -0.5063885 0 0 0 0.133861 0.4647825 0 0.9668872 0 0 -0.06247819 0 0 0 -0.1179931 0 -0.4658793 -0.5061359 -0.6160379 0.3664772 -0.1851039 0 -0.2587927 0 0 0.4670697 0 0 0 0 0 0 0 0.4647825
1 0.2801737 0 -0.4414338 0 0 0 0.02599189 0 0 0 0 0 0 0.0848663 0 0.2788612 0 0 0 0 0 0 0.2671887 0 0.03729825 0 0.2671887 1.01 0.02686758 0.1734875 0 0 0 0 0 -0.411505 0.1734875 0.1530146 -0.977499 0 0 0.08784913 0 0 0 0 0 0.2587687 -0.9847688 0 0 0 0 0.2579815 0.1537949 0.09361268 0.09361268 0 -0.1541619 -0.1581361 0 0.1541619 0 0 0.2060413 0 0 0 -0.9847688 0 0.2578445 -0.1541619 0.04642852 0 -0.1541619 -0.1570602 0.07825718 0 0 0.2128434 0 0.1535058 0.2128434 0.09361268 0.09355058 0 0.09361268 0 0 0 0 0.2593963 -0.4148988 0.2593963 0.1720921 0 -0.1541619 0 0 0.1541619 0.1720921 0 0 0 0.03532531 -0.1543258 0 0.2569484 0 0 0.03659897 0 0 0 0.04451649 0 0.1502066 0.1719335 -0.415095 0.09361268 0.06747991 0 -0.9847688 0 0 -0.1547416 0 0 0 0 0 0 0 -0.1543258
0.02686758 -0.01497719 0 0.08043309 0 0 0 -0.02646409 0 0 0 0 0 0 0.01697494 0 -0.01294637 0 0 0 0 0 0 -0.004767602 0 -0.03475677 0 -0.004767602 0.02686758 1.01 0.09374255 0 0 0 0 0 0.07015948 0.09374255 -0.07593546 -0.02958874 0 0 0.01783931 0 0 0 0 0 -0.001520824 -0.02814082 0 0 0 0 -0.0005394657 -0.07720762 0.0135109 0.0135109 0 0.07714041 0.08041476 0 -0.07714041 0 0 -0.06598691 0 0 0 -0.02814082 0 -0.0003660226 0.07714041 -0.03738074 0 0.07714041 0.04408608 -0.1014419 0 0 -0.01082575 0 -0.07641983 -0.01082575 0.0135109 -0.06494742 0 0.0135109 0 0 0 0 -0.002273792 0.07211303 -0.002273792 0.09622348 0 0.07714041 0 0 -0.07714041 0.09622348 0 0 0 0.1252802 0.07732034 0 9.643425e-05 0 0 -0.03766767 0 0 0 -0.02695716 0 -0.0775741 0.09645178 0.07224783 0.0135109 -0.0562987 0 -0.02814082 0 0 0.07953906 0 0 0 0 0 0 0 0.07732034
0.1734875 -0.4288484 0 0.7455722 0 0 0 -0.05486412 0 0 0 0 0 0 -0.1868549 0 -0.4431032 0 0 0 0 0 0 -0.5099098 0 -0.06870828 0 -0.5099098 0.1734875 0.09374255 1.01 0 0 0 0 0 0.8203021 1 -0.3154528 -0.1737641 0 0 -0.1839164 0 0 0 0 0 -0.5047949 -0.1737481 0 0 0 0 -0.5033425 -0.3176733 -0.1888559 -0.1888559 0 0.3175437 0.2936387 0 -0.3175437 0 0 -0.4030188 0 0 0 -0.1737481 0 -0.5030878 0.3175437 0.2764433 0 0.3175437 0.2997588 -0.1933083 0 0 -0.3997616 0 -0.3166196 -0.3997616 -0.1888559 -0.1731909 0 -0.1888559 0 0 0 0 -0.4949858 0.8128329 -0.4949858 0.9938136 0 0.3175437 0 0 -0.3175437 0.9938136 0 0 0 -0.07193774 0.3167428 0 -0.4911217 0 0 0.139961 0 0 0 0.2364817 0 -0.3166161 0.9934108 0.8122124 -0.1888559 -0.1309704 0 -0.1737481 0 0 0.3092121 0 0 0 0 0 0 0 0.3167428
0 0 0 0 0 0 0 0 0 0 0 0 0 0 0 0 0 0 0 0 0 0 0 0 0 0 0 0 0 0 0 1.01 0 0 0 0 0 0 0 0 0 0 0 0 0 0 0 0 0 0 0 0 0 0 0 0 0 0 0 0 0 0 0 0 0 0 0 0 0 0 0 0 0 0 0 0 0 0 0 0 0 0 0 0 0 0 0 0 0 0 0 0 0 0 0 0 0 0 0 0 0 0 0 0 0 0 0 0 0 0 0 0 0 0 0 0 0 0 0 0 0 0 0 0 0 0 0 0 0 0 0 0 0 0 0
0 0 0 0 0 0 0 0 0 0 0 0 0 0 0 0 0 0 0 0 0 0 0 0 0 0 0 0 0 0 0 0 1.01 0 0 0 0 0 0 0 0 0 0 0 0 0 0 0 0 0 0 0 0 0 0 0 0 0 0 0 0 0 0 0 0 0 0 0 0 0 0 0 0 0 0 0 0 0 0 0 0 0 0 0 0 0 0 0 0 0 0 0 0 0 0 0 0 0 0 0 0 0 0 0 0 0 0 0 0 0 0 0 0 0 0 0 0 0 0 0 0 0 0 0 0 0 0 0 0 0 0 0 0 0 0
0 0 0 0 0 0 0 0 0 0 0 0 0 0 0 0 0 0 0 0 0 0 0 0 0 0 0 0 0 0 0 0 0 1.01 0 0 0 0 0 0 0 0 0 0 0 0 0 0 0 0 0 0 0 0 0 0 0 0 0 0 0 0 0 0 0 0 0 0 0 0 0 0 0 0 0 0 0 0 0 0 0 0 0 0 0 0 0 0 0 0 0 0 0 0 0 0 0 0 0 0 0 0 0 0 0 0 0 0 0 0 0 0 0 0 0 0 0 0 0 0 0 0 0 0 0 0 0 0 0 0 0 0 0 0 0
0 0 0 0 0 0 0 0 0 0 0 0 0 0 0 0 0 0 0 0 0 0 0 0 0 0 0 0 0 0 0 0 0 0 1.01 0 0 0 0 0 0 0 0 0 0 0 0 0 0 0 0 0 0 0 0 0 0 0 0 0 0 0 0 0 0 0 0 0 0 0 0 0 0 0 0 0 0 0 0 0 0 0 0 0 0 0 0 0 0 0 0 0 0 0 0 0 0 0 0 0 0 0 0 0 0 0 0 0 0 0 0 0 0 0 0 0 0 0 0 0 0 0 0 0 0 0 0 0 0 0 0 0 0 0 0
0 0 0 0 0 0 0 0 0 0 0 0 0 0 0 0 0 0 0 0 0 0 0 0 0 0 0 0 0 0 0 0 0 0 0 1.01 0 0 0 0 0 0 0 0 0 0 0 0 0 0 0 0 0 0 0 0 0 0 0 0 0 0 0 0 0 0 0 0 0 0 0 0 0 0 0 0 0 0 0 0 0 0 0 0 0 0 0 0 0 0 0 0 0 0 0 0 0 0 0 0 0 0 0 0 0 0 0 0 0 0 0 0 0 0 0 0 0 0 0 0 0 0 0 0 0 0 0 0 0 0 0 0 0 0 0
-0.411505 -0.5526884 0 0.9374734 0 0 0 -0.0655389 0 0 0 0 0 0 -0.2214921 0 -0.5650557 0 0 0 0 0 0 -0.6198164 0 -0.08486797 0 -0.6198164 -0.411505 0.07015948 0.8203021 0 0 0 0 0 1.01 0.8203021 -0.3792284 0.41583 0 0 -0.2205225 0 0 0 0 0 -0.6198914 0.4201156 0 0 0 0 -0.6181038 -0.3817238 -0.2284042 -0.2284042 0 0.3818178 0.3621046 0 -0.3818178 0 0 -0.4957299 0 0 0 0.4201156 0 -0.6177907 0.3818178 0.2270532 0 0.3818178 0.3673627 -0.2308873 0 0 -0.4966415 0 -0.3805864 -0.4966415 -0.2284042 -0.2128486 0 -0.2284042 0 0 0 0 -0.6112257 0.9944116 -0.6112257 0.8154122 0 0.3818178 0 0 -0.3818178 0.8154122 0 0 0 -0.08667832 0.3811753 0 -0.6062603 0 0 0.1060153 0 0 0 0.1912244 0 -0.3786634 0.8151332 0.9939549 -0.2284042 -0.158644 0 0.4201156 0 0 0.3744788 0 0 0 0 0 0 0 0.3811753
0.1734875 -0.4288484 0 0.7455722 0 0 0 -0.05486412 0 0 0 0 0 0 -0.1868549 0 -0.4431032 0 0 0 0 0 0 -0.5099098 0 -0.06870828 0 -0.5099098 0.1734875 0.09374255 1 0 0 0 0 0 0.8203021 1.01 -0.3154528 -0.1737641 0 0 -0.1839164 0 0 0 0 0 -0.5047949 -0.1737481 0 0 0 0 -0.5033425 -0.3176733 -0.1888559 -0.1888559 0 0.3175437 0.2936387 0 -0.3175437 0 0 -0.4030188 0 0 0 -0.1737481 0 -0.5030878 0.3175437 0.2764433 0 0.3175437 0.2997588 -0.1933083 0 0 -0.3997616 0 -0.3166196 -0.3997616 -0.1888559 -0.1731909 0 -0.1888559 0 0 0 0 -0.4949858 0.8128329 -0.4949858 0.9938136 0 0.3175437 0 0 -0.3175437 0.9938136 0 0 0 -0.07193774 0.3167428 0 -0.4911217 0 0 0.139961 0 0 0 0.2364817 0 -0.3166161 0.9934108 0.8122124 -0.1888559 -0.1309704 0 -0.1737481 0 0 0.3092121 0 0 0 0 0 0 0 0.3167428
0.1530146 -0.4939297 0 -0.3645748 0 0 0 -0.05145283 0 0 0 0 0 0 -0.1476199 0 -0.4901036 0 0 0 0 0 0 -0.4707671 0 0.09212463 0 -0.4707671 0.1530146 -0.07593546 -0.3154528 0 0 0 0 0 -0.3792284 -0.3154528 1.01 -0.1554155 0 0 -0.1820475 0 0 0 0 0 -0.4906349 -0.1528483 0 0 0 0 -0.4883235 0.995232 -0.1858811 -0.1858811 0 -0.9953718 -0.9815371 0 0.9953718 0 0 -0.3890443 0 0 0 -0.1528483 0 -0.4890325 -0.9953718 -0.07864231 0 -0.9953718 -0.9754491 -0.1677021 0 0 -0.3972477 0 0.9936636 -0.3972477 -0.1858811 -0.1578569 0 -0.1858811 0 0 0 0 -0.490805 -0.3778409 -0.490805 -0.3141189 0 -0.9953718 0 0 0.9953718 -0.3141189 0 0 0 -0.06322068 -0.9949546 0 -0.4867679 0 0 -0.04698621 0 0 0 -0.07428271 0 0.9934256 -0.3141041 -0.377669 -0.1858811 0.3936183 0 -0.1528483 0 0 -0.9901084 0 0 0 0 0 0 0 -0.9949546
-0.977499 -0.2655956 0 0.4276902 0 0 0 -0.02328221 0 0 0 0 0 0 -0.08496981 0 -0.2642311 0 0 0 0 0 0 -0.2527006 0 -0.03783902 0 -0.2527006 -0.977499 -0.02958874 -0.1737641 0 0 0 0 0 0.41583 -0.1737641 -0.1554155 1.01 0 0 -0.0879205 0 0 0 0 0 -0.2607984 0.9926353 0 0 0 0 -0.2599966 -0.1562152 -0.09377391 -0.09377391 0 0.1565791 0.1605998 0 -0.1565791 0 0 -0.2079701 0 0 0 0.9926353 0 -0.2598587 0.1565791 -0.0473907 0 0.1565791 0.1599838 -0.07834145 0 0 -0.2148757 0 -0.1559202 -0.2148757 -0.09377391 -0.09407538 0 -0.09377391 0 0 0 0 -0.2614353 0.4192493 -0.2614353 -0.17234 0 0.1565791 0 0 -0.1565791 -0.17234 0 0 0 -0.03603023 0.1567437 0 -0.2589473 0 0 -0.03882472 0 0 0 -0.04667887 0 -0.1526573 -0.1721802 0.4194471 -0.09377391 -0.06709537 0 0.9926353 0 0 0.157182 0 0 0 0 0 0 0 0.1567437
0 0 0 0 0 0 0 0 0 0 0 0 0 0 0 0 0 0 0 0 0 0 0 0 0 0 0 0 0 0 0 0 0 0 0 0 0 0 0 0 1.01 0 0 0 0 0 0 0 0 0 0 0 0 0 0 0 0 0 0 0 0 0 0 0 0 0 0 0 0 0 0 0 0 0 0 0 0 0 0 0 0 0 0 0 0 0 0 0 0 0 0 0 0 0 0 0 0 0 0 0 0 0 0 0 0 0 0 0 0 0 0 0 0 0 0 0 0 0 0 0 0 0 0 0 0 0 0 0 0 0 0 0 0 0 0
0 0 0 0 0 0 0 0 0 0 0 0 0 0 0 0 0 0 0 0 0 0 0 0 0 0 0 0 0 0 0 0 0 0 0 0 0 0 0 0 0 1.01 0 0 0 0 0 0 0 0 0 0 0 0 0 0 0 0 0 0 0 0 0 0 0 0 0 0 0 0 0 0 0 0 0 0 0 0 0 0 0 0 0 0 0 0 0 0 0 0 0 0 0 0 0 0 0 0 0 0 0 0 0 0 0 0 0 0 0 0 0 0 0 0 0 0 0 0 0 0 0 0 0 0 0 0 0 0 0 0 0 0 0 0 0
0.08784913 0.3399837 0 -0.2080125 0 0 0 -0.03119459 0 0 0 0 0 0 0.9447129 0 0.341854 0 0 0 0 0 0 0.3556608 0 -0.03018915 0 0.3556608 0.08784913 0.01783931 -0.1839164 0 0 0 0 0 -0.2205225 -0.1839164 -0.1820475 -0.0879205 0 0 1.01 0 0 0 0 0 0.3619093 -0.08774969 0 0 0 0 0.3621743 -0.1810282 0.9697597 0.9697597 0 0.1813611 0.1843234 0 -0.1813611 0 0 -0.224473 0 0 0 -0.08774969 0 0.3620844 0.1813611 -0.04524733 0 0.1813611 0.1844378 -0.1081968 0 0 -0.2297025 0 -0.1814798 -0.2297025 0.9697597 -0.09483823 0 0.9697597 0 0 0 0 0.3599741 -0.2186158 0.3599741 -0.1821816 0 0.1813611 0 0 -0.1813611 -0.1821816 0 0 0 0.1966657 0.1815356 0 0.362801 0 0 0.03532267 0 0 0 -0.03775545 0 -0.1818526 -0.1820073 -0.2185127 0.9697597 -0.0662201 0 -0.08774969 0 0 0.1822306 0 0 0 0 0 0 0 0.1815356
0 0 0 0 0 0 0 0 0 0 0 0 0 0 0 0 0 0 0 0 0 0 0 0 0 0 0 0 0 0 0 0 0 0 0 0 0 0 0 0 0 0 0 1.01 0 0 0 0 0 0 0 0 0 0 0 0 0 0 0 0 0 0 0 0 0 0 0 0 0 0 0 0 0 0 0 0 0 0 0 0 0 0 0 0 0 0 0 0 0 0 0 0 0 0 0 0 0 0 0 0 0 0 0 0 0 0 0 0 0 0 0 0 0 0 0 0 0 0 0 0 0 0 0 0 0 0 0 0 0 0 0 0 0 0 0
0 0 0 0 0 0 0 0 0 0 0 0 0 0 0 0 0 0 0 0 0 0 0 0 0 0 0 0 0 0 0 0 0 0 0 0 0 0 0 0 0 0 0 0 1.01 0 0 0 0 0 0 0 0 0 0 0 0 0 0 0 0 0 0 0 0 0 0 0 0 0 0 0 0 0 0 0 0 0 0 0 0 0 0 0 0 0 0 0 0 0 0 0 0 0 0 0 0 0 0 0 0 0 0 0 0 0 0 0 0 0 0 0 0 0 0 0 0 0 0 0 0 0 0 0 0 0 0 0 0 0 0 0 0 0 0
0 0 0 0 0 0 0 0 0 0 0 0 0 0 0 0 0 0 0 0 0 0 0 0 0 0 0 0 0 0 0 0 0 0 0 0 0 0 0 0 0 0 0 0 0 1.01 0 0 0 0 0 0 0 0 0 0 0 0 0 0 0 0 0 0 0 0 0 0 0 0 0 0 0 0 0 0 0 0 0 0 0 0 0 0 0 0 0 0 0 0 0 0 0 0 0 0 0 0 0 0 0 0 0 0 0 0 0 0 0 0 0 0 0 0 0 0 0 0 0 0 0 0 0 0 0 0 0 0 0 0 0 0 0 0 0
0 0 0 0 0 0 0 0 0 0 0 0 0 0 0 0 0 0 0 0 0 0 0 0 0 0 0 0 0 0 0 0 0 0 0 0 0 0 0 0 0 0 0 0 0 0 1.01 0 0 0 0 0 0 0 0 0 0 0 0 0 0 0 0 0 0 0 0 0 0 0 0 0 0 0 0 0 0 0 0 0 0 0 0 0 0 0 0 0 0 0 0 0 0 0 0 0 0 0 0 0 0 0 0 0 0 0 0 0 0 0 0 0 0 0 0 0 0 0 0 0 0 0 0 0 0 0 0 0 0 0 0 0 0 0 0
0 0 0 0 0 0 0 0 0 0 0 0 0 0 0 0 0 0 0 0 0 0 0 0 0 0 0 0 0 0 0 0 0 0 0 0 0 0 0 0 0 0 0 0 0 0 0 1.01 0 0 0 0 0 0 0 0 0 0 0 0 0 0 0 0 0 0 0 0 0 0 0 0 0 0 0 0 0 0 0 0 0 0 0 0 0 0 0 0 0 0 0 0 0 0 0 0 0 0 0 0 0 0 0 0 0 0 0 0 0 0 0 0 0 0 0 0 0 0 0 0 0 0 0 0 0 0 0 0 0 0 0 0 0 0 0
0.2587687 0.9395276 0 -0.574098 0 0 0 0.1054216 0 0 0 0 0 0 0.3336337 0 0.9479276 0 0 0 0 0 0 0.9830875 0 0.001880988 0 0.9830875 0.2587687 -0.001520824 -0.5047949 0 0 0 0 0 -0.6198914 -0.5047949 -0.4906349 -0.2607984 0 0 0.3619093 0 0 0 0 0 1.01 -0.26702 0 0 0 0 0.9963548 -0.4842395 0.3725971 0.3725971 0 0.4842695 0.4910995 0 -0.4842695 0 0 0.7969996 0 0 0 -0.26702 0 0.9966609 0.4842695 -0.1470726 0 0.4842695 0.4809823 0.3598496 0 0 0.8048254 0 -0.4839817 0.8048254 0.3725971 0.3345084 0 0.3725971 0 0 0 0 0.9919834 -0.6164536 0.9919834 -0.5013225 0 0.4842695 0 0 -0.4842695 -0.5013225 0 0 0 0.1353162 0.4845207 0 0.983879 0 0 -0.059934 0 0 0 -0.1170373 0 -0.4855894 -0.5010724 -0.6161694 0.3725971 -0.1841948 0 -0.26702 0 0 0.4867164 0 0 0 0 0 0 0 0.4845207
-0.9847688 -0.2717837 0 0.432174 0 0 0 -0.02595756 0 0 0 0 0 0 -0.08476616 0 -0.2704684 0 0 0 0 0 0 -0.2587927 0 -0.03726999 0 -0.2587927 -0.9847688 -0.02814082 -0.1737481 0 0 0 0 0 0.4201156 -0.1737481 -0.1528483 0.9926353 0 0 -0.08774969 0 0 0 0 0 -0.26702 1.01 0 0 0 0 -0.2662424 -0.1536277 -0.09351041 -0.09351041 0 0.1539948 0.1579668 0 -0.1539948 0 0 -0.2147947 0 0 0 1 0 -0.2661068 0.1539948 -0.04754684 0 0.1539948 0.1573213 -0.09132635 0 0 -0.2215464 0 -0.1533388 -0.2215464 -0.09351041 -0.09215919 0 -0.09351041 0 0 0 0 -0.2676542 0.423522 -0.2676542 -0.172355 0 0.1539948 0 0 -0.1539948 -0.172355 0 0 0 -0.03528931 0.1541587 0 -0.2652247 0 0 -0.03950764 0 0 0 -0.04584864 0 -0.1500382 -0.1721967 0.4237195 -0.09351041 -0.06569611 0 1 0 0 0.1545735 0 0 0 0 0 0 0 0.1541587
0 0 0 0 0 0 0 0 0 0 0 0 0 0 0 0 0 0 0 0 0 0 0 0 0 0 0 0 0 0 0 0 0 0 0 0 0 0 0 0 0 0 0 0 0 0 0 0 0 0 1.01 0 0 0 0 0 0 0 0 0 0 0 0 0 0 0 0 0 0 0 0 0 0 0 0 0 0 0 0 0 0 0 0 0 0 0 0 0 0 0 0 0 0 0 0 0 0 0 0 0 0 0 0 0 0 0 0 0 0 0 0 0 0 0 0 0 0 0 0 0 0 0 0 0 0 0 0 0 0 0 0 0 0 0 0
0 0 0 0 0 0 0 0 0 0 0 0 0 0 0 0 0 0 0 0 0 0 0 0 0 0 0 0 0 0 0 0 0 0 0 0 0 0 0 0 0 0 0 0 0 0 0 0 0 0 0 1.01 0 0 0 0 0 0 0 0 0 0 0 0 0 0 0 0 0 0 0 0 0 0 0 0 0 0 0 0 0 0 0 0 0 0 0 0 0 0 0 0 0 0 0 0 0 0 0 0 0 0 0 0 0 0 0 0 0 0 0 0 0 0 0 0 0 0 0 0 0 0 0 0 0 0 0 0 0 0 0 0 0 0 0
0 0 0 0 0 0 0 0 0 0 0 0 0 0 0 0 0 0 0 0 0 0 0 0 0 0 0 0 0 0 0 0 0 0 0 0 0 0 0 0 0 0 0 0 0 0 0 0 0 0 0 0 1.01 0 0 0 0 0 0 0 0 0 0 0 0 0 0 0 0 0 0 0 0 0 0 0 0 0 0 0 0 0 0 0 0 0 0 0 0 0 0 0 0 0 0 0 0 0 0 0 0 0 0 0 0 0 0 0 0 0 0 0 0 0 0 0 0 0 0 0 0 0 0 0 0 0 0 0 0 0 0 0 0 0 0
0 0 0 0 0 0 0 0 0 0 0 0 0 0 0 0 0 0 0 0 0 0 0 0 0 0 0 0 0 0 0 0 0 0 0 0 0 0 0 0 0 0 0 0 0 0 0 0 0 0 0 0 0 1.01 0 0 0 0 0 0 0 0 0 0 0 0 0 0 0 0 0 0 0 0 0 0 0 0 0 0 0 0 0 0 0 0 0 0 0 0 0 0 0 0 0 0 0 0 0 0 0 0 0 0 0 0 0 0 0 0 0 0 0 0 0 0 0 0 0 0 0 0 0 0 0 0 0 0 0 0 0 0 0 0 0
0.2579815 0.9361491 0 -0.5724484 0 0 0 0.1061951 0 0 0 0 0 0 0.3338841 0 0.9445141 0 0 0 0 0 0 0.9794874 0 0.00248776 0 0.9794874 0.2579815 -0.0005394657 -0.5033425 0 0 0 0 0 -0.6181038 -0.5033425 -0.4883235 -0.2599966 0 0 0.3621743 0 0 0 0 0 0.9963548 -0.2662424 0 0 0 0 1.01 -0.4897891 0.3729839 0.3729839 0 0.48982 0.4965541 0 -0.48982 0 0 0.7998304 0 0 0 -0.2662424 0 0.9996952 0.48982 -0.1462476 0 0.48982 0.4866097 0.3618004 0 0 0.8077813 0 -0.4895468 0.8077813 0.3729839 0.3342502 0 0.3729839 0 0 0 0 0.9950399 -0.6146863 0.9950399 -0.499893 0 0.48982 0 0 -0.48982 -0.499893 0 0 0 0.1344647 0.4900678 0 0.986882 0 0 -0.06083712 0 0 0 -0.1163192 0 -0.4911263 -0.4996441 -0.6144027 0.3729839 -0.1985412 0 -0.2662424 0 0 0.4922306 0 0 0 0 0 0 0 0.4900678
0.1537949 -0.487963 0 -0.366852 0 0 0 -0.05222967 0 0 0 0 0 0 -0.146695 0 -0.4840868 0 0 0 0 0 0 -0.4644931 0 0.09113009 0 -0.4644931 0.1537949 -0.07720762 -0.3176733 0 0 0 0 0 -0.3817238 -0.3176733 0.995232 -0.1562152 0 0 -0.1810282 0 0 0 0 0 -0.4842395 -0.1536277 0 0 0 0 -0.4897891 1.01 -0.1850111 -0.1850111 0 -0.9998595 -0.9859171 0 0.9998595 0 0 -0.3910139 0 0 0 -0.1536277 0 -0.4904947 -0.9998595 -0.07978773 0 -0.9998595 -0.9800497 -0.1691011 0 0 -0.3993555 0 0.9981745 -0.3993555 -0.1850111 -0.1571087 0 -0.1850111 0 0 0 0 -0.4923 -0.3803073 -0.4923 -0.3163075 0 -0.9998595 0 0 0.9998595 -0.3163075 0 0 0 -0.06203551 -0.9994383 0 -0.4882109 0 0 -0.04602417 0 0 0 -0.07525239 0 0.9978976 -0.3162907 -0.3801345 -0.1850111 0.4092367 0 -0.1536277 0 0 -0.9945555 0 0 0 0 0 0 0 -0.9994383
0.09361268 0.3509089 0 -0.2161119 0 0 0 -0.03447296 0 0 0 0 0 0 0.9161611 0 0.3529954 0 0 0 0 0 0 0.3664772 0 -0.03144592 0 0.3664772 0.09361268 0.0135109 -0.1888559 0 0 0 0 0 -0.2284042 -0.1888559 -0.1858811 -0.09377391 0 0 0.9697597 0 0 0 0 0 0.3725971 -0.09351041 0 0 0 0 0.3729839 -0.1850111 1.01 1 0 0.1853331 0.1886132 0 -0.1853331 0 0 -0.2316058 0 0 0 -0.09351041 0 0.3729097 0.1853331 -0.04798158 0 0.1853331 0.1884786 -0.1115592 0 0 -0.2370638 0 -0.185408 -0.2370638 1 -0.09805811 0 1 0 0 0 0 0.3710096 -0.2267525 0.3710096 -0.1873833 0 0.1853331 0 0 -0.1853331 -0.1873833 0 0 0 0.340808 0.1855144 0 0.3737632 0 0 0.03272288 0 0 0 -0.03818702 0 -0.1858664 -0.1872026 -0.2266459 1 -0.07214742 0 -0.09351041 0 0 0.1863278 0 0 0 0 0 0 0 0.1855144
0.09361268 0.3509089 0 -0.2161119 0 0 0 -0.03447296 0 0 0 0 0 0 0.9161611 0 0.3529954 0 0 0 0 0 0 0.3664772 0 -0.03144592 0 0.3664772 0.09361268 0.0135109 -0.1888559 0 0 0 0 0 -0.2284042 -0.1888559 -0.1858811 -0.09377391 0 0 0.9697597 0 0 0 0 0 0.3725971 -0.09351041 0 0 0 0 0.3729839 -0.1850111 1 1.01 0 0.1853331 0.1886132 0 -0.1853331 0 0 -0.2316058 0 0 0 -0.09351041 0 0.3729097 0.1853331 -0.04798158 0 0.1853331 0.1884786 -0.1115592 0 0 -0.2370638 0 -0.185408 -0.2370638 1 -0.09805811 0 1 0 0 0 0 0.3710096 -0.2267525 0.3710096 -0.1873833 0 0.1853331 0 0 -0.1853331 -0.1873833 0 0 0 0.340808 0.1855144 0 0.3737632 0 0 0.03272288 0 0 0 -0.03818702 0 -0.1858664 -0.1872026 -0.2266459 1 -0.07214742 0 -0.09351041 0 0 0.1863278 0 0 0 0 0 0 0 0.1855144
0 0 0 0 0 0 0 0 0 0 0 0 0 0 0 0 0 0 0 0 0 0 0 0 0 0 0 0 0 0 0 0 0 0 0 0 0 0 0 0 0 0 0 0 0 0 0 0 0 0 0 0 0 0 0 0 0 0 1.01 0 0 0 0 0 0 0 0 0 0 0 0 0 0 0 0 0 0 0 0 0 0 0 0 0 0 0 0 0 0 0 0 0 0 0 0 0 0 0 0 0 0 0 0 0 0 0 0 0 0 0 0 0 0 0 0 0 0 0 0 0 0 0 0 0 0 0 0 0 0 0 0 0 0 0 0
-0.1541619 0.487981 0 0.3669564 0 0 0 0.05220425 0 0 0 0 0 0 0.1470246 0 0.4841064 0 0 0 0 0 0 0.4645211 0 -0.09115471 0 0.4645211 -0.1541619 0.07714041 0.3175437 0 0 0 0 0 0.3818178 0.3175437 -0.9953718 0.1565791 0 0 0.1813611 0 0 0 0 0 0.4842695 0.1539948 0 0 0 0 0.48982 -0.9998595 0.1853331 0.1853331 0 1.01 0.9860595 0 -1 0 0 0.3908478 0 0 0 0.1539948 0 0.4905256 1 0.07975011 0 1 0.9801926 0.1690278 0 0 0.3991854 0 -0.9983148 0.3991854 0.1853331 0.1570367 0 0.1853331 0 0 0 0 0.4923298 0.3804025 0.4923298 0.3161787 0 1 0 0 -1 0.3161787 0 0 0 0.06200774 0.9995788 0 0.4882427 0 0 0.04599426 0 0 0 0.07522016 0 -0.9980383 0.3161619 0.3802298 0.1853331 -0.4092943 0 0.1539948 0 0 0.9946967 0 0 0 0 0 0 0 0.9995788
-0.1581361 0.4952174 0 0.3466524 0 0 0 0.05448715 0 0 0 0 0 0 0.1502259 0 0.4914468 0 0 0 0 0 0 0.4716191 0 -0.08821382 0 0.4716191 -0.1581361 0.08041476 0.2936387 0 0 0 0 0 0.3621046 0.2936387 -0.9815371 0.1605998 0 0 0.1843234 0 0 0 0 0 0.4910995 0.1579668 0 0 0 0 0.4965541 -0.9859171 0.1886132 0.1886132 0 0.9860595 1.01 0 -0.9860595 0 0 0.3960191 0 0 0 0.1579668 0 0.4972499 0.9860595 0.08087376 0 0.9860595 0.9660516 0.1715011 0 0 0.4042692 0 -0.9844088 0.4042692 0.1886132 0.1572228 0 0.1886132 0 0 0 0 0.4991495 0.3605611 0.4991495 0.2920898 0 0.9860595 0 0 -0.9860595 0.2920898 0 0 0 0.06447621 0.9856349 0 0.4949147 0 0 0.04687322 0 0 0 0.07631031 0 -0.984078 0.2920585 0.3603814 0.1886132 -0.4041533 0 0.1579668 0 0 0.9809786 0 0 0 0 0 0 0 0.9856349
0 0 0 0 0 0 0 0 0 0 0 0 0 0 0 0 0 0 0 0 0 0 0 0 0 0 0 0 0 0 0 0 0 0 0 0 0 0 0 0 0 0 0 0 0 0 0 0 0 0 0 0 0 0 0 0 0 0 0 0 0 1.01 0 0 0 0 0 0 0 0 0 0 0 0 0 0 0 0 0 0 0 0 0 0 0 0 0 0 0 0 0 0 0 0 0 0 0 0 0 0 0 0 0 0 0 0 0 0 0 0 0 0 0 0 0 0 0 0 0 0 0 0 0 0 0 0 0 0 0 0 0 0 0 0 0
0.1541619 -0.487981 0 -0.3669564 0 0 0 -0.05220425 0 0 0 0 0 0 -0.1470246 0 -0.4841064 0 0 0 0 0 0 -0.4645211 0 0.09115471 0 -0.4645211 0.1541619 -0.07714041 -0.3175437 0 0 0 0 0 -0.3818178 -0.3175437 0.9953718 -0.1565791 0 0 -0.1813611 0 0 0 0 0 -0.4842695 -0.1539948 0 0 0 0 -0.48982 0.9998595 -0.1853331 -0.1853331 0 -1 -0.9860595 0 1.01 0 0 -0.3908478 0 0 0 -0.1539948 0 -0.4905256 -1 -0.07975011 0 -1 -0.9801926 -0.1690278 0 0 -0.3991854 0 0.9983148 -0.3991854 -0.1853331 -0.1570367 0 -0.1853331 0 0 0 0 -0.4923298 -0.3804025 -0.4923298 -0.3161787 0 -1 0 0 1 -0.3161787 0 0 0 -0.06200774 -0.9995788 0 -0.4882427 0 0 -0.04599426 0 0 0 -0.07522016 0 0.9980383 -0.3161619 -0.3802298 -0.1853331 0.4092943 0 -0.1539948 0 0 -0.9946967 0 0 0 0 0 0 0 -0.9995788
0 0 0 0 0 0 0 0 0 0 0 0 0 0 0 0 0 0 0 0 0 0 0 0 0 0 0 0 0 0 0 0 0 0 0 0 0 0 0 0 0 0 0 0 0 0 0 0 0 0 0 0 0 0 0 0 0 0 0 0 0 0 0 1.01 0 0 0 0 0 0 0 0 0 0 0 0 0 0 0 0 0 0 0 0 0 0 0 0 0 0 0 0 0 0 0 0 0 0 0 0 0 0 0 0 0 0 0 0 0 0 0 0 0 0 0 0 0 0 0 0 0 0 0 0 0 0 0 0 0 0 0 0 0 0 0
0 0 0 0 0 0 0 0 0 0 0 0 0 0 0 0 0 0 0 0 0 0 0 0 0 0 0 0 0 0 0 0 0 0 0 0 0 0 0 0 0 0 0 0 0 0 0 0 0 0 0 0 0 0 0 0 0 0 0 0 0 0 0 0 1.01 0 0 0 0 0 0 0 0 0 0 0 0 0 0 0 0 0 0 0 0 0 0 0 0 0 0 0 0 0 0 0 0 0 0 0 0 0 0 0 0 0 0 0 0 0 0 0 0 0 0 0 0 0 0 0 0 0 0 0 0 0 0 0 0 0 0 0 0 0 0
0.2060413 0.7476023 0 -0.4549115 0 0 0 0.1349573 0 0 0 0 0 0 -0.2208462 0 0.7550627 0 0 0 0 0 0 0.7832107 0 0.02247096 0 0.7832107 0.2060413 -0.06598691 -0.4030188 0 0 0 0 0 -0.4957299 -0.4030188 -0.3890443 -0.2079701 0 0 -0.224473 0 0 0 0 0 0.7969996 -0.2147947 0 0 0 0 0.7998304 -0.3910139 -0.2316058 -0.2316058 0 0.3908478 0.3960191 0 -0.3908478 0 0 1.01 0 0 0 -0.2147947 0 0.8001848 0.3908478 -0.1222707 0 0.3908478 0.3852631 0.4569491 0 0 0.9782169 0 -0.3905512 0.9782169 -0.2316058 0.4195401 0 -0.2316058 0 0 0 0 0.7966445 -0.4933108 0.7966445 -0.4004728 0 0.3908478 0 0 -0.3908478 -0.4004728 0 0 0 -0.06884113 0.390985 0 0.7864668 0 0 -0.0811315 0 0 0 -0.09764036 0 -0.3918388 -0.4003342 -0.4930849 -0.2316058 -0.1588955 0 -0.2147947 0 0 0.3926262 0 0 0 0 0 0 0 0.390985
0 0 0 0 0 0 0 0 0 0 0 0 0 0 0 0 0 0 0 0 0 0 0 0 0 0 0 0 0 0 0 0 0 0 0 0 0 0 0 0 0 0 0 0 0 0 0 0 0 0 0 0 0 0 0 0 0 0 0 0 0 0 0 0 0 0 1.01 0 0 0 0 0 0 0 0 0 0 0 0 0 0 0 0 0 0 0 0 0 0 0 0 0 0 0 0 0 0 0 0 0 0 0 0 0 0 0 0 0 0 0 0 0 0 0 0 0 0 0 0 0 0 0 0 0 0 0 0 0 0 0 0 0 0 0 0
0 0 0 0 0 0 0 0 0 0 0 0 0 0 0 0 0 0 0 0 0 0 0 0 0 0 0 0 0 0 0 0 0 0 0 0 0 0 0 0 0 0 0 0 0 0 0 0 0 0 0 0 0 0 0 0 0 0 0 0 0 0 0 0 0 0 0 1.01 0 0 0 0 0 0 0 0 0 0 0 0 0 0 0 0 0 0 0 0 0 0 0 0 0 0 0 0 0 0 0 0 0 0 0 0 0 0 0 0 0 0 0 0 0 0 0 0 0 0 0 0 0 0 0 0 0 0 0 0 0 0 0 0 0 0 0
0 0 0 0 0 0 0 0 0 0 0 0 0 0 0 0 0 0 0 0 0 0 0 0 0 0 0 0 0 0 0 0 0 0 0 0 0 0 0 0 0 0 0 0 0 0 0 0 0 0 0 0 0 0 0 0 0 0 0 0 0 0 0 0 0 0 0 0 1.01 0 0 0 0 0 0 0 0 0 0 0 0 0 0 0 0 0 0 0 0 0 0 0 0 0 0 0 0 0 0 0 0 0 0 0 0 0 0 0 0 0 0 0 0 0 0 0 0 0 0 0 0 0 0 0 0 0 0 0 0 0 0 0 0 0 0
-0.9847688 -0.2717837 0 0.432174 0 0 0 -0.02595756 0 0 0 0 0 0 -0.08476616 0 -0.2704684 0 0 0 0 0 0 -0.2587927 0 -0.03726999 0 -0.2587927 -0.9847688 -0.02814082 -0.1737481 0 0 0 0 0 0.4201156 -0.1737481 -0.1528483 0.9926353 0 0 -0.08774969 0 0 0 0 0 -0.26702 1 0 0 0 0 -0.2662424 -0.1536277 -0.09351041 -0.09351041 0 0.1539948 0.1579668 0 -0.1539948 0 0 -0.2147947 0 0 0 1.01 0 -0.2661068 0.1539948 -0.04754684 0 0.1539948 0.1573213 -0.09132635 0 0 -0.2215464 0 -0.1533388 -0.2215464 -0.09351041 -0.09215919 0 -0.09351041 0 0 0 0 -0.2676542 0.423522 -0.2676542 -0.172355 0 0.1539948 0 0 -0.1539948 -0.172355 0 0 0 -0.03528931 0.1541587 0 -0.2652247 0 0 -0.03950764 0 0 0 -0.04584864 0 -0.1500382 -0.1721967 0.4237195 -0.09351041 -0.06569611 0 1 0 0 0.1545735 0 0 0 0 0 0 0 0.1541587
0 0 0 0 0 0 0 0 0 0 0 0 0 0 0 0 0 0 0 0 0 0 0 0 0 0 0 0 0 0 0 0 0 0 0 0 0 0 0 0 0 0 0 0 0 0 0 0 0 0 0 0 0 0 0 0 0 0 0 0 0 0 0 0 0 0 0 0 0 0 1.01 0 0 0 0 0 0 0 0 0 0 0 0 0 0 0 0 0 0 0 0 0 0 0 0 0 0 0 0 0 0 0 0 0 0 0 0 0 0 0 0 0 0 0 0 0 0 0 0 0 0 0 0 0 0 0 0 0 0 0 0 0 0 0 0
0.2578445 0.9364746 0 -0.5721433 0 0 0 0.1062792 0 0 0 0 0 0 0.333792 0 0.9448371 0 0 0 0 0 0 0.9797948 0 0.002548667 0 0.9797948 0.2578445 -0.0003660226 -0.5030878 0 0 0 0 0 -0.6177907 -0.5030878 -0.4890325 -0.2598587 0 0 0.3620844 0 0 0 0 0 0.9966609 -0.2661068 0 0 0 0 0.9996952 -0.4904947 0.3729097 0.3729097 0 0.4905256 0.4972499 0 -0.4905256 0 0 0.8001848 0 0 0 -0.2661068 0 1.01 0.4905256 -0.1461741 0 0.4905256 0.4872979 0.361709 0 0 0.8081486 0 -0.490254 0.8081486 0.3729097 0.3344942 0 0.3729097 0 0 0 0 0.9953467 -0.6143748 0.9953467 -0.49964 0 0.4905256 0 0 -0.4905256 -0.49964 0 0 0 0.1345597 0.490773 0 0.9871829 0 0 -0.0607698 0 0 0 -0.1162545 0 -0.4918306 -0.4993912 -0.6140912 0.3729097 -0.1984381 0 -0.2661068 0 0 0.4929325 0 0 0 0 0 0 0 0.490773
-0.1541619 0.487981 0 0.3669564 0 0 0 0.05220425 0 0 0 0 0 0 0.1470246 0 0.4841064 0 0 0 0 0 0 0.4645211 0 -0.09115471 0 0.4645211 -0.1541619 0.07714041 0.3175437 0 0 0 0 0 0.3818178 0.3175437 -0.9953718 0.1565791 0 0 0.1813611 0 0 0 0 0 0.4842695 0.1539948 0 0 0 0 0.48982 -0.9998595 0.1853331 0.1853331 0 1 0.9860595 0 -1 0 0 0.3908478 0 0 0 0.1539948 0 0.4905256 1.01 0.07975011 0 1 0.9801926 0.1690278 0 0 0.3991854 0 -0.9983148 0.3991854 0.1853331 0.1570367 0 0.1853331 0 0 0 0 0.4923298 0.3804025 0.4923298 0.3161787 0 1 0 0 -1 0.3161787 0 0 0 0.06200774 0.9995788 0 0.4882427 0 0 0.04599426 0 0 0 0.07522016 0 -0.9980383 0.3161619 0.3802298 0.1853331 -0.4092943 0 0.1539948 0 0 0.9946967 0 0 0 0 0 0 0 0.9995788
0.04642852 -0.1046806 0 0.2355805 0 0 0 -0.02665836 0 0 0 0 0 0 -0.0467798 0 -0.152112 0 0 0 0 0 0 -0.1483828 0 -0.02600716 0 -0.1483828 0.04642852 -0.03738074 0.2764433 0 0 0 0 0 0.2270532 0.2764433 -0.07864231 -0.0473907 0 0 -0.04524733 0 0 0 0 0 -0.1470726 -0.04754684 0 0 0 0 -0.1462476 -0.07978773 -0.04798158 -0.04798158 0 0.07975011 0.08087376 0 -0.07975011 0 0 -0.1222707 0 0 0 -0.04754684 0 -0.1461741 0.07975011 1.01 0 0.07975011 0.08293293 -0.06366432 0 0 -0.1237681 0 -0.07938811 -0.1237681 -0.04798158 -0.05477647 0 -0.04798158 0 0 0 0 -0.1469816 0.2282249 -0.1469816 0.2782568 0 0.07975011 0 0 -0.07975011 0.2782568 0 0 0 -0.01990431 0.07984054 0 -0.1452918 0 0 -0.01867954 0 0 0 0.4188863 0 -0.08020934 0.2784506 0.228332 -0.04798158 -0.04499521 0 -0.04754684 0 0 0.08102159 0 0 0 0 0 0 0 0.07984054
0 0 0 0 0 0 0 0 0 0 0 0 0 0 0 0 0 0 0 0 0 0 0 0 0 0 0 0 0 0 0 0 0 0 0 0 0 0 0 0 0 0 0 0 0 0 0 0 0 0 0 0 0 0 0 0 0 0 0 0 0 0 0 0 0 0 0 0 0 0 0 0 0 0 1.01 0 0 0 0 0 0 0 0 0 0 0 0 0 0 0 0 0 0 0 0 0 0 0 0 0 0 0 0 0 0 0 0 0 0 0 0 0 0 0 0 0 0 0 0 0 0 0 0 0 0 0 0 0 0 0 0 0 0 0 0
-0.1541619 0.487981 0 0.3669564 0 0 0 0.05220425 0 0 0 0 0 0 0.1470246 0 0.4841064 0 0 0 0 0 0 0.4645211 0 -0.09115471 0 0.4645211 -0.1541619 0.07714041 0.3175437 0 0 0 0 0 0.3818178 0.3175437 -0.9953718 0.1565791 0 0 0.1813611 0 0 0 0 0 0.4842695 0.1539948 0 0 0 0 0.48982 -0.9998595 0.1853331 0.1853331 0 1 0.9860595 0 -1 0 0 0.3908478 0 0 0 0.1539948 0 0.4905256 1 0.07975011 0 1.01 0.9801926 0.1690278 0 0 0.3991854 0 -0.9983148 0.3991854 0.1853331 0.1570367 0 0.1853331 0 0 0 0 0.4923298 0.3804025 0.4923298 0.3161787 0 1 0 0 -1 0.3161787 0 0 0 0.06200774 0.9995788 0 0.4882427 0 0 0.04599426 0 0 0 0.07522016 0 -0.9980383 0.3161619 0.3802298 0.1853331 -0.4092943 0 0.1539948 0 0 0.9946967 0 0 0 0 0 0 0 0.9995788
-0.1570602 0.4856456 0 0.3517067 0 0 0 0.05537575 0 0 0 0 0 0 0.1501082 0 0.4815819 0 0 0 0 0 0 0.4616953 0 -0.08797612 0 0.4616953 -0.1570602 0.04408608 0.2997588 0 0 0 0 0 0.3673627 0.2997588 -0.9754491 0.1599838 0 0 0.1844378 0 0 0 0 0 0.4809823 0.1573213 0 0 0 0 0.4866097 -0.9800497 0.1884786 0.1884786 0 0.9801926 0.9660516 0 -0.9801926 0 0 0.3852631 0 0 0 0.1573213 0 0.4872979 0.9801926 0.08293293 0 0.9801926 1.01 0.1732086 0 0 0.3939864 0 -0.9785621 0.3939864 0.1884786 0.1605597 0 0.1884786 0 0 0 0 0.48924 0.3657893 0.48924 0.2981834 0 0.9801926 0 0 -0.9801926 0.2981834 0 0 0 0.0634274 0.9797667 0 0.4849254 0 0 0.04798843 0 0 0 0.0782844 0 -0.9782043 0.2981507 0.3656094 0.1884786 -0.402226 0 0.1573213 0 0 0.974814 0 0 0 0 0 0 0 0.9797667
0.07825718 0.3280751 0 -0.2105838 0 0 0 0.3306182 0 0 0 0 0 0 -0.1048505 0 0.3315586 0 0 0 0 0 0 0.3468981 0 -0.02885655 0 0.3468981 0.07825718 -0.1014419 -0.1933083 0 0 0 0 0 -0.2308873 -0.1933083 -0.1677021 -0.07834145 0 0 -0.1081968 0 0 0 0 0 0.3598496 -0.09132635 0 0 0 0 0.3618004 -0.1691011 -0.1115592 -0.1115592 0 0.1690278 0.1715011 0 -0.1690278 0 0 0.4569491 0 0 0 -0.09132635 0 0.361709 0.1690278 -0.06366432 0 0.1690278 0.1732086 1.01 0 0 0.4456558 0 -0.1683379 0.4456558 -0.1115592 -0.1135362 0 -0.1115592 0 0 0 0 0.3593229 -0.2290672 0.3593229 -0.1912826 0 0.1690278 0 0 -0.1690278 -0.1912826 0 0 0 -0.03077346 0.1692002 0 0.3623883 0 0 -0.03469745 0 0 0 -0.0397592 0 -0.1699111 -0.1911168 -0.2286045 -0.1115592 -0.06323388 0 -0.09132635 0 0 0.1706728 0 0 0 0 0 0 0 0.1692002
0 0 0 0 0 0 0 0 0 0 0 0 0 0 0 0 0 0 0 0 0 0 0 0 0 0 0 0 0 0 0 0 0 0 0 0 0 0 0 0 0 0 0 0 0 0 0 0 0 0 0 0 0 0 0 0 0 0 0 0 0 0 0 0 0 0 0 0 0 0 0 0 0 0 0 0 0 0 1.01 0 0 0 0 0 0 0 0 0 0 0 0 0 0 0 0 0 0 0 0 0 0 0 0 0 0 0 0 0 0 0 0 0 0 0 0 0 0 0 0 0 0 0 0 0 0 0 0 0 0 0 0 0 0 0 0
0 0 0 0 0 0 0 0 0 0 0 0 0 0 0 0 0 0 0 0 0 0 0 0 0 0 0 0 0 0 0 0 0 0 0 0 0 0 0 0 0 0 0 0 0 0 0 0 0 0 0 0 0 0 0 0 0 0 0 0 0 0 0 0 0 0 0 0 0 0 0 0 0 0 0 0 0 0 0 1.01 0 0 0 0 0 0 0 0 0 0 0 0 0 0 0 0 0 0 0 0 0 0 0 0 0 0 0 0 0 0 0 0 0 0 0 0 0 0 0 0 0 0 0 0 0 0 0 0 0 0 0 0 0 0 0
0.2128434 0.7551951 0 -0.4563407 0 0 0 0.1316329 0 0 0 0 0 0 -0.2257879 0 0.7626989 0 0 0 0 0 0 0.7909559 0 0.02242024 0 0.7909559 0.2128434 -0.01082575 -0.3997616 0 0 0 0 0 -0.4966415 -0.3997616 -0.3972477 -0.2148757 0 0 -0.2297025 0 0 0 0 0 0.8048254 -0.2215464 0 0 0 0 0.8077813 -0.3993555 -0.2370638 -0.2370638 0 0.3991854 0.4042692 0 -0.3991854 0 0 0.9782169 0 0 0 -0.2215464 0 0.8081486 0.3991854 -0.1237681 0 0.3991854 0.3939864 0.4456558 0 0 1.01 0 -0.3988434 1 -0.2370638 0.4106979 0 -0.2370638 0 0 0 0 0.8142047 -0.5044356 0.8142047 -0.4082967 0 0.3991854 0 0 -0.3991854 -0.4082967 0 0 0 -0.07261902 0.3993336 0 0.8040344 0 0 -0.08440743 0 0 0 -0.0974759 0 -0.4002307 -0.408147 -0.5042042 -0.2370638 -0.1636156 0 -0.2215464 0 0 0.4011193 0 0 0 0 0 0 0 0.3993336
0 0 0 0 0 0 0 0 0 0 0 0 0 0 0 0 0 0 0 0 0 0 0 0 0 0 0 0 0 0 0 0 0 0 0 0 0 0 0 0 0 0 0 0 0 0 0 0 0 0 0 0 0 0 0 0 0 0 0 0 0 0 0 0 0 0 0 0 0 0 0 0 0 0 0 0 0 0 0 0 0 1.01 0 0 0 0 0 0 0 0 0 0 0 0 0 0 0 0 0 0 0 0 0 0 0 0 0 0 0 0 0 0 0 0 0 0 0 0 0 0 0 0 0 0 0 0 0 0 0 0 0 0 0 0 0
