1.01 0 0 0 0 0 0 0 0 0 0 0 0 0 0 0 0 0 0 0 0 0 0 0 0 0 0 0 0 0 0 0 0 0 0 0 0 0 0 0 0 0 0 0 0 0 0 0 0 0 0 0 0 0 0 0 0 0 0 0 0 0 0 0 0 0 0 0 0 0 0 0 0 0 0 0 0 0 0 0 0 0 0 0 0 0 0 0 0 0 0 0 0 0 0 0 0 0 0 0 0 0 0 0 0 0 0 0 0 0 0 0 0 0 0 0 0 0 0 0 0 0 0 0 0 0 0 0 0 0 0 0 0 0 0 0 0 0 0 0 0 0 0 0 0 0 0 0 0 0 0 0 0
0 1.01 0 0 -0.07569942 1 -0.04664573 -0.07533195 0.1311392 -0.08269756 -0.06354501 0 0.678276 -0.04676703 0 -0.04664573 -0.0887872 0.130684 -0.02343928 -0.04664573 0 0 0.1298701 -0.02214511 0 -0.005780834 0 0 0 0.130684 0 0.9966819 1 -0.01235114 1 0 0 0.9950348 0.9966819 1 0 -0.130684 0 -0.0887872 0 0.1312635 0.130684 0.130684 0 0.130684 -0.03579635 0 1 1 -0.02191796 0 0 0 0 0.130684 0 -0.01798511 1 0 0 0.130684 0 -0.0350746 -0.02252739 0.1306114 0 0.08805228 0.8486107 -0.04761121 0.7475955 -0.02214511 0.1416405 0.1406454 0 0 -0.1156962 0 0.270012 0.1314335 -0.04761121 0.1365385 0 0.130684 0 0 0.130684 1 0 -0.085752 0.128812 0.9821337 0 0 0 -0.005482666 -0.04761121 -0.1173944 -0.1173944 -0.04773233 -0.1295821 -0.1295821 0 0 1 -0.04242028 -0.07634849 0.128382 0 0 0 -0.01005019 0 1 -0.1172778 0.1285518 0.1283306 0 -0.1172778 0 0 0.1285518 -0.1172887 0.1285518 1 1 0 0 0 0 -0.02421154 -0.1159644 0 -0.1147703 0 0 0.1297874 0 0 -0.04891825 0 -0.08789038 0 -0.01448617 0.1418011 0 -0.1160696 0 0
0 0 1.01 0 0 0 0 0 0 0 0 0 0 0 0 0 0 0 0 0 0 0 0 0 0 0 0 0 0 0 0 0 0 0 0 0 0 0 0 0 0 0 0 0 0 0 0 0 0 0 0 0 0 0 0 0 0 0 0 0 0 0 0 0 0 0 0 0 0 0 0 0 0 0 0 0 0 0 0 0 0 0 0 0 0 0 0 0 0 0 0 0 0 0 0 0 0 0 0 0 0 0 0 0 0 0 0 0 0 0 0 0 0 0 0 0 0 0 0 0 0 0 0 0 0 0 0 0 0 0 0 0 0 0 0 0 0 0 0 0 0 0 0 0 0 0 0 0 0 0 0 0 0
0 0 0 1.01 0 0 0 0 0 0 0 0 0 0 0 0 0 0 0 0 0 0 0 0 0 0 0 0 0 0 0 0 0 0 0 0 0 0 0 0 0 0 0 0 0 0 0 0 0 0 0 0 0 0 0 0 0 0 0 0 0 0 0 0 0 0 0 0 0 0 0 0 0 0 0 0 0 0 0 0 0 0 0 0 0 0 0 0 0 0 0 0 0 0 0 0 0 0 0 0 0 0 0 0 0 0 0 0 0 0 0 0 0 0 0 0 0 0 0 0 0 0 0 0 0 0 0 0 0 0 0 0 0 0 0 0 0 0 0 0 0 0 0 0 0 0 0 0 0 0 0 0 0
0 -0.07569942 0 0 1.01 -0.07569942 -0.2472316 0.9975883 0.5716684 0.7526466 0.5409724 0 -0.08942938 -0.2462095 0 -0.2472316 0.8623923 0.5862875 0.4135618 -0.2472316 0 0 0.5846202 0.3159576 0 0.1740229 0 0 0 0.5862875 0 -0.07639068 -0.07569942 -0.03060685 -0.07569942 0 0 -0.07391172 -0.07544812 -0.07569942 0 -0.5862875 0 0.8623923 0 0.582681 0.5862875 0.5862875 0 0.5862875 -0.1446498 0 -0.07569942 -0.07569942 0.4111288 0 0 0 0 0.5862875 0 -0.07637521 -0.07569942 0 0 0.5862875 0 -0.1444064 0.1863198 0.5847315 0 -0.8555874 -0.08019906 -0.2465836 -0.09871118 0.3159576 0.4903973 0.4858873 0 0 0.6061217 0 -0.2668184 0.589328 -0.2465836 0.5349247 0 0.5862875 0 0 0.5862875 -0.07569942 0 0.8449404 0.5808976 -0.0766704 0 0 0 -0.09077725 -0.2465836 0.599951 0.599951 -0.2455602 -0.5739877 -0.5739877 0 0 -0.07569942 0.1873386 0.9711587 0.5800624 0 0 0 -0.07734081 0 -0.07569942 0.5863455 0.5669244 0.5663637 0 0.5863455 0 0 0.5669244 0.5863947 0.5669244 -0.07569942 -0.07569942 0 0 0 0 0.4194275 0.5901102 0 0.5955683 0 0 0.5629341 0 0 -0.2402481 0 0.8103526 0 0.2421226 0.414442 0 0.5566606 0 0
0 1 0 0 -0.07569942 1.01 -0.04664573 -0.07533195 0.1311392 -0.08269756 -0.06354501 0 0.678276 -0.04676703 0 -0.04664573 -0.0887872 0.130684 -0.02343928 -0.04664573 0 0 0.1298701 -0.02214511 0 -0.005780834 0 0 0 0.130684 0 0.9966819 1 -0.01235114 1 0 0 0.9950348 0.9966819 1 0 -0.130684 0 -0.0887872 0 0.1312635 0.130684 0.130684 0 0.130684 -0.03579635 0 1 1 -0.02191796 0 0 0 0 0.130684 0 -0.01798511 1 0 0 0.130684 0 -0.0350746 -0.02252739 0.1306114 0 0.08805228 0.8486107 -0.04761121 0.7475955 -0.02214511 0.1416405 0.1406454 0 0 -0.1156962 0 0.270012 0.1314335 -0.04761121 0.1365385 0 0.130684 0 0 0.130684 1 0 -0.085752 0.128812 0.9821337 0 0 0 -0.005482666 -0.04761121 -0.1173944 -0.1173944 -0.04773233 -0.1295821 -0.1295821 0 0 1 -0.04242028 -0.07634849 0.128382 0 0 0 -0.01005019 0 1 -0.1172778 0.1285518 0.1283306 0 -0.1172778 0 0 0.1285518 -0.1172887 0.1285518 1 1 0 0 0 0 -0.02421154 -0.1159644 0 -0.1147703 0 0 0.1297874 0 0 -0.04891825 0 -0.08789038 0 -0.01448617 0.1418011 0 -0.1160696 0 0
0 -0.04664573 0 0 -0.2472316 -0.04664573 1.01 -0.2468427 0.465976 -0.2542392 -0.2025924 0 0.142058 0.9992591 0 1 -0.2838043 0.4677176 -0.09704922 1 0 0 0.4664811 -0.07608921 0 -0.04127184 0 0 0 0.4677176 0 -0.04499043 -0.04664573 -0.04473141 -0.04664573 0 0 -0.04637985 -0.04499043 -0.04664573 0 -0.4677176 0 -0.2838043 0 0.4681232 0.4677176 0.4677176 0 0.4677176 -0.1031346 0 -0.04664573 -0.04664573 -0.0931928 0 0 0 0 0.4677176 0 -0.05030825 -0.04664573 0 0 0.4677176 0 -0.1049705 -0.06334328 0.4656521 0 0.2837679 -0.06558263 0.998888 -0.06543105 -0.07608921 0.4471442 0.461702 0 0 0.4801466 0 0.9296886 0.4555989 0.998888 0.4691945 0 0.4677176 0 0 0.4677176 -0.04664573 0 -0.2794058 0.4651946 -0.04860302 0 0 0 -0.07094231 0.998888 0.4764981 0.4764981 0.9981454 -0.4662819 -0.4662819 0 0 -0.04664573 -0.01983495 -0.2462942 0.4612194 0 0 0 -0.04626787 0 -0.04664573 0.4753059 0.4631784 0.4626704 0 0.4753059 0 0 0.4631784 0.4751628 0.4631784 -0.04664573 -0.04664573 0 0 0 0 -0.0944899 0.4615137 0 0.4433385 0 0 0.4628532 0 0 0.9816026 0 -0.2714722 0 -0.07081358 0.5220725 0 0.4828999 0 0
0 -0.07533195 0 0 0.9975883 -0.07533195 -0.2468427 1.01 0.5741491 0.7549366 0.5426481 0 -0.0889255 -0.2458166 0 -0.2468427 0.8649806 0.5890285 0.413836 -0.2468427 0 0 0.5873697 0.316631 0 0.173515 0 0 0 0.5890285 0 -0.07602275 -0.07533195 -0.03036012 -0.07533195 0 0 -0.07353811 -0.07507837 -0.07533195 0 -0.5890285 0 0.8649806 0 0.5854064 0.5890285 0.5890285 0 0.5890285 -0.1439721 0 -0.07533195 -0.07533195 0.4114049 0 0 0 0 0.5890285 0 -0.07603683 -0.07533195 0 0 0.5890285 0 -0.1437145 0.1863167 0.5874802 0 -0.8581828 -0.07974505 -0.2461959 -0.09820783 0.316631 0.4928199 0.4883278 0 0 0.6087768 0 -0.2662911 0.5920559 -0.2461959 0.5374058 0 0.5890285 0 0 0.5890285 -0.07533195 0 0.8475385 0.5836536 -0.07629497 0 0 0 -0.09027669 -0.2461959 0.602624 0.602624 -0.2451685 -0.5767205 -0.5767205 0 0 -0.07533195 0.188293 0.9735561 0.5828253 0 0 0 -0.07697398 0 -0.07533195 0.5889907 0.5696561 0.5690981 0 0.5889907 0 0 0.5696561 0.5890402 0.5696561 -0.07533195 -0.07533195 0 0 0 0 0.4197807 0.5927396 0 0.5981743 0 0 0.5656684 0 0 -0.2398264 0 0.813063 0 0.2423516 0.4171396 0 0.5594327 0 0
0 0.1311392 0 0 0.5716684 0.1311392 0.465976 0.5741491 1.01 0.5868435 0.421649 0 0.1742916 0.4661869 0 0.465976 0.6429517 0.9634314 0.2143263 0.465976 0 0 0.9602315 0.1974032 0 0.1048777 0 0 0 0.9634314 0 0.1308256 0.1311392 -0.06738345 0.1311392 0 0 0.1314827 0.1316395 0.1311392 0 -0.9634314 0 0.6429517 0 0.9612247 0.9634314 0.9634314 0 0.9634314 0.2302169 0 0.1311392 0.1311392 0.2153135 0 0 0 0 0.9634314 0 -0.1151639 0.1311392 0 0 0.9634314 0 0.2135829 0.0919375 0.9564379 0 -0.6367304 0.07713346 0.4655971 0.03172376 0.1974032 0.8743908 0.8802927 0 0 0.9327996 0 0.4720103 0.9571926 0.4655971 0.9218486 0 0.9634314 0 0 0.9634314 0.1311392 0 0.629232 0.9567805 0.1238355 0 0 0 -0.1469781 0.4655971 0.9248393 0.9248393 0.4658078 -0.9520109 -0.9520109 0 0 0.1311392 0.1705477 0.5515978 0.9528756 0 0 0 -0.111528 0 0.1311392 0.9118328 0.942767 0.9416742 0 0.9118328 0 0 0.942767 0.9117373 0.942767 0.1311392 0.1311392 0 0 0 0 0.2202823 0.9060108 0 0.8987793 0 0 0.9388319 0 0 0.4572797 0 0.6098594 0 0.151397 0.8351004 0 0.8929291 0 0
0 -0.08269756 0 0 0.7526466 -0.08269756 -0.2542392 0.7549366 0.5868435 1.01 0.741319 0 -0.09713023 -0.2532403 0 -0.2542392 0.8869233 0.6017902 0.2474292 -0.2542392 0 0 0.5997778 0.2006482 0 0.165956 0 0 0 0.6017902 0 -0.08339251 -0.08269756 -0.03157616 -0.08269756 0 0 -0.08186603 -0.08245472 -0.08269756 0 -0.6017902 0 0.8869233 0 0.5982892 0.6017902 0.6017902 0 0.6017902 0.3830746 0 -0.08269756 -0.08269756 0.2453297 0 0 0 0 0.6017902 0 -0.07532269 -0.08269756 0 0 0.6017902 0 0.365745 0.1724207 0.5959448 0 -0.8810921 -0.08439292 -0.2535736 -0.1064967 0.2006482 0.543031 0.5391641 0 0 0.6231494 0 -0.2752646 0.6040056 -0.2535736 0.5559027 0 0.6017902 0 0 0.6017902 -0.08269756 0 0.8694237 0.5977657 -0.08462852 0 0 0 -0.09111095 -0.2535736 0.6187634 0.6187634 -0.2528874 -0.5910073 -0.5910073 0 0 -0.08269756 0.1745652 0.731677 0.5971012 0 0 0 -0.07007242 0 -0.08269756 0.6052217 0.5840549 0.5832326 0 0.6052217 0 0 0.5840549 0.6052644 0.5840549 -0.08269756 -0.08269756 0 0 0 0 0.2592131 0.6092229 0 0.6146959 0 0 0.579793 0 0 -0.2477732 0 0.8375311 0 0.1761623 0.4195761 0 0.5757262 0 0
0 -0.06354501 0 0 0.5409724 -0.06354501 -0.2025924 0.5426481 0.421649 0.741319 1.01 0 -0.07654037 -0.2015638 0 -0.2025924 0.6850582 0.4603118 0.1616956 -0.2025924 0 0 0.4584187 0.05473741 0 0.2176784 0 0 0 0.4603118 0 -0.06408073 -0.06354501 -0.03439342 -0.06354501 0 0 -0.063254 -0.06298543 -0.06354501 0 -0.4603118 0 0.6850582 0 0.4562088 0.4603118 0.4603118 0 0.4603118 0.3207898 0 -0.06354501 -0.06354501 0.1601438 0 0 0 0 0.4603118 0 -0.05595157 -0.06354501 0 0 0.4603118 0 0.3013793 0.2664076 0.453278 0 -0.6793169 -0.06458729 -0.2020876 -0.07935317 0.05473741 0.4324925 0.4286306 0 0 0.476628 0 -0.2185797 0.4625518 -0.2020876 0.3992344 0 0.4603118 0 0 0.4603118 -0.06354501 0 0.6696264 0.4567183 -0.06537925 0 0 0 -0.0728212 -0.2020876 0.4732171 0.4732171 -0.2010577 -0.4484493 -0.4484493 0 0 -0.06354501 0.06620374 0.5519677 0.4562171 0 0 0 -0.04442039 0 -0.06354501 0.4720463 0.4557718 0.4552304 0 0.4720463 0 0 0.4557718 0.4721705 0.4557718 -0.06354501 -0.06354501 0 0 0 0 0.1497635 0.4751936 0 0.4794673 0 0 0.4542761 0 0 -0.2023391 0 0.6925272 0 0.02604616 0.3698255 0 0.4779335 0 0
0 0 0 0 0 0 0 0 0 0 0 1.01 0 0 0 0 0 0 0 0 0 0 0 0 0 0 0 0 0 0 0 0 0 0 0 0 0 0 0 0 0 0 0 0 0 0 0 0 0 0 0 0 0 0 0 0 0 0 0 0 0 0 0 0 0 0 0 0 0 0 0 0 0 0 0 0 0 0 0 0 0 0 0 0 0 0 0 0 0 0 0 0 0 0 0 0 0 0 0 0 0 0 0 0 0 0 0 0 0 0 0 0 0 0 0 0 0 0 0 0 0 0 0 0 0 0 0 0 0 0 0 0 0 0 0 0 0 0 0 0 0 0 0 0 0 0 0 0 0 0 0 0 0
0 0.678276 0 0 -0.08942938 0.678276 0.142058 -0.0889255 0.1742916 -0.09713023 -0.07654037 0 1.01 0.1418436 0 0.142058 -0.1078883 0.1733638 -0.03855595 0.142058 0 0 0.172291 -0.0211848 0 -0.004048255 0 0 0 0.1733638 0 0.6809564 0.678276 -0.01940639 0.678276 0 0 0.6747167 0.6758976 0.678276 0 -0.1733638 0 -0.1078883 0 0.1735026 0.1733638 0.1733638 0 0.1733638 -0.04721096 0 0.678276 0.678276 -0.03753144 0 0 0 0 0.1733638 0 -0.01883827 0.678276 0 0 0.1733638 0 -0.04727955 -0.02285165 0.1728107 0 0.1079516 0.5694629 0.1416387 0.5061271 -0.0211848 0.1928169 0.1910398 0 0 0.006417452 0 0.3473724 0.1743492 0.1416387 0.1821144 0 0.1733638 0 0 0.1733638 0.678276 0 -0.1069317 0.1727667 0.6654642 0 0 0 -0.01224051 0.1416387 0.005740357 0.005740357 0.141424 -0.1737836 -0.1737836 0 0 0.678276 -0.06264673 -0.08939605 0.1722012 0 0 0 -0.01680713 0 0.678276 0.005802116 0.1724225 0.1721311 0 0.005802116 0 0 0.1724225 0.005768916 0.1724225 0.678276 0.678276 0 0 0 0 -0.03634726 0.006514405 0 0.007798612 0 0 0.1737647 0 0 0.1395091 0 -0.1054444 0 -0.02825096 0.1944018 0 0.007976757 0 0
0 -0.04676703 0 0 -0.2462095 -0.04676703 0.9992591 -0.2458166 0.4661869 -0.2532403 -0.2015638 0 0.1418436 1.01 0 0.9992591 -0.2832375 0.4676583 -0.09728616 0.9992591 0 0 0.4664188 -0.07626152 0 -0.04136353 0 0 0 0.4676583 0 -0.04511264 -0.04676703 -0.0447991 -0.04676703 0 0 -0.04650193 -0.04511264 -0.04676703 0 -0.4676583 0 -0.2832375 0 0.4680663 0.4676583 0.4676583 0 0.4676583 -0.1033562 0 -0.04676703 -0.04676703 -0.09343161 0 0 0 0 0.4676583 0 -0.05042132 -0.04676703 0 0 0.4676583 0 -0.1051952 -0.06346853 0.46559 0 0.2832091 -0.06572367 0.9981478 -0.06559429 -0.07626152 0.4471902 0.4617365 0 0 0.4801172 0 0.9289324 0.455547 0.9981478 0.4691779 0 0.4676583 0 0 0.4676583 -0.04676703 0 -0.2788564 0.4651286 -0.04872636 0 0 0 -0.07022071 0.9981478 0.476461 0.476461 0.9974049 -0.4662186 -0.4662186 0 0 -0.04676703 -0.02018813 -0.2455968 0.4611524 0 0 0 -0.04638993 0 -0.04676703 0.4752693 0.463112 0.4626032 0 0.4752693 0 0 0.463112 0.4751261 0.463112 -0.04676703 -0.04676703 0 0 0 0 -0.09473436 0.4614875 0 0.4433256 0 0 0.4627847 0 0 0.9808629 0 -0.2708939 0 -0.07094951 0.5221104 0 0.482875 0 0
0 0 0 0 0 0 0 0 0 0 0 0 0 0 1.01 0 0 0 0 0 0 0 0 0 0 0 0 0 0 0 0 0 0 0 0 0 0 0 0 0 0 0 0 0 0 0 0 0 0 0 0 0 0 0 0 0 0 0 0 0 0 0 0 0 0 0 0 0 0 0 0 0 0 0 0 0 0 0 0 0 0 0 0 0 0 0 0 0 0 0 0 0 0 0 0 0 0 0 0 0 0 0 0 0 0 0 0 0 0 0 0 0 0 0 0 0 0 0 0 0 0 0 0 0 0 0 0 0 0 0 0 0 0 0 0 0 0 0 0 0 0 0 0 0 0 0 0 0 0 0 0 0 0
0 -0.04664573 0 0 -0.2472316 -0.04664573 1 -0.2468427 0.465976 -0.2542392 -0.2025924 0 0.142058 0.9992591 0 1.01 -0.2838043 0.4677176 -0.09704922 1 0 0 0.4664811 -0.07608921 0 -0.04127184 0 0 0 0.4677176 0 -0.04499043 -0.04664573 -0.04473141 -0.04664573 0 0 -0.04637985 -0.04499043 -0.04664573 0 -0.4677176 0 -0.2838043 0 0.4681232 0.4677176 0.4677176 0 0.4677176 -0.1031346 0 -0.04664573 -0.04664573 -0.0931928 0 0 0 0 0.4677176 0 -0.05030825 -0.04664573 0 0 0.4677176 0 -0.1049705 -0.06334328 0.4656521 0 0.2837679 -0.06558263 0.998888 -0.06543105 -0.07608921 0.4471442 0.461702 0 0 0.4801466 0 0.9296886 0.4555989 0.998888 0.4691945 0 0.4677176 0 0 0.4677176 -0.04664573 0 -0.2794058 0.4651946 -0.04860302 0 0 0 -0.07094231 0.998888 0.4764981 0.4764981 0.9981454 -0.4662819 -0.4662819 0 0 -0.04664573 -0.01983495 -0.2462942 0.4612194 0 0 0 -0.04626787 0 -0.04664573 0.4753059 0.4631784 0.4626704 0 0.4753059 0 0 0.4631784 0.4751628 0.4631784 -0.04664573 -0.04664573 0 0 0 0 -0.0944899 0.4615137 0 0.4433385 0 0 0.4628532 0 0 0.9816026 0 -0.2714722 0 -0.07081358 0.5220725 0 0.4828999 0 0
0 -0.0887872 0 0 0.8623923 -0.0887872 -0.2838043 0.8649806 0.6429517 0.8869233 0.6850582 0 -0.1078883 -0.2832375 0 -0.2838043 1.01 0.6817142 0.3620102 -0.2838043 0 0 0.6796258 0.283043 0 0.1484615 0 0 0 0.6817142 0 -0.08956886 -0.0887872 -0.03132161 -0.0887872 0 0 -0.08727405 -0.08867274 -0.0887872 0 -0.6817142 0 1 0 0.6788002 0.6817142 0.6817142 0 0.6817142 0.3449958 0 -0.0887872 -0.0887872 0.3594812 0 0 0 0 0.6817142 0 -0.08074677 -0.0887872 0 0 0.6817142 0 0.3280253 0.2064472 0.6756777 0 -0.9927974 -0.09483033 -0.2830665 -0.1150356 0.283043 0.5983351 0.5935432 0 0 0.7047417 0 -0.3059902 0.6843695 -0.2830665 0.6335074 0 0.6817142 0 0 0.6817142 -0.0887872 0 0.9815114 0.6769086 -0.0903877 0 0 0 -0.1029686 -0.2830665 0.6993517 0.6993517 -0.2821988 -0.6705865 -0.6705865 0 0 -0.0887872 0.2152032 0.8684597 0.6759587 0 0 0 -0.08120602 0 -0.0887872 0.6866076 0.6638303 0.6631018 0 0.6866076 0 0 0.6638303 0.6866174 0.6638303 -0.0887872 -0.0887872 0 0 0 0 0.3656428 0.6912426 0 0.6975942 0 0 0.6594684 0 0 -0.277264 0 0.9545826 0 0.226102 0.4890233 0 0.6600047 0 0
0 0.130684 0 0 0.5862875 0.130684 0.4677176 0.5890285 0.9634314 0.6017902 0.4603118 0 0.1733638 0.4676583 0 0.4677176 0.6817142 1.01 0.2531318 0.4677176 0 0 0.9969797 0.1968197 0 0.1036669 0 0 0 1 0 0.1303755 0.130684 -0.06466862 0.130684 0 0 0.1310395 0.1311938 0.130684 0 -1 0 0.6817142 0 0.9977814 1 1 0 1 0.2300603 0 0.130684 0.130684 0.2540446 0 0 0 0 1 0 -0.1153044 0.130684 0 0 1 0 0.2133863 0.1361955 0.992945 0 -0.6753453 0.07391205 0.4673326 0.03070434 0.1968197 0.9113721 0.9175002 0 0 0.9695455 0 0.4735055 0.9936613 0.4673326 0.9585133 0 1 0 0 1 0.130684 0 0.6688268 0.9932882 0.1233787 0 0 0 -0.1477527 0.4673326 0.9615118 0.9615118 0.4675467 -0.9885077 -0.9885077 0 0 0.130684 0.1714175 0.5923601 0.9893798 0 0 0 -0.110787 0 0.130684 0.9490234 0.9797935 0.9786987 0 0.9490234 0 0 0.9797935 0.948924 0.9797935 0.130684 0.130684 0 0 0 0 0.2581484 0.9433956 0 0.9360697 0 0 0.9758746 0 0 0.4595465 0 0.6495689 0 0.1506067 0.8669199 0 0.9306361 0 0
0 -0.02343928 0 0 0.4135618 -0.02343928 -0.09704922 0.413836 0.2143263 0.2474292 0.1616956 0 -0.03855595 -0.09728616 0 -0.09704922 0.3620102 0.2531318 1.01 -0.09704922 0 0 0.2524184 -0.03563181 0 -0.02682169 0 0 0 0.2531318 0 -0.02375939 -0.02343928 -0.001940365 -0.02343928 0 0 -0.02213105 -0.02375939 -0.02343928 0 -0.2531318 0 0.3620102 0 0.2538274 0.2531318 0.2531318 0 0.2531318 -0.06445418 0 -0.02343928 -0.02343928 0.9971079 0 0 0 0 0.2531318 0 -0.02953427 -0.02343928 0 0 0.2531318 0 -0.06277733 -0.03385025 0.253149 0 -0.3597764 -0.03041184 -0.09676553 -0.03827004 -0.03563181 0.1978928 0.1961821 0 0 0.2594145 0 -0.1021633 0.2537279 -0.09676553 0.2629626 0 0.2531318 0 0 0.2531318 -0.02343928 0 0.3585859 0.2499006 -0.02341292 0 0 0 -0.03977335 -0.09676553 0.2559997 0.2559997 -0.09700269 -0.2505278 -0.2505278 0 0 -0.02343928 0.0832328 0.4091834 0.2499379 0 0 0 -0.03413004 0 -0.02343928 0.2555084 0.249391 0.2493975 0 0.2555084 0 0 0.249391 0.2554299 0.249391 -0.02343928 -0.02343928 0 0 0 0 0.9619514 0.2574664 0 0.2606163 0 0 0.2485942 0 0 -0.09693086 0 0.3647724 0 0.2292671 0.2049282 0 0.2589059 0 0
0 -0.04664573 0 0 -0.2472316 -0.04664573 1 -0.2468427 0.465976 -0.2542392 -0.2025924 0 0.142058 0.9992591 0 1 -0.2838043 0.4677176 -0.09704922 1.01 0 0 0.4664811 -0.07608921 0 -0.04127184 0 0 0 0.4677176 0 -0.04499043 -0.04664573 -0.04473141 -0.04664573 0 0 -0.04637985 -0.04499043 -0.04664573 0 -0.4677176 0 -0.2838043 0 0.4681232 0.4677176 0.4677176 0 0.4677176 -0.1031346 0 -0.04664573 -0.04664573 -0.0931928 0 0 0 0 0.4677176 0 -0.05030825 -0.04664573 0 0 0.4677176 0 -0.1049705 -0.06334328 0.4656521 0 0.2837679 -0.06558263 0.998888 -0.06543105 -0.07608921 0.4471442 0.461702 0 0 0.4801466 0 0.9296886 0.4555989 0.998888 0.4691945 0 0.4677176 0 0 0.4677176 -0.04664573 0 -0.2794058 0.4651946 -0.04860302 0 0 0 -0.07094231 0.998888 0.4764981 0.4764981 0.9981454 -0.4662819 -0.4662819 0 0 -0.04664573 -0.01983495 -0.2462942 0.4612194 0 0 0 -0.04626787 0 -0.04664573 0.4753059 0.4631784 0.4626704 0 0.4753059 0 0 0.4631784 0.4751628 0.4631784 -0.04664573 -0.04664573 0 0 0 0 -0.0944899 0.4615137 0 0.4433385 0 0 0.4628532 0 0 0.9816026 0 -0.2714722 0 -0.07081358 0.5220725 0 0.4828999 0 0
0 0 0 0 0 0 0 0 0 0 0 0 0 0 0 0 0 0 0 0 1.01 0 0 0 0 0 0 0 0 0 0 0 0 0 0 0 0 0 0 0 0 0 0 0 0 0 0 0 0 0 0 0 0 0 0 0 0 0 0 0 0 0 0 0 0 0 0 0 0 0 0 0 0 0 0 0 0 0 0 0 0 0 0 0 0 0 0 0 0 0 0 0 0 0 0 0 0 0 0 0 0 0 0 0 0 0 0 0 0 0 0 0 0 0 0 0 0 0 0 0 0 0 0 0 0 0 0 0 0 0 0 0 0 0 0 0 0 0 0 0 0 0 0 0 0 0 0 0 0 0 0 0 0
0 0 0 0 0 0 0 0 0 0 0 0 0 0 0 0 0 0 0 0 0 1.01 0 0 0 0 0 0 0 0 0 0 0 0 0 0 0 0 0 0 0 0 0 0 0 0 0 0 0 0 0 0 0 0 0 0 0 0 0 0 0 0 0 0 0 0 0 0 0 0 0 0 0 0 0 0 0 0 0 0 0 0 0 0 0 0 0 0 0 0 0 0 0 0 0 0 0 0 0 0 0 0 0 0 0 0 0 0 0 0 0 0 0 0 0 0 0 0 0 0 0 0 0 0 0 0 0 0 0 0 0 0 0 0 0 0 0 0 0 0 0 0 0 0 0 0 0 0 0 0 0 0 0
0 0.1298701 0 0 0.5846202 0.1298701 0.4664811 0.5873697 0.9602315 0.5997778 0.4584187 0 0.172291 0.4664188 0 0.4664811 0.6796258 0.9969797 0.2524184 0.4664811 0 0 1.01 0.1968107 0 0.10304 0 0 0 0.9969797 0 0.1295592 0.1298701 -0.06507362 0.1298701 0 0 0.1302216 0.130377 0.1298701 0 -0.9969797 0 0.6796258 0 0.9947749 0.9969797 0.9969797 0 0.9969797 0.2285513 0 0.1298701 0.1298701 0.2533239 0 0 0 0 0.9969797 0 -0.1150724 0.1298701 0 0 0.9969797 0 0.211867 0.1361177 0.9899133 0 -0.6732327 0.0736945 0.4661001 0.02968629 0.1968107 0.9087291 0.9148152 0 0 0.9667211 0 0.4719985 0.9906721 0.4661001 0.9555458 0 0.9969797 0 0 0.9969797 0.1298701 0 0.6666855 0.9902352 0.1225547 0 0 0 -0.1486448 0.4661001 0.9586491 0.9586491 0.4663111 -0.9854718 -0.9854718 0 0 0.1298701 0.1703521 0.5908813 0.9863168 0 0 0 -0.1114695 0 0.1298701 0.952023 0.9825889 0.9814893 0 0.952023 0 0 0.9825889 0.9519226 0.9825889 0.1298701 0.1298701 0 0 0 0 0.2573703 0.9462377 0 0.9389606 0 0 0.9786625 0 0 0.4664507 0 0.6471005 0 0.1496647 0.8702665 0 0.9335255 0 0
0 -0.02214511 0 0 0.3159576 -0.02214511 -0.07608921 0.316631 0.1974032 0.2006482 0.05473741 0 -0.0211848 -0.07626152 0 -0.07608921 0.283043 0.1968197 -0.03563181 -0.07608921 0 0 0.1968107 1.01 0 -0.008614193 0 0 0 0.1968197 0 -0.02236423 -0.02214511 -0.01788213 -0.02214511 0 0 -0.02011114 -0.02236423 -0.02214511 0 -0.1968197 0 0.283043 0 0.1970723 0.1968197 0.1968197 0 0.1968197 -0.03466014 0 -0.02214511 -0.02214511 -0.03601756 0 0 0 0 0.1968197 0 -0.0185428 -0.02214511 0 0 0.1968197 0 -0.0352133 -0.02578321 0.196108 0 -0.2818349 -0.01908079 -0.07588699 -0.02839382 1 0.1899132 0.1884817 0 0 0.2026694 0 -0.08335246 0.1978853 -0.07588699 0.203582 0 0.1968197 0 0 0.1968197 -0.02214511 0 0.2794292 0.1952758 -0.0233367 0 0 0 -0.02535014 -0.07588699 0.2006624 0.2006624 -0.07605946 -0.1952252 -0.1952252 0 0 -0.02214511 0.1810516 0.3127202 0.1946595 0 0 0 -0.01721997 0 -0.02214511 0.2017864 0.1960624 0.1957439 0 0.2017864 0 0 0.1960624 0.2017271 0.1960624 -0.02214511 -0.02214511 0 0 0 0 -0.03547826 0.2036306 0 0.2056675 0 0 0.1954903 0 0 -0.07536245 0 0.1881921 0 -0.01703622 0.123155 0 0.1147398 0 0
0 0 0 0 0 0 0 0 0 0 0 0 0 0 0 0 0 0 0 0 0 0 0 0 1.01 0 0 0 0 0 0 0 0 0 0 0 0 0 0 0 0 0 0 0 0 0 0 0 0 0 0 0 0 0 0 0 0 0 0 0 0 0 0 0 0 0 0 0 0 0 0 0 0 0 0 0 0 0 0 0 0 0 0 0 0 0 0 0 0 0 0 0 0 0 0 0 0 0 0 0 0 0 0 0 0 0 0 0 0 0 0 0 0 0 0 0 0 0 0 0 0 0 0 0 0 0 0 0 0 0 0 0 0 0 0 0 0 0 0 0 0 0 0 0 0 0 0 0 0 0 0 0 0
0 -0.005780834 0 0 0.1740229 -0.005780834 -0.04127184 0.173515 0.1048777 0.165956 0.2176784 0 -0.004048255 -0.04136353 0 -0.04127184 0.1484615 0.1036669 -0.02682169 -0.04127184 0 0 0.10304 -0.008614193 0 1.01 0 0 0 0.1036669 0 -0.005916462 -0.005780834 -0.006451669 -0.005780834 0 0 -0.005983983 -0.005916462 -0.005780834 0 -0.1036669 0 0.1484615 0 0.1041128 0.1036669 0.1036669 0 0.1036669 -0.03106128 0 -0.005780834 -0.005780834 -0.02700973 0 0 0 0 0.1036669 0 -0.01272463 -0.005780834 0 0 0.1036669 0 -0.03425651 0.4424908 0.101907 0 -0.1468073 -0.01259662 -0.04116482 -0.01166679 -0.008614193 0.03848337 0.03716199 0 0 0.1052972 0 -0.04359897 0.1042371 -0.04116482 0.02968203 0 0.1036669 0 0 0.1036669 -0.005780834 0 0.145196 0.1032939 -0.006517329 0 0 0 -0.02019762 -0.04116482 0.1046812 0.1046812 -0.04125659 -0.1038888 -0.1038888 0 0 -0.005780834 0.09410415 0.1710523 0.102965 0 0 0 -0.01447206 0 -0.005780834 0.1046593 0.103092 0.1029221 0 0.1046593 0 0 0.103092 0.104628 0.103092 -0.005780834 -0.005780834 0 0 0 0 -0.02851724 0.1048774 0 0.1062779 0 0 0.1038562 0 0 -0.04214042 0 0.1515012 0 0.2559764 -0.0586888 0 0.1061336 0 0
0 0 0 0 0 0 0 0 0 0 0 0 0 0 0 0 0 0 0 0 0 0 0 0 0 0 1.01 0 0 0 0 0 0 0 0 0 0 0 0 0 0 0 0 0 0 0 0 0 0 0 0 0 0 0 0 0 0 0 0 0 0 0 0 0 0 0 0 0 0 0 0 0 0 0 0 0 0 0 0 0 0 0 0 0 0 0 0 0 0 0 0 0 0 0 0 0 0 0 0 0 0 0 0 0 0 0 0 0 0 0 0 0 0 0 0 0 0 0 0 0 0 0 0 0 0 0 0 0 0 0 0 0 0 0 0 0 0 0 0 0 0 0 0 0 0 0 0 0 0 0 0 0 0
0 0 0 0 0 0 0 0 0 0 0 0 0 0 0 0 0 0 0 0 0 0 0 0 0 0 0 1.01 0 0 0 0 0 0 0 0 0 0 0 0 0 0 0 0 0 0 0 0 0 0 0 0 0 0 0 0 0 0 0 0 0 0 0 0 0 0 0 0 0 0 0 0 0 0 0 0 0 0 0 0 0 0 0 0 0 0 0 0 0 0 0 0 0 0 0 0 0 0 0 0 0 0 0 0 0 0 0 0 0 0 0 0 0 0 0 0 0 0 0 0 0 0 0 0 0 0 0 0 0 0 0 0 0 0 0 0 0 0 0 0 0 0 0 0 0 0 0 0 0 0 0 0 0
0 0 0 0 0 0 0 0 0 0 0 0 0 0 0 0 0 0 0 0 0 0 0 0 0 0 0 0 1.01 0 0 0 0 0 0 0 0 0 0 0 0 0 0 0 0 0 0 0 0 0 0 0 0 0 0 0 0 0 0 0 0 0 0 0 0 0 0 0 0 0 0 0 0 0 0 0 0 0 0 0 0 0 0 0 0 0 0 0 0 0 0 0 0 0 0 0 0 0 0 0 0 0 0 0 0 0 0 0 0 0 0 0 0 0 0 0 0 0 0 0 0 0 0 0 0 0 0 0 0 0 0 0 0 0 0 0 0 0 0 0 0 0 0 0 0 0 0 0 0 0 0 0 0
0 0.130684 0 0 0.5862875 0.130684 0.4677176 0.5890285 0.9634314 0.6017902 0.4603118 0 0.1733638 0.4676583 0 0.4677176 0.6817142 1 0.2531318 0.4677176 0 0 0.9969797 0.1968197 0 0.1036669 0 0 0 1.01 0 0.1303755 0.130684 -0.06466862 0.130684 0 0 0.1310395 0.1311938 0.130684 0 -1 0 0.6817142 0 0.9977814 1 1 0 1 0.2300603 0 0.130684 0.130684 0.2540446 0 0 0 0 1 0 -0.1153044 0.130684 0 0 1 0 0.2133863 0.1361955 0.992945 0 -0.6753453 0.07391205 0.4673326 0.03070434 0.1968197 0.9113721 0.9175002 0 0 0.9695455 0 0.4735055 0.9936613 0.4673326 0.9585133 0 1 0 0 1 0.130684 0 0.6688268 0.9932882 0.1233787 0 0 0 -0.1477527 0.4673326 0.9615118 0.9615118 0.4675467 -0.9885077 -0.9885077 0 0 0.130684 0.1714175 0.5923601 0.9893798 0 0 0 -0.110787 0 0.130684 0.9490234 0.9797935 0.9786987 0 0.9490234 0 0 0.9797935 0.948924 0.9797935 0.130684 0.130684 0 0 0 0 0.2581484 0.9433956 0 0.9360697 0 0 0.9758746 0 0 0.4595465 0 0.6495689 0 0.1506067 0.8669199 0 0.9306361 0 0
0 0 0 0 0 0 0 0 0 0 0 0 0 0 0 0 0 0 0 0 0 0 0 0 0 0 0 0 0 0 1.01 0 0 0 0 0 0 0 0 0 0 0 0 0 0 0 0 0 0 0 0 0 0 0 0 0 0 0 0 0 0 0 0 0 0 0 0 0 0 0 0 0 0 0 0 0 0 0 0 0 0 0 0 0 0 0 0 0 0 0 0 0 0 0 0 0 0 0 0 0 0 0 0 0 0 0 0 0 0 0 0 0 0 0 0 0 0 0 0 0 0 0 0 0 0 0 0 0 0 0 0 0 0 0 0 0 0 0 0 0 0 0 0 0 0 0 0 0 0 0 0 0 0
0 0.9966819 0 0 -0.07639068 0.9966819 -0.04499043 -0.07602275 0.1308256 -0.08339251 -0.06408073 0 0.6809564 -0.04511264 0 -0.04499043 -0.08956886 0.1303755 -0.02375939 -0.04499043 0 0 0.1295592 -0.02236423 0 -0.005916462 0 0 0 0.1303755 0 1.01 0.9966819 -0.01243179 0.9966819 0 0 0.9917311 0.9933735 0.9966819 0 -0.1303755 0 -0.08956886 0 0.1309568 0.1303755 0.1303755 0 0.1303755 -0.03605755 0 0.9966819 0.9966819 -0.02224408 0 0 0 0 0.1303755 0 -0.01811828 0.9966819 0 0 0.1303755 0 -0.03534335 -0.02266983 0.1302981 0 0.0888414 0.8457276 -0.04594983 0.7449942 -0.02236423 0.141447 0.1404436 0 0 -0.1151867 0 0.2705237 0.1311289 -0.04594983 0.1362762 0 0.1303755 0 0 0.1303755 0.9966819 0 -0.08655528 0.1284982 0.9788675 0 0 0 -0.0031013 -0.04594983 -0.1168927 -0.1168927 -0.04607187 -0.1292704 -0.1292704 0 0 0.9966819 -0.04282406 -0.07704733 0.1280665 0 0 0 -0.01021992 0 0.9966819 -0.1167763 0.1282375 0.1280156 0 -0.1167763 0 0 0.1282375 -0.1167873 0.1282375 0.9966819 0.9966819 0 0 0 0 -0.02453948 -0.1154569 0 -0.1142539 0 0 0.1294659 0 0 -0.04727264 0 -0.08866649 0 -0.01467265 0.1416252 0 -0.1155513 0 0
0 1 0 0 -0.07569942 1 -0.04664573 -0.07533195 0.1311392 -0.08269756 -0.06354501 0 0.678276 -0.04676703 0 -0.04664573 -0.0887872 0.130684 -0.02343928 -0.04664573 0 0 0.1298701 -0.02214511 0 -0.005780834 0 0 0 0.130684 0 0.9966819 1.01 -0.01235114 1 0 0 0.9950348 0.9966819 1 0 -0.130684 0 -0.0887872 0 0.1312635 0.130684 0.130684 0 0.130684 -0.03579635 0 1 1 -0.02191796 0 0 0 0 0.130684 0 -0.01798511 1 0 0 0.130684 0 -0.0350746 -0.02252739 0.1306114 0 0.08805228 0.8486107 -0.04761121 0.7475955 -0.02214511 0.1416405 0.1406454 0 0 -0.1156962 0 0.270012 0.1314335 -0.04761121 0.1365385 0 0.130684 0 0 0.130684 1 0 -0.085752 0.128812 0.9821337 0 0 0 -0.005482666 -0.04761121 -0.1173944 -0.1173944 -0.04773233 -0.1295821 -0.1295821 0 0 1 -0.04242028 -0.07634849 0.128382 0 0 0 -0.01005019 0 1 -0.1172778 0.1285518 0.1283306 0 -0.1172778 0 0 0.1285518 -0.1172887 0.1285518 1 1 0 0 0 0 -0.02421154 -0.1159644 0 -0.1147703 0 0 0.1297874 0 0 -0.04891825 0 -0.08789038 0 -0.01448617 0.1418011 0 -0.1160696 0 0
0 -0.01235114 0 0 -0.03060685 -0.01235114 -0.04473141 -0.03036012 -0.06738345 -0.03157616 -0.03439342 0 -0.01940639 -0.0447991 0 -0.04473141 -0.03132161 -0.06466862 -0.001940365 -0.04473141 0 0 -0.06507362 -0.01788213 0 -0.006451669 0 0 0 -0.06466862 0 -0.01243179 -0.01235114 1.01 -0.01235114 0 0 -0.01247198 -0.01243179 -0.01235114 0 0.06466862 0 -0.03132161 0 -0.06436253 -0.06466862 -0.06466862 0 -0.06466862 -0.008322488 0 -0.01235114 -0.01235114 -0.002128738 0 0 0 0 -0.06466862 0 0.0008867555 -0.01235114 0 0 -0.06466862 0 -0.0091824 -0.01372122 -0.06503425 0 0.03203436 -0.01650163 -0.04466301 -0.01156661 -0.01788213 -0.05879523 -0.05972273 0 0 -0.06172333 0 -0.04843192 -0.06399056 -0.04466301 -0.06182672 0 -0.06466862 0 0 -0.06466862 -0.01235114 0 -0.03134186 -0.06554423 -0.01279027 0 0 0 -0.001384482 -0.04466301 -0.06274887 -0.06274887 -0.04473075 0.06520002 0.06520002 0 0 -0.01235114 -0.008658705 -0.02999196 -0.06584317 0 0 0 -0.01807788 0 -0.01235114 -0.06407064 -0.06701479 -0.0671473 0 -0.06407064 0 0 -0.06701479 -0.0640778 -0.06701479 -0.01235114 -0.01235114 0 0 0 0 -0.0008120555 -0.06466911 0 -0.06347252 0 0 -0.06599658 0 0 -0.0453417 0 -0.03161517 0 -0.00597987 -0.06548381 0 -0.06236175 0 0
0 1 0 0 -0.07569942 1 -0.04664573 -0.07533195 0.1311392 -0.08269756 -0.06354501 0 0.678276 -0.04676703 0 -0.04664573 -0.0887872 0.130684 -0.02343928 -0.04664573 0 0 0.1298701 -0.02214511 0 -0.005780834 0 0 0 0.130684 0 0.9966819 1 -0.01235114 1.01 0 0 0.9950348 0.9966819 1 0 -0.130684 0 -0.0887872 0 0.1312635 0.130684 0.130684 0 0.130684 -0.03579635 0 1 1 -0.02191796 0 0 0 0 0.130684 0 -0.01798511 1 0 0 0.130684 0 -0.0350746 -0.02252739 0.1306114 0 0.08805228 0.8486107 -0.04761121 0.7475955 -0.02214511 0.1416405 0.1406454 0 0 -0.1156962 0 0.270012 0.1314335 -0.04761121 0.1365385 0 0.130684 0 0 0.130684 1 0 -0.085752 0.128812 0.9821337 0 0 0 -0.005482666 -0.04761121 -0.1173944 -0.1173944 -0.04773233 -0.1295821 -0.1295821 0 0 1 -0.04242028 -0.07634849 0.128382 0 0 0 -0.01005019 0 1 -0.1172778 0.1285518 0.1283306 0 -0.1172778 0 0 0.1285518 -0.1172887 0.1285518 1 1 0 0 0 0 -0.02421154 -0.1159644 0 -0.1147703 0 0 0.1297874 0 0 -0.04891825 0 -0.08789038 0 -0.01448617 0.1418011 0 -0.1160696 0 0
0 0 0 0 0 0 0 0 0 0 0 0 0 0 0 0 0 0 0 0 0 0 0 0 0 0 0 0 0 0 0 0 0 0 0 1.01 0 0 0 0 0 0 0 0 0 0 0 0 0 0 0 0 0 0 0 0 0 0 0 0 0 0 0 0 0 0 0 0 0 0 0 0 0 0 0 0 0 0 0 0 0 0 0 0 0 0 0 0 0 0 0 0 0 0 0 0 0 0 0 0 0 0 0 0 0 0 0 0 0 0 0 0 0 0 0 0 0 0 0 0 0 0 0 0 0 0 0 0 0 0 0 0 0 0 0 0 0 0 0 0 0 0 0 0 0 0 0 0 0 0 0 0 0
0 0 0 0 0 0 0 0 0 0 0 0 0 0 0 0 0 0 0 0 0 0 0 0 0 0 0 0 0 0 0 0 0 0 0 0 1.01 0 0 0 0 0 0 0 0 0 0 0 0 0 0 0 0 0 0 0 0 0 0 0 0 0 0 0 0 0 0 0 0 0 0 0 0 0 0 0 0 0 0 0 0 0 0 0 0 0 0 0 0 0 0 0 0 0 0 0 0 0 0 0 0 0 0 0 0 0 0 0 0 0 0 0 0 0 0 0 0 0 0 0 0 0 0 0 0 0 0 0 0 0 0 0 0 0 0 0 0 0 0 0 0 0 0 0 0 0 0 0 0 0 0 0 0
0 0.9950348 0 0 -0.07391172 0.9950348 -0.04637985 -0.07353811 0.1314827 -0.08186603 -0.063254 0 0.6747167 -0.04650193 0 -0.04637985 -0.08727405 0.1310395 -0.02213105 -0.04637985 0 0 0.1302216 -0.02011114 0 -0.005983983 0 0 0 0.1310395 0 0.9917311 0.9950348 -0.01247198 0.9950348 0 0 1.01 0.9917311 0.9950348 0 -0.1310395 0 -0.08727405 0 0.131622 0.1310395 0.1310395 0 0.1310395 -0.03618768 0 0.9950348 0.9950348 -0.02062274 0 0 0 0 0.1310395 0 -0.01116028 0.9950348 0 0 0.1310395 0 -0.03547724 -0.02274082 0.1309588 0 0.08656074 0.8442962 -0.04733878 0.7437026 -0.02011114 0.1421743 0.1411659 0 0 -0.1141152 0 0.2686714 0.1317935 -0.04733878 0.1369649 0 0.1310395 0 0 0.1310395 0.9950348 0 -0.08428959 0.1291583 0.9772461 0 0 0 -0.005851394 -0.04733878 -0.1158267 -0.1158267 -0.04746068 -0.1299322 -0.1299322 0 0 0.9950348 -0.04165635 -0.07457841 0.1287259 0 0 0 -0.01030443 0 0.9950348 -0.1157108 0.1288969 0.1286746 0 -0.1157108 0 0 0.1288969 -0.115722 0.1288969 0.9950348 0.9950348 0 0 0 0 -0.02296355 -0.1143872 0 -0.1131804 0 0 0.1301224 0 0 -0.04865589 0 -0.08724997 0 -0.01476552 0.1415382 0 -0.1152938 0 0
0 0.9966819 0 0 -0.07544812 0.9966819 -0.04499043 -0.07507837 0.1316395 -0.08245472 -0.06298543 0 0.6758976 -0.04511264 0 -0.04499043 -0.08867274 0.1311938 -0.02375939 -0.04499043 0 0 0.130377 -0.02236423 0 -0.005916462 0 0 0 0.1311938 0 0.9933735 0.9966819 -0.01243179 0.9966819 0 0 0.9917311 1.01 0.9966819 0 -0.1311938 0 -0.08867274 0 0.1317753 0.1311938 0.1311938 0 0.1311938 -0.03605755 0 0.9966819 0.9966819 -0.02224408 0 0 0 0 0.1311938 0 -0.01811828 0.9966819 0 0 0.1311938 0 -0.03534335 -0.02266983 0.1311154 0 0.08794876 0.8457276 -0.04594983 0.7449942 -0.02236423 0.1422713 0.141267 0 0 -0.114367 0 0.2705237 0.1319459 -0.04594983 0.1370962 0 0.1311938 0 0 0.1311938 0.9966819 0 -0.0856653 0.1293151 0.9788675 0 0 0 -0.005728852 -0.04594983 -0.1160746 -0.1160746 -0.04607187 -0.130088 -0.130088 0 0 0.9966819 -0.04282406 -0.07610686 0.1288837 0 0 0 -0.01021992 0 0.9966819 -0.115141 0.1298705 0.1296486 0 -0.115141 0 0 0.1298705 -0.1151522 0.1298705 0.9966819 0.9966819 0 0 0 0 -0.02453948 -0.1138192 0 -0.1126175 0 0 0.1311003 0 0 -0.04727264 0 -0.08686056 0 -0.01467265 0.1432723 0 -0.113913 0 0
0 1 0 0 -0.07569942 1 -0.04664573 -0.07533195 0.1311392 -0.08269756 -0.06354501 0 0.678276 -0.04676703 0 -0.04664573 -0.0887872 0.130684 -0.02343928 -0.04664573 0 0 0.1298701 -0.02214511 0 -0.005780834 0 0 0 0.130684 0 0.9966819 1 -0.01235114 1 0 0 0.9950348 0.9966819 1.01 0 -0.130684 0 -0.0887872 0 0.1312635 0.130684 0.130684 0 0.130684 -0.03579635 0 1 1 -0.02191796 0 0 0 0 0.130684 0 -0.01798511 1 0 0 0.130684 0 -0.0350746 -0.02252739 0.1306114 0 0.08805228 0.8486107 -0.04761121 0.7475955 -0.02214511 0.1416405 0.1406454 0 0 -0.1156962 0 0.270012 0.1314335 -0.04761121 0.1365385 0 0.130684 0 0 0.130684 1 0 -0.085752 0.128812 0.9821337 0 0 0 -0.005482666 -0.04761121 -0.1173944 -0.1173944 -0.04773233 -0.1295821 -0.1295821 0 0 1 -0.04242028 -0.07634849 0.128382 0 0 0 -0.01005019 0 1 -0.1172778 0.1285518 0.1283306 0 -0.1172778 0 0 0.1285518 -0.1172887 0.1285518 1 1 0 0 0 0 -0.02421154 -0.1159644 0 -0.1147703 0 0 0.1297874 0 0 -0.04891825 0 -0.08789038 0 -0.01448617 0.1418011 0 -0.1160696 0 0
0 0 0 0 0 0 0 0 0 0 0 0 0 0 0 0 0 0 0 0 0 0 0 0 0 0 0 0 0 0 0 0 0 0 0 0 0 0 0 0 1.01 0 0 0 0 0 0 0 0 0 0 0 0 0 0 0 0 0 0 0 0 0 0 0 0 0 0 0 0 0 0 0 0 0 0 0 0 0 0 0 0 0 0 0 0 0 0 0 0 0 0 0 0 0 0 0 0 0 0 0 0 0 0 0 0 0 0 0 0 0 0 0 0 0 0 0 0 0 0 0 0 0 0 0 0 0 0 0 0 0 0 0 0 0 0 0 0 0 0 0 0 0 0 0 0 0 0 0 0 0 0 0 0
0 -0.130684 0 0 -0.5862875 -0.130684 -0.4677176 -0.5890285 -0.9634314 -0.6017902 -0.4603118 0 -0.1733638 -0.4676583 0 -0.4677176 -0.6817142 -1 -0.2531318 -0.4677176 0 0 -0.9969797 -0.1968197 0 -0.1036669 0 0 0 -1 0 -0.1303755 -0.130684 0.06466862 -0.130684 0 0 -0.1310395 -0.1311938 -0.130684 0 1.01 0 -0.6817142 0 -0.9977814 -1 -1 0 -1 -0.2300603 0 -0.130684 -0.130684 -0.2540446 0 0 0 0 -1 0 0.1153044 -0.130684 0 0 -1 0 -0.2133863 -0.1361955 -0.992945 0 0.6753453 -0.07391205 -0.4673326 -0.03070434 -0.1968197 -0.9113721 -0.9175002 0 0 -0.9695455 0 -0.4735055 -0.9936613 -0.4673326 -0.9585133 0 -1 0 0 -1 -0.130684 0 -0.6688268 -0.9932882 -0.1233787 0 0 0 0.1477527 -0.4673326 -0.9615118 -0.9615118 -0.4675467 0.9885077 0.9885077 0 0 -0.130684 -0.1714175 -0.5923601 -0.9893798 0 0 0 0.110787 0 -0.130684 -0.9490234 -0.9797935 -0.9786987 0 -0.9490234 0 0 -0.9797935 -0.948924 -0.9797935 -0.130684 -0.130684 0 0 0 0 -0.2581484 -0.9433956 0 -0.9360697 0 0 -0.9758746 0 0 -0.4595465 0 -0.6495689 0 -0.1506067 -0.8669199 0 -0.9306361 0 0
0 0 0 0 0 0 0 0 0 0 0 0 0 0 0 0 0 0 0 0 0 0 0 0 0 0 0 0 0 0 0 0 0 0 0 0 0 0 0 0 0 0 1.01 0 0 0 0 0 0 0 0 0 0 0 0 0 0 0 0 0 0 0 0 0 0 0 0 0 0 0 0 0 0 0 0 0 0 0 0 0 0 0 0 0 0 0 0 0 0 0 0 0 0 0 0 0 0 0 0 0 0 0 0 0 0 0 0 0 0 0 0 0 0 0 0 0 0 0 0 0 0 0 0 0 0 0 0 0 0 0 0 0 0 0 0 0 0 0 0 0 0 0 0 0 0 0 0 0 0 0 0 0 0
0 -0.0887872 0 0 0.8623923 -0.0887872 -0.2838043 0.8649806 0.6429517 0.8869233 0.6850582 0 -0.1078883 -0.2832375 0 -0.2838043 1 0.6817142 0.3620102 -0.2838043 0 0 0.6796258 0.283043 0 0.1484615 0 0 0 0.6817142 0 -0.08956886 -0.0887872 -0.03132161 -0.0887872 0 0 -0.08727405 -0.08867274 -0.0887872 0 -0.6817142 0 1.01 0 0.6788002 0.6817142 0.6817142 0 0.6817142 0.3449958 0 -0.0887872 -0.0887872 0.3594812 0 0 0 0 0.6817142 0 -0.08074677 -0.0887872 0 0 0.6817142 0 0.3280253 0.2064472 0.6756777 0 -0.9927974 -0.09483033 -0.2830665 -0.1150356 0.283043 0.5983351 0.5935432 0 0 0.7047417 0 -0.3059902 0.6843695 -0.2830665 0.6335074 0 0.6817142 0 0 0.6817142 -0.0887872 0 0.9815114 0.6769086 -0.0903877 0 0 0 -0.1029686 -0.2830665 0.6993517 0.6993517 -0.2821988 -0.6705865 -0.6705865 0 0 -0.0887872 0.2152032 0.8684597 0.6759587 0 0 0 -0.08120602 0 -0.0887872 0.6866076 0.6638303 0.6631018 0 0.6866076 0 0 0.6638303 0.6866174 0.6638303 -0.0887872 -0.0887872 0 0 0 0 0.3656428 0.6912426 0 0.6975942 0 0 0.6594684 0 0 -0.277264 0 0.9545826 0 0.226102 0.4890233 0 0.6600047 0 0
0 0 0 0 0 0 0 0 0 0 0 0 0 0 0 0 0 0 0 0 0 0 0 0 0 0 0 0 0 0 0 0 0 0 0 0 0 0 0 0 0 0 0 0 1.01 0 0 0 0 0 0 0 0 0 0 0 0 0 0 0 0 0 0 0 0 0 0 0 0 0 0 0 0 0 0 0 0 0 0 0 0 0 0 0 0 0 0 0 0 0 0 0 0 0 0 0 0 0 0 0 0 0 0 0 0 0 0 0 0 0 0 0 0 0 0 0 0 0 0 0 0 0 0 0 0 0 0 0 0 0 0 0 0 0 0 0 0 0 0 0 0 0 0 0 0 0 0 0 0 0 0 0 0
0 0.1312635 0 0 0.582681 0.1312635 0.4681232 0.5854064 0.9612247 0.5982892 0.4562088 0 0.1735026 0.4680663 0 0.4681232 0.6788002 0.9977814 0.2538274 0.4681232 0 0 0.9947749 0.1970723 0 0.1041128 0 0 0 0.9977814 0 0.1309568 0.1312635 -0.06436253 0.1312635 0 0 0.131622 0.1317753 0.1312635 0 -0.9977814 0 0.6788002 0 1.01 0.9977814 0.9977814 0 0.9977814 0.2311364 0 0.1312635 0.1312635 0.2547447 0 0 0 0 0.9977814 0 -0.1156908 0.1312635 0 0 0.9977814 0 0.2144723 0.1368107 0.9907407 0 -0.6724669 0.07457685 0.4677348 0.030829 0.1970723 0.9091149 0.915074 0 0 0.9671795 0 0.4741296 0.9914277 0.4677348 0.9563062 0 0.9977814 0 0 0.9977814 0.1312635 0 0.6659833 0.9911017 0.1239666 0 0 0 -0.1477268 0.4677348 0.9591835 0.9591835 0.4679514 -0.9863059 -0.9863059 0 0 0.1312635 0.1722437 0.5887954 0.9871999 0 0 0 -0.1111044 0 0.1312635 0.9466923 0.977608 0.9765169 0 0.9466923 0 0 0.977608 0.9465936 0.977608 0.1312635 0.1312635 0 0 0 0 0.2588851 0.9410325 0 0.9336719 0 0 0.9736952 0 0 0.4599737 0 0.6465778 0 0.1505567 0.8641962 0 0.92824 0 0
0 0.130684 0 0 0.5862875 0.130684 0.4677176 0.5890285 0.9634314 0.6017902 0.4603118 0 0.1733638 0.4676583 0 0.4677176 0.6817142 1 0.2531318 0.4677176 0 0 0.9969797 0.1968197 0 0.1036669 0 0 0 1 0 0.1303755 0.130684 -0.06466862 0.130684 0 0 0.1310395 0.1311938 0.130684 0 -1 0 0.6817142 0 0.9977814 1.01 1 0 1 0.2300603 0 0.130684 0.130684 0.2540446 0 0 0 0 1 0 -0.1153044 0.130684 0 0 1 0 0.2133863 0.1361955 0.992945 0 -0.6753453 0.07391205 0.4673326 0.03070434 0.1968197 0.9113721 0.9175002 0 0 0.9695455 0 0.4735055 0.9936613 0.4673326 0.9585133 0 1 0 0 1 0.130684 0 0.6688268 0.9932882 0.1233787 0 0 0 -0.1477527 0.4673326 0.9615118 0.9615118 0.4675467 -0.9885077 -0.9885077 0 0 0.130684 0.1714175 0.5923601 0.9893798 0 0 0 -0.110787 0 0.130684 0.9490234 0.9797935 0.9786987 0 0.9490234 0 0 0.9797935 0.948924 0.9797935 0.130684 0.130684 0 0 0 0 0.2581484 0.9433956 0 0.9360697 0 0 0.9758746 0 0 0.4595465 0 0.6495689 0 0.1506067 0.8669199 0 0.9306361 0 0
0 0.130684 0 0 0.5862875 0.130684 0.4677176 0.5890285 0.9634314 0.6017902 0.4603118 0 0.1733638 0.4676583 0 0.4677176 0.6817142 1 0.2531318 0.4677176 0 0 0.9969797 0.1968197 0 0.1036669 0 0 0 1 0 0.1303755 0.130684 -0.06466862 0.130684 0 0 0.1310395 0.1311938 0.130684 0 -1 0 0.6817142 0 0.9977814 1 1.01 0 1 0.2300603 0 0.130684 0.130684 0.2540446 0 0 0 0 1 0 -0.1153044 0.130684 0 0 1 0 0.2133863 0.1361955 0.992945 0 -0.6753453 0.07391205 0.4673326 0.03070434 0.1968197 0.9113721 0.9175002 0 0 0.9695455 0 0.4735055 0.9936613 0.4673326 0.9585133 0 1 0 0 1 0.130684 0 0.6688268 0.9932882 0.1233787 0 0 0 -0.1477527 0.4673326 0.9615118 0.9615118 0.4675467 -0.9885077 -0.9885077 0 0 0.130684 0.1714175 0.5923601 0.9893798 0 0 0 -0.110787 0 0.130684 0.9490234 0.9797935 0.9786987 0 0.9490234 0 0 0.9797935 0.948924 0.9797935 0.130684 0.130684 0 0 0 0 0.2581484 0.9433956 0 0.9360697 0 0 0.9758746 0 0 0.4595465 0 0.6495689 0 0.1506067 0.8669199 0 0.9306361 0 0
0 0 0 0 0 0 0 0 0 0 0 0 0 0 0 0 0 0 0 0 0 0 0 0 0 0 0 0 0 0 0 0 0 0 0 0 0 0 0 0 0 0 0 0 0 0 0 0 1.01 0 0 0 0 0 0 0 0 0 0 0 0 0 0 0 0 0 0 0 0 0 0 0 0 0 0 0 0 0 0 0 0 0 0 0 0 0 0 0 0 0 0 0 0 0 0 0 0 0 0 0 0 0 0 0 0 0 0 0 0 0 0 0 0 0 0 0 0 0 0 0 0 0 0 0 0 0 0 0 0 0 0 0 0 0 0 0 0 0 0 0 0 0 0 0 0 0 0 0 0 0 0 0 0
0 0.130684 0 0 0.5862875 0.130684 0.4677176 0.5890285 0.9634314 0.6017902 0.4603118 0 0.1733638 0.4676583 0 0.4677176 0.6817142 1 0.2531318 0.4677176 0 0 0.9969797 0.1968197 0 0.1036669 0 0 0 1 0 0.1303755 0.130684 -0.06466862 0.130684 0 0 0.1310395 0.1311938 0.130684 0 -1 0 0.6817142 0 0.9977814 1 1 0 1.01 0.2300603 0 0.130684 0.130684 0.2540446 0 0 0 0 1 0 -0.1153044 0.130684 0 0 1 0 0.2133863 0.1361955 0.992945 0 -0.6753453 0.07391205 0.4673326 0.03070434 0.1968197 0.9113721 0.9175002 0 0 0.9695455 0 0.4735055 0.9936613 0.4673326 0.9585133 0 1 0 0 1 0.130684 0 0.6688268 0.9932882 0.1233787 0 0 0 -0.1477527 0.4673326 0.9615118 0.9615118 0.4675467 -0.9885077 -0.9885077 0 0 0.130684 0.1714175 0.5923601 0.9893798 0 0 0 -0.110787 0 0.130684 0.9490234 0.9797935 0.9786987 0 0.9490234 0 0 0.9797935 0.948924 0.9797935 0.130684 0.130684 0 0 0 0 0.2581484 0.9433956 0 0.9360697 0 0 0.9758746 0 0 0.4595465 0 0.6495689 0 0.1506067 0.8669199 0 0.9306361 0 0
