1.01 0.5916207 0.1471044 0.1461508 -0.01584008 0 0.1471044 -0.05232631 -0.05212761 0 0 0.1472347 0 0 -0.05220102 0.1472658 0.8732019 0.1472658 0 0.1454257 0.1391737 0.1454257 0 0.1454257 -0.005503331 -0.01090487 0 0.1451666 -0.01584008 0 0 0 0 0 -0.05483327 0 -0.05486408 0 0.1439755 0.9970892 0 0 0 0.9970892 -0.01507392 -0.01507392 -0.009866488 0.9970892 0 0 -0.05418637 0 0.1492601 0.9970892 0 0 0 0.1144526 -0.04922422 -0.004643822 0.9336358 0 0 -0.0553113 -0.05557084 -0.0552811 -0.0553113 0 0 0 0 0 0.6799588 -0.05528957 -0.009622317 0.1216405 0 0.8000884 0 0 0.1215062 0.1154966 0 0 0 0 -0.05403378 0.9336358 0 -0.01187768 0.1235993 0 0 0.1224553 0 0 0.1229338 -0.0544236 0.1229338 0.9305599 -0.05443219 -0.01187768 0 0 -0.01395253 -0.01609391 0 0 0 -0.0537434 -0.01270646 -0.01609391 0 0 0 0 0 0 -0.03712384 0 -0.01293762 0.9336358 0 -0.01066964 -0.05358722 0 0.1256013 -0.0187889 -0.02003182 0.1160125 -0.05357426 0 0 0 -0.02883907 0 0 0 0.02819847 0.03154692 0.0306332 -0.01665215 -0.03521965 -0.01066964 -0.02166319 0.05797572 -0.01849833 0 0 -0.05282397 -0.003742392 0 0.05560919 0 0 0
0.5916207 1.01 0.2426452 0.2423078 -0.02618833 0 0.2426452 -0.09460406 -0.09497745 0 0 0.2428639 0 0 -0.09439343 0.2429172 0.5144765 0.2429172 0 0.2411892 0.2308427 0.2411892 0 0.2411892 -0.02098206 -0.02646113 0 0.2425045 -0.02618833 0 0 0 0 0 0.09353473 0 0.09345185 0 0.2126692 0.5897878 0 0 0 0.5897878 -0.02230405 -0.02230405 -0.02194309 0.5897878 0 0 -0.0899322 0 0.04305825 0.5897878 0 0 0 0.05991478 -0.07212294 -0.0104646 0.5544917 0 0 -0.07986748 -0.08031955 -0.07981356 -0.07986748 0 0 0 0 0 0.3975946 -0.07983096 -0.02456405 0.02559294 0 0.476136 0 0 0.02532448 0.07488437 0 0 0 0 -0.07975534 0.5544917 0 0.2286787 0.02610743 0 0 0.02466427 0 0 0.02530539 -0.0804391 0.02530539 0.5525475 -0.08045627 0.2286787 0 0 -0.02293851 0.1489844 0 0 0 -0.07998145 -0.02079121 0.1489844 0 0 0 0 0 0 -0.0576572 0 -0.02074067 0.5544917 0 -0.02314821 -0.08040327 0 0.02643886 -0.02547296 -0.03099437 0.07443357 -0.08038383 0 0 0 -0.03290331 0 0 0 -0.03363121 0.07082102 0.04587015 -0.02505897 -0.0601201 -0.02314821 0.007241915 0.04988007 -0.02481847 0 0 -0.02689191 -0.01010024 0 0.05026655 0 0 0
0.1471044 0.2426452 1.01 0.9989622 -0.08704368 0 1 0.9428089 0.9413822 0 0 0.9995385 0 0 0.9413401 0.9986153 0.1685124 0.9986153 0 0.9904993 0.9535753 0.9904993 0 0.9904993 -0.08437492 -0.07667228 0 0.975985 -0.08704368 0 0 0 0 0 0.918787 0 0.9183468 0 0.9187504 0.1471195 0 0 0 0.1471195 -0.07899541 -0.07899541 -0.06700436 0.1471195 0 0 0.8449739 0 0.8715528 0.1471195 0 0 0 0.7134775 0.6811677 -0.05689131 0.1396779 0 0 0.7328377 0.7309535 0.7332735 0.7328377 0 0 0 0 0 0.1226052 0.7329677 -0.04799691 0.7532528 0 0.1033698 0 0 0.7522459 0.7343875 0 0 0 0 0.7412973 0.1396779 0 0.008782685 0.7616031 0 0 0.7576213 0 0 0.7595761 0.7394267 0.7595761 0.1396886 0.7388821 0.008782685 0 0 0.01952173 -0.03053767 0 0 0 0.742737 0.005937231 -0.03053767 0 0 0 0 0 0 0.6824428 0 0.02828207 0.1396779 0 -0.05240818 0.7391414 0 0.7719096 0.05344213 0.004725042 0.7308524 0.7377817 0 0 0 -0.1516818 0 0 0 0.7599971 0.5448083 -0.1153592 0.1928885 0.4581144 -0.05240818 -0.06663545 0.6789084 0.05042369 0 0 0.6513044 -0.04124129 0 0.664081 0 0 0
0.1461508 0.2423078 0.9989622 1.01 -0.08680817 0 0.9989622 0.9418599 0.94043 0 0 0.9984994 0 0 0.9403889 0.9975757 0.1677314 0.9975757 0 0.9894764 0.9526301 0.9894764 0 0.9894764 -0.08415024 -0.07647122 0 0.9749271 -0.08680817 0 0 0 0 0 0.9179928 0 0.917553 0 0.9177281 0.1461697 0 0 0 0.1461697 -0.07876398 -0.07876398 -0.06680884 0.1461697 0 0 0.8460764 0 0.872487 0.1461697 0 0 0 0.7145239 0.6822862 -0.05672842 0.1386398 0 0 0.7340202 0.732138 0.7344559 0.7340202 0 0 0 0 0 0.121961 0.73415 -0.04780007 0.7542295 0 0.1025281 0 0 0.7532243 0.7354346 0 0 0 0 0.7424701 0.1386398 0 0.009007805 0.7625693 0 0 0.7585929 0 0 0.7605451 0.7406024 0.7605451 0.138655 0.7400576 0.009007805 0 0 0.01976392 -0.03023177 0 0 0 0.7439066 0.006167904 -0.03023177 0 0 0 0 0 0 0.6833756 0 0.02857507 0.1386398 0 -0.05220472 0.7403094 0 0.7728545 0.05364779 0.005089381 0.7318928 0.7389492 0 0 0 -0.1517821 0 0 0 0.7609226 0.5454995 -0.1147285 0.1932642 0.4589869 -0.05220472 -0.06612652 0.6801902 0.05062575 0 0 0.6524126 -0.04093136 0 0.6652939 0 0 0
-0.01584008 -0.02618833 -0.08704368 -0.08680817 1.01 0 -0.08704368 -0.08032431 -0.08004917 0 0 -0.0869613 0 0 -0.08100976 -0.08690004 -0.01307587 -0.08690004 0 -0.08779927 0.1848443 -0.08779927 0 -0.08779927 -0.0102345 0.8541343 0 -0.086406 1 0 0 0 0 0 0.1908232 0 0.1907361 0 0.1913729 -0.01173751 0 0 0 -0.01173751 0.9630269 0.9630269 0.8074964 -0.01173751 0 0 -0.06155812 0 -0.06185786 -0.01173751 0 0 0 0.09784191 -0.04037505 -0.01040663 -0.009353481 0 0 -0.04691322 -0.04730254 -0.04771756 -0.04691322 0 0 0 0 0 -0.008531714 -0.04688351 0.5854225 -0.04832078 0 -0.01480973 0 0 -0.04855819 0.0949315 0 0 0 0 -0.04670279 -0.009353481 0 -0.02321913 -0.04728447 0 0 -0.0482902 0 0 -0.04782445 -0.04644896 -0.04782445 -0.009473037 -0.0464675 -0.02321913 0 0 0.03895485 0.4231215 0 0 0 -0.04547594 0.04324829 0.4231215 0 0 0 0 0 0 -0.05056735 0 -0.02554176 -0.009353481 0 0.6250324 -0.04520719 0 -0.04640795 -0.006881741 -0.02968485 0.09567782 -0.0443401 0 0 0 -0.01812998 0 0 0 -0.04300836 -0.05019128 0.1720026 -0.0204668 -0.03897889 0.6250324 -0.04352934 -0.01992641 0.04990998 0 0 -0.02003584 -0.02355877 0 -0.01455698 0 0 0
0 0 0 0 0 1.01 0 0 0 0 0 0 0 0 0 0 0 0 0 0 0 0 0 0 0 0 0 0 0 0 0 0 0 0 0 0 0 0 0 0 0 0 0 0 0 0 0 0 0 0 0 0 0 0 0 0 0 0 0 0 0 0 0 0 0 0 0 0 0 0 0 0 0 0 0 0 0 0 0 0 0 0 0 0 0 0 0 0 0 0 0 0 0 0 0 0 0 0 0 0 0 0 0 0 0 0 0 0 0 0 0 0 0 0 0 0 0 0 0 0 0 0 0 0 0 0 0 0 0 0 0 0 0 0 0 0 0 0 0 0 0 0 0 0 0 0 0 0 0 0 0 0 0 0 0 0
0.1471044 0.2426452 1 0.9989622 -0.08704368 0 1.01 0.9428089 0.9413822 0 0 0.9995385 0 0 0.9413401 0.9986153 0.1685124 0.9986153 0 0.9904993 0.9535753 0.9904993 0 0.9904993 -0.08437492 -0.07667228 0 0.975985 -0.08704368 0 0 0 0 0 0.918787 0 0.9183468 0 0.9187504 0.1471195 0 0 0 0.1471195 -0.07899541 -0.07899541 -0.06700436 0.1471195 0 0 0.8449739 0 0.8715528 0.1471195 0 0 0 0.7134775 0.6811677 -0.05689131 0.1396779 0 0 0.7328377 0.7309535 0.7332735 0.7328377 0 0 0 0 0 0.1226052 0.7329677 -0.04799691 0.7532528 0 0.1033698 0 0 0.7522459 0.7343875 0 0 0 0 0.7412973 0.1396779 0 0.008782685 0.7616031 0 0 0.7576213 0 0 0.7595761 0.7394267 0.7595761 0.1396886 0.7388821 0.008782685 0 0 0.01952173 -0.03053767 0 0 0 0.742737 0.005937231 -0.03053767 0 0 0 0 0 0 0.6824428 0 0.02828207 0.1396779 0 -0.05240818 0.7391414 0 0.7719096 0.05344213 0.004725042 0.7308524 0.7377817 0 0 0 -0.1516818 0 0 0 0.7599971 0.5448083 -0.1153592 0.1928885 0.4581144 -0.05240818 -0.06663545 0.6789084 0.05042369 0 0 0.6513044 -0.04124129 0 0.664081 0 0 0
-0.05232631 -0.09460406 0.9428089 0.9418599 -0.08032431 0 0.9428089 1.01 0.9986642 0 0 0.9422602 0 0 0.9984204 0.9412945 -0.003850904 0.9412945 0 0.9335598 0.8992241 0.9335598 0 0.9335598 -0.07937457 -0.06958764 0 0.9182134 -0.08032431 0 0 0 0 0 0.9107043 0 0.910281 0 0.8697318 -0.05168096 0 0 0 -0.05168096 -0.07339998 -0.07339998 -0.061219 -0.05168096 0 0 0.8979982 0 0.8795772 -0.05168096 0 0 0 0.7115711 0.7237839 -0.05478519 -0.04718966 0 0 0.7794677 0.7776896 0.7798964 0.7794677 0 0 0 0 0 -0.01079911 0.7795886 -0.04081332 0.7641809 0 -0.05752512 0 0 0.7632399 0.7278851 0 0 0 0 0.7881103 -0.04718966 0 -0.06956188 0.7725731 0 0 0.7689829 0 0 0.7707686 0.7864257 0.7707686 -0.04651065 0.7858727 -0.06956188 0 0 0.02791458 -0.08252862 0 0 0 0.7896655 0.01323659 -0.08252862 0 0 0 0 0 0 0.7201219 0 0.03614911 -0.04718966 0 -0.04582657 0.7861206 0 0.7830355 0.06359394 0.01549849 0.7244123 0.7847187 0 0 0 -0.1443476 0 0 0 0.7914513 0.5347384 -0.1341407 0.2065491 0.4907664 -0.04582657 -0.07086846 0.6795449 0.06027159 0 0 0.6775972 -0.03885062 0 0.6641965 0 0 0
-0.05212761 -0.09497745 0.9413822 0.94043 -0.08004917 0 0.9413822 0.9986642 1.01 0 0 0.9417796 0 0 0.9980543 0.940813 -0.003593759 0.940813 0 0.9330955 0.8988408 0.9330955 0 0.9330955 -0.07911317 -0.0693527 0 0.9193665 -0.08004917 0 0 0 0 0 0.9102433 0 0.9098204 0 0.8692516 -0.05148125 0 0 0 -0.05148125 -0.07312833 -0.07312833 -0.06098903 -0.05148125 0 0 0.8974712 0 0.8794038 -0.05148125 0 0 0 0.7115423 0.7234803 -0.05582682 -0.04700221 0 0 0.7792979 0.7775233 0.7797262 0.7792979 0 0 0 0 0 -0.01051287 0.7794186 -0.04057578 0.7640483 0 -0.05731016 0 0 0.7631088 0.7278549 0 0 0 0 0.7879228 -0.04700221 0 -0.06931738 0.7724234 0 0 0.7688433 0 0 0.7706247 0.7862448 0.7706247 -0.04632215 0.7856919 -0.06931738 0 0 0.02822809 -0.08217994 0 0 0 0.7894765 0.01353138 -0.08217994 0 0 0 0 0 0 0.7194464 0 0.03652849 -0.04700221 0 -0.04558224 0.7859257 0 0.7828547 0.0638718 0.01596244 0.7243732 0.7845231 0 0 0 -0.1438808 0 0 0 0.7912472 0.5358147 -0.1333905 0.2025373 0.4897952 -0.04558224 -0.07069779 0.6795294 0.06054395 0 0 0.6775272 -0.03915587 0 0.664296 0 0 0
0 0 0 0 0 0 0 0 0 1.01 0 0 0 0 0 0 0 0 0 0 0 0 0 0 0 0 0 0 0 0 0 0 0 0 0 0 0 0 0 0 0 0 0 0 0 0 0 0 0 0 0 0 0 0 0 0 0 0 0 0 0 0 0 0 0 0 0 0 0 0 0 0 0 0 0 0 0 0 0 0 0 0 0 0 0 0 0 0 0 0 0 0 0 0 0 0 0 0 0 0 0 0 0 0 0 0 0 0 0 0 0 0 0 0 0 0 0 0 0 0 0 0 0 0 0 0 0 0 0 0 0 0 0 0 0 0 0 0 0 0 0 0 0 0 0 0 0 0 0 0 0 0 0 0 0 0
0 0 0 0 0 0 0 0 0 0 1.01 0 0 0 0 0 0 0 0 0 0 0 0 0 0 0 0 0 0 0 0 0 0 0 0 0 0 0 0 0 0 0 0 0 0 0 0 0 0 0 0 0 0 0 0 0 0 0 0 0 0 0 0 0 0 0 0 0 0 0 0 0 0 0 0 0 0 0 0 0 0 0 0 0 0 0 0 0 0 0 0 0 0 0 0 0 0 0 0 0 0 0 0 0 0 0 0 0 0 0 0 0 0 0 0 0 0 0 0 0 0 0 0 0 0 0 0 0 0 0 0 0 0 0 0 0 0 0 0 0 0 0 0 0 0 0 0 0 0 0 0 0 0 0 0 0
0.1472347 0.2428639 0.9995385 0.9984994 -0.0869613 0 0.9995385 0.9422602 0.9417796 0 0 1.01 0 0 0.9417379 0.9990763 0.1686618 0.9990763 0 0.9909637 0.9540559 0.9909637 0 0.9909637 -0.08429668 -0.07660256 0 0.9764335 -0.0869613 0 0 0 0 0 0.9192316 0 0.9187914 0 0.9191953 0.14725 0 0 0 0.14725 -0.07891279 -0.07891279 -0.06693462 0.14725 0 0 0.8453062 0 0.8719293 0.14725 0 0 0 0.7138719 0.6814663 -0.05683349 0.1398007 0 0 0.7331853 0.7313018 0.733621 0.7331853 0 0 0 0 0 0.1227505 0.7333153 -0.04792172 0.7536208 0 0.1034918 0 0 0.7526144 0.7347867 0 0 0 0 0.7416412 0.1398007 0 0.008885005 0.7619676 0 0 0.7579878 0 0 0.7599418 0.739772 0.7599418 0.1398116 0.7392273 0.008885005 0 0 0.01963439 -0.03040952 0 0 0 0.7430803 0.006041289 -0.03040952 0 0 0 0 0 0 0.6826325 0 0.02841956 0.1398007 0 -0.05233117 0.7394824 0 0.7722661 0.05354725 0.004888206 0.7312477 0.7381223 0 0 0 -0.151542 0 0 0 0.7603408 0.5450958 -0.1151084 0.193105 0.4586197 -0.05233117 -0.06642631 0.6792996 0.05052643 0 0 0.651832 -0.04178058 0 0.6646623 0 0 0
0 0 0 0 0 0 0 0 0 0 0 0 1.01 0 0 0 0 0 0 0 0 0 0 0 0 0 0 0 0 0 0 0 0 0 0 0 0 0 0 0 0 0 0 0 0 0 0 0 0 0 0 0 0 0 0 0 0 0 0 0 0 0 0 0 0 0 0 0 0 0 0 0 0 0 0 0 0 0 0 0 0 0 0 0 0 0 0 0 0 0 0 0 0 0 0 0 0 0 0 0 0 0 0 0 0 0 0 0 0 0 0 0 0 0 0 0 0 0 0 0 0 0 0 0 0 0 0 0 0 0 0 0 0 0 0 0 0 0 0 0 0 0 0 0 0 0 0 0 0 0 0 0 0 0 0 0
0 0 0 0 0 0 0 0 0 0 0 0 0 1.01 0 0 0 0 0 0 0 0 0 0 0 0 0 0 0 0 0 0 0 0 0 0 0 0 0 0 0 0 0 0 0 0 0 0 0 0 0 0 0 0 0 0 0 0 0 0 0 0 0 0 0 0 0 0 0 0 0 0 0 0 0 0 0 0 0 0 0 0 0 0 0 0 0 0 0 0 0 0 0 0 0 0 0 0 0 0 0 0 0 0 0 0 0 0 0 0 0 0 0 0 0 0 0 0 0 0 0 0 0 0 0 0 0 0 0 0 0 0 0 0 0 0 0 0 0 0 0 0 0 0 0 0 0 0 0 0 0 0 0 0 0 0
-0.05220102 -0.09439343 0.9413401 0.9403889 -0.08100976 0 0.9413401 0.9984204 0.9980543 0 0 0.9417379 0 0 1.01 0.9426675 -0.004734184 0.9426675 0 0.9349387 0.9003985 0.9349387 0 0.9349387 -0.0801108 -0.07044423 0 0.9195716 -0.08100976 0 0 0 0 0 0.9120827 0 0.9116594 0 0.8708601 -0.05274409 0 0 0 -0.05274409 -0.07411045 -0.07411045 -0.06211192 -0.05274409 0 0 0.8995014 0 0.880873 -0.05274409 0 0 0 0.7129098 0.7252626 -0.05466557 -0.04833763 0 0 0.7810005 0.7792232 0.7814293 0.7810005 0 0 0 0 0 -0.01154137 0.7811213 -0.04066307 0.7654842 0 -0.05847405 0 0 0.7645445 0.7292281 0 0 0 0 0.7896389 -0.04833763 0 -0.06940783 0.7738711 0 0 0.7702835 0 0 0.7720678 0.7879555 0.7720678 -0.0476539 0.7874022 -0.06940783 0 0 0.02811466 -0.08230856 0 0 0 0.7911912 0.01342444 -0.08230856 0 0 0 0 0 0 0.7214821 0 0.03639128 -0.04833763 0 -0.04567211 0.7876452 0 0.7843204 0.06377211 0.01579402 0.7257491 0.7862424 0 0 0 -0.1440537 0 0 0 0.7929693 0.5350333 -0.1332999 0.2068915 0.4912485 -0.04567211 -0.07047671 0.6806495 0.06044619 0 0 0.678808 -0.03997833 0 0.6654788 0 0 0
0.1472658 0.2429172 0.9986153 0.9975757 -0.08690004 0 0.9986153 0.9412945 0.940813 0 0 0.9990763 0 0 0.9426675 1.01 0.1686976 1 0 0.9918883 0.9549847 0.9918883 0 0.9918883 -0.08511587 -0.07655002 0 0.9773581 -0.08690004 0 0 0 0 0 0.9201617 0 0.9197214 0 0.9201248 0.1472813 0 0 0 0.1472813 -0.07885325 -0.07885325 -0.0668843 0.1472813 0 0 0.8462401 0 0.8728602 0.1472813 0 0 0 0.7148174 0.6824179 -0.05679145 0.1398298 0 0 0.7341308 0.7322473 0.7345666 0.7341308 0 0 0 0 0 0.1227949 0.7342607 -0.04787305 0.754564 0 0.103529 0 0 0.7535583 0.735733 0 0 0 0 0.7425869 0.1398298 0 0.008934129 0.7629108 0 0 0.7589305 0 0 0.7608843 0.7407172 0.7608843 0.1398409 0.7401723 0.008934129 0 0 0.0196862 -0.03033841 0 0 0 0.7440242 0.006091939 -0.03033841 0 0 0 0 0 0 0.6835979 0 0.02848177 0.1398298 0 -0.05228058 0.7404276 0 0.7732072 0.05358746 0.004968683 0.7321927 0.7390673 0 0 0 -0.1514371 0 0 0 0.7612821 0.5449702 -0.1145993 0.1931687 0.4584593 -0.05228058 -0.06630637 0.6800185 0.05056616 0 0 0.6523017 -0.04237388 0 0.665376 0 0 0
0.8732019 0.5144765 0.1685124 0.1677314 -0.01307587 0 0.1685124 -0.003850904 -0.003593759 0 0 0.1686618 0 0 -0.004734184 0.1686976 1.01 0.1686976 0 0.1665856 0.1608 0.1665856 0 0.1665856 -0.007221699 -0.01086387 0 0.1662087 -0.01307587 0 0 0 0 0 -0.008537572 0 -0.008581874 0 0.1659361 0.8757507 0 0 0 0.8757507 -0.01205925 -0.01205925 -0.009616306 0.8757507 0 0 -0.004917466 0 0.1717847 0.8757507 0 0 0 0.08309929 -0.05818581 -0.003299219 0.8206804 0 0 -0.06410493 -0.0644025 -0.06407036 -0.06410493 0 0 0 0 0 0.5988278 -0.06407997 -0.01380869 0.09156147 0 0.7019784 0 0 0.09139647 0.08412521 0 0 0 0 -0.06264033 0.8206804 0 -0.01623975 0.09362135 0 0 0.09243873 0 0 0.09294319 -0.06308691 0.09294319 0.817948 -0.06309665 -0.01623975 0 0 -0.0184514 -0.02223969 0 0 0 -0.06230615 -0.01712605 -0.02223969 0 0 0 0 0 0 -0.04877102 0 -0.01560858 0.8206804 0 -0.01492239 -0.06212776 0 0.09601409 0.2300359 -0.02442073 0.08473408 -0.06211274 0 0 0 -0.03431838 0 0 0 0.009932676 0.01638774 0.02094652 -0.01784033 -0.03910438 -0.01492239 -0.02874029 0.03307696 -0.02124331 0 0 -0.06238223 -0.01155474 0 0.03190486 0 0 0
0.1472658 0.2429172 0.9986153 0.9975757 -0.08690004 0 0.9986153 0.9412945 0.940813 0 0 0.9990763 0 0 0.9426675 1 0.1686976 1.01 0 0.9918883 0.9549847 0.9918883 0 0.9918883 -0.08511587 -0.07655002 0 0.9773581 -0.08690004 0 0 0 0 0 0.9201617 0 0.9197214 0 0.9201248 0.1472813 0 0 0 0.1472813 -0.07885325 -0.07885325 -0.0668843 0.1472813 0 0 0.8462401 0 0.8728602 0.1472813 0 0 0 0.7148174 0.6824179 -0.05679145 0.1398298 0 0 0.7341308 0.7322473 0.7345666 0.7341308 0 0 0 0 0 0.1227949 0.7342607 -0.04787305 0.754564 0 0.103529 0 0 0.7535583 0.735733 0 0 0 0 0.7425869 0.1398298 0 0.008934129 0.7629108 0 0 0.7589305 0 0 0.7608843 0.7407172 0.7608843 0.1398409 0.7401723 0.008934129 0 0 0.0196862 -0.03033841 0 0 0 0.7440242 0.006091939 -0.03033841 0 0 0 0 0 0 0.6835979 0 0.02848177 0.1398298 0 -0.05228058 0.7404276 0 0.7732072 0.05358746 0.004968683 0.7321927 0.7390673 0 0 0 -0.1514371 0 0 0 0.7612821 0.5449702 -0.1145993 0.1931687 0.4584593 -0.05228058 -0.06630637 0.6800185 0.05056616 0 0 0.6523017 -0.04237388 0 0.665376 0 0 0
0 0 0 0 0 0 0 0 0 0 0 0 0 0 0 0 0 0 1.01 0 0 0 0 0 0 0 0 0 0 0 0 0 0 0 0 0 0 0 0 0 0 0 0 0 0 0 0 0 0 0 0 0 0 0 0 0 0 0 0 0 0 0 0 0 0 0 0 0 0 0 0 0 0 0 0 0 0 0 0 0 0 0 0 0 0 0 0 0 0 0 0 0 0 0 0 0 0 0 0 0 0 0 0 0 0 0 0 0 0 0 0 0 0 0 0 0 0 0 0 0 0 0 0 0 0 0 0 0 0 0 0 0 0 0 0 0 0 0 0 0 0 0 0 0 0 0 0 0 0 0 0 0 0 0 0 0
0.1454257 0.2411892 0.9904993 0.9894764 -0.08779927 0 0.9904993 0.9335598 0.9330955 0 0 0.9909637 0 0 0.9349387 0.9918883 0.1665856 0.9918883 0 1.01 0.9627434 1 0 1 -0.08413967 -0.07802676 0 0.9857716 -0.08779927 0 0 0 0 0 0.9286094 0 0.9283945 0 0.9285561 0.1454369 0 0 0 0.1454369 -0.07970916 -0.07970916 -0.06833078 0.1454369 0 0 0.8563496 0 0.8824806 0.1454369 0 0 0 0.7240869 0.6935154 -0.05679864 0.1380983 0 0 0.7442488 0.7423357 0.7446891 0.7442488 0 0 0 0 0 0.1206106 0.7443797 -0.04935605 0.7642689 0 0.1016964 0 0 0.7632555 0.7290463 0 0 0 0 0.7361333 0.1380983 0 0.009054959 0.7561804 0 0 0.7523905 0 0 0.7543645 0.734472 0.7543645 0.1381049 0.733928 0.009054959 0 0 0.02131164 -0.03063906 0 0 0 0.7378254 0.0070532 -0.03063906 0 0 0 0 0 0 0.6781669 0 0.02686647 0.1380983 0 -0.05283184 0.7342525 0 0.766639 0.05296741 0.003869224 0.7257914 0.7328971 0 0 0 -0.152389 0 0 0 0.7546548 0.5408196 -0.1176249 0.1912083 0.4540299 -0.05283184 -0.06804615 0.6735449 0.0511041 0 0 0.663075 -0.0447521 0 0.6756338 0 0 0
0.1391737 0.2308427 0.9535753 0.9526301 0.1848443 0 0.9535753 0.8992241 0.8988408 0 0 0.9540559 0 0 0.9003985 0.9549847 0.1608 0.9549847 0 0.9627434 1.01 0.9627434 0 0.9627434 -0.08578864 0.1548882 0 0.9490842 0.1848443 0 0 0 0 0 0.9679472 0 0.9677116 0 0.9680439 0.1402985 0 0 0 0.1402985 0.1827889 0.1827889 0.1517935 0.1402985 0 0 0.8281446 0 0.8538435 0.1402985 0 0 0 0.7409287 0.6732465 -0.05886132 0.1337056 0 0 0.721524 0.719531 0.72174 0.721524 0 0 0 0 0 0.1166757 0.7216613 0.1102282 0.7408933 0 0.09631108 0 0 0.7398291 0.7450315 0 0 0 0 0.7135746 0.1337056 0 0.00263024 0.7331947 0 0 0.7291827 0 0 0.7312566 0.7120045 0.7312566 0.1336796 0.7114627 0.00263024 0 0 0.03160047 0.0846349 0 0 0 0.715577 0.01869893 0.0846349 0 0 0 0 0 0 0.6553371 0 0.01957216 0.1337056 0 0.1175518 0.7121251 0 0.7437509 0.05038831 -0.00424111 0.7420229 0.7110232 0 0 0 -0.1552652 0 0 0 0.7328504 0.5199354 -0.06935339 0.1830859 0.4373544 0.1175518 -0.07894952 0.6590951 0.06396698 0 0 0.6487361 -0.05054681 0 0.6626136 0 0 0
0.1454257 0.2411892 0.9904993 0.9894764 -0.08779927 0 0.9904993 0.9335598 0.9330955 0 0 0.9909637 0 0 0.9349387 0.9918883 0.1665856 0.9918883 0 1 0.9627434 1.01 0 1 -0.08413967 -0.07802676 0 0.9857716 -0.08779927 0 0 0 0 0 0.9286094 0 0.9283945 0 0.9285561 0.1454369 0 0 0 0.1454369 -0.07970916 -0.07970916 -0.06833078 0.1454369 0 0 0.8563496 0 0.8824806 0.1454369 0 0 0 0.7240869 0.6935154 -0.05679864 0.1380983 0 0 0.7442488 0.7423357 0.7446891 0.7442488 0 0 0 0 0 0.1206106 0.7443797 -0.04935605 0.7642689 0 0.1016964 0 0 0.7632555 0.7290463 0 0 0 0 0.7361333 0.1380983 0 0.009054959 0.7561804 0 0 0.7523905 0 0 0.7543645 0.734472 0.7543645 0.1381049 0.733928 0.009054959 0 0 0.02131164 -0.03063906 0 0 0 0.7378254 0.0070532 -0.03063906 0 0 0 0 0 0 0.6781669 0 0.02686647 0.1380983 0 -0.05283184 0.7342525 0 0.766639 0.05296741 0.003869224 0.7257914 0.7328971 0 0 0 -0.152389 0 0 0 0.7546548 0.5408196 -0.1176249 0.1912083 0.4540299 -0.05283184 -0.06804615 0.6735449 0.0511041 0 0 0.663075 -0.0447521 0 0.6756338 0 0 0
0 0 0 0 0 0 0 0 0 0 0 0 0 0 0 0 0 0 0 0 0 0 1.01 0 0 0 0 0 0 0 0 0 0 0 0 0 0 0 0 0 0 0 0 0 0 0 0 0 0 0 0 0 0 0 0 0 0 0 0 0 0 0 0 0 0 0 0 0 0 0 0 0 0 0 0 0 0 0 0 0 0 0 0 0 0 0 0 0 0 0 0 0 0 0 0 0 0 0 0 0 0 0 0 0 0 0 0 0 0 0 0 0 0 0 0 0 0 0 0 0 0 0 0 0 0 0 0 0 0 0 0 0 0 0 0 0 0 0 0 0 0 0 0 0 0 0 0 0 0 0 0 0 0 0 0 0
0.1454257 0.2411892 0.9904993 0.9894764 -0.08779927 0 0.9904993 0.9335598 0.9330955 0 0 0.9909637 0 0 0.9349387 0.9918883 0.1665856 0.9918883 0 1 0.9627434 1 0 1.01 -0.08413967 -0.07802676 0 0.9857716 -0.08779927 0 0 0 0 0 0.9286094 0 0.9283945 0 0.9285561 0.1454369 0 0 0 0.1454369 -0.07970916 -0.07970916 -0.06833078 0.1454369 0 0 0.8563496 0 0.8824806 0.1454369 0 0 0 0.7240869 0.6935154 -0.05679864 0.1380983 0 0 0.7442488 0.7423357 0.7446891 0.7442488 0 0 0 0 0 0.1206106 0.7443797 -0.04935605 0.7642689 0 0.1016964 0 0 0.7632555 0.7290463 0 0 0 0 0.7361333 0.1380983 0 0.009054959 0.7561804 0 0 0.7523905 0 0 0.7543645 0.734472 0.7543645 0.1381049 0.733928 0.009054959 0 0 0.02131164 -0.03063906 0 0 0 0.7378254 0.0070532 -0.03063906 0 0 0 0 0 0 0.6781669 0 0.02686647 0.1380983 0 -0.05283184 0.7342525 0 0.766639 0.05296741 0.003869224 0.7257914 0.7328971 0 0 0 -0.152389 0 0 0 0.7546548 0.5408196 -0.1176249 0.1912083 0.4540299 -0.05283184 -0.06804615 0.6735449 0.0511041 0 0 0.663075 -0.0447521 0 0.6756338 0 0 0
-0.005503331 -0.02098206 -0.08437492 -0.08415024 -0.0102345 0 -0.08437492 -0.07937457 -0.07911317 0 0 -0.08429668 0 0 -0.0801108 -0.08511587 -0.007221699 -0.08511587 0 -0.08413967 -0.08578864 -0.08413967 0 -0.08413967 1.01 -0.001758142 0 -0.08120874 -0.0102345 0 0 0 0 0 -0.083696 0 -0.08373559 0 -0.08376622 -0.005622197 0 0 0 -0.005622197 -0.01218033 -0.01218033 -0.003784902 -0.005622197 0 0 -0.06699815 0 -0.07072473 -0.005622197 0 0 0 -0.08742666 0.0817079 -0.01327435 -0.002982893 0 0 -0.07595179 -0.07629795 -0.07591169 -0.07595179 0 0 0 0 0 -0.002579288 -0.07592264 -0.01499531 -0.07591278 0 -0.009047958 0 0 -0.07614619 -0.08340672 0 0 0 0 -0.07694209 -0.002982893 0 -0.01789531 -0.07690046 0 0 -0.07688703 0 0 -0.07735954 -0.07745587 -0.07735954 -0.003115999 -0.07746638 -0.01789531 0 0 0.003192609 -0.0244272 0 0 0 -0.07654754 0.002275239 -0.0244272 0 0 0 0 0 0 -0.07089514 0 -0.01481052 -0.002982893 0 -0.01633038 -0.07634587 0 -0.07824115 -0.01291384 -0.01977081 -0.08263522 -0.07632741 0 0 0 -0.02882978 0 0 0 -0.07594362 -0.06122094 0.2307798 -0.0219861 -0.05080719 -0.01633038 -0.02247866 -0.08357634 0.000347608 0 0 -0.06783566 -0.03081814 0 -0.07221623 0 0 0
-0.01090487 -0.02646113 -0.07667228 -0.07647122 0.8541343 0 -0.07667228 -0.06958764 -0.0693527 0 0 -0.07660256 0 0 -0.07044423 -0.07655002 -0.01086387 -0.07655002 0 -0.07802676 0.1548882 -0.07802676 0 -0.07802676 -0.001758142 1.01 0 -0.07541464 0.8541343 0 0 0 0 0 0.1586539 0 0.1585801 0 0.1593892 -0.006082982 0 0 0 -0.006082982 0.805561 0.805561 0.949142 -0.006082982 0 0 -0.05155194 0 -0.05187498 -0.006082982 0 0 0 0.09397241 -0.02469155 -0.009889829 -0.003786643 0 0 -0.03166697 -0.03200702 -0.03262141 -0.03166697 0 0 0 0 0 -0.003937505 -0.03164176 0.5732806 -0.03214443 0 -0.009059612 0 0 -0.03234549 0.09409897 0 0 0 0 -0.03098762 -0.003786643 0 -0.02578499 -0.03049562 0 0 -0.03138306 0 0 -0.03097534 -0.03051853 -0.03097534 -0.003902332 -0.03053639 -0.02578499 0 0 0.04055059 0.3706744 0 0 0 -0.02968026 0.04453791 0.3706744 0 0 0 0 0 0 -0.03716326 0 -0.02388679 -0.003786643 0 0.5531484 -0.02943503 0 -0.0285082 -0.008879283 -0.02685898 0.09376242 -0.02942791 0 0 0 -0.01996018 0 0 0 -0.02628857 -0.04480933 0.1759093 -0.01762958 -0.0318888 0.5531484 -0.03619174 -0.03600633 0.05719745 0 0 -0.02707117 -0.01973313 0 -0.03357561 0 0 0
0 0 0 0 0 0 0 0 0 0 0 0 0 0 0 0 0 0 0 0 0 0 0 0 0 0 1.01 0 0 0 0 0 0 0 0 0 0 0 0 0 0 0 0 0 0 0 0 0 0 0 0 0 0 0 0 0 0 0 0 0 0 0 0 0 0 0 0 0 0 0 0 0 0 0 0 0 0 0 0 0 0 0 0 0 0 0 0 0 0 0 0 0 0 0 0 0 0 0 0 0 0 0 0 0 0 0 0 0 0 0 0 0 0 0 0 0 0 0 0 0 0 0 0 0 0 0 0 0 0 0 0 0 0 0 0 0 0 0 0 0 0 0 0 0 0 0 0 0 0 0 0 0 0 0 0 0
0.1451666 0.2425045 0.975985 0.9749271 -0.086406 0 0.975985 0.9182134 0.9193665 0 0 0.9764335 0 0 0.9195716 0.9773581 0.1662087 0.9773581 0 0.9857716 0.9490842 0.9857716 0 0.9857716 -0.08120874 -0.07541464 0 1.01 -0.086406 0 0 0 0 0 0.9146607 0 0.9144536 0 0.9139448 0.1451951 0 0 0 0.1451951 -0.07839839 -0.07839839 -0.06577289 0.1451951 0 0 0.8394556 0 0.8667872 0.1451951 0 0 0 0.7096776 0.6768221 -0.0558666 0.137432 0 0 0.729222 0.7273589 0.729655 0.729222 0 0 0 0 0 0.1217467 0.729351 -0.04876626 0.7492441 0 0.101744 0 0 0.7482447 0.7145055 0 0 0 0 0.7207669 0.137432 0 0.01125355 0.7408264 0 0 0.7369525 0 0 0.7391 0.7192034 0.7391 0.1374583 0.7186637 0.01125355 0 0 0.02473751 -0.02921955 0 0 0 0.7224582 0.0102836 -0.02921955 0 0 0 0 0 0 0.6579309 0 0.03027134 0.137432 0 -0.05307269 0.7188002 0 0.7508706 0.05379894 0.007164625 0.712537 0.7188632 0 0 0 -0.148158 0 0 0 0.7401257 0.543037 -0.1123474 0.1202123 0.4321233 -0.05307269 -0.06593068 0.6602161 0.05403824 0 0 0.6541219 -0.04188808 0 0.6673055 0 0 0
-0.01584008 -0.02618833 -0.08704368 -0.08680817 1 0 -0.08704368 -0.08032431 -0.08004917 0 0 -0.0869613 0 0 -0.08100976 -0.08690004 -0.01307587 -0.08690004 0 -0.08779927 0.1848443 -0.08779927 0 -0.08779927 -0.0102345 0.8541343 0 -0.086406 1.01 0 0 0 0 0 0.1908232 0 0.1907361 0 0.1913729 -0.01173751 0 0 0 -0.01173751 0.9630269 0.9630269 0.8074964 -0.01173751 0 0 -0.06155812 0 -0.06185786 -0.01173751 0 0 0 0.09784191 -0.04037505 -0.01040663 -0.009353481 0 0 -0.04691322 -0.04730254 -0.04771756 -0.04691322 0 0 0 0 0 -0.008531714 -0.04688351 0.5854225 -0.04832078 0 -0.01480973 0 0 -0.04855819 0.0949315 0 0 0 0 -0.04670279 -0.009353481 0 -0.02321913 -0.04728447 0 0 -0.0482902 0 0 -0.04782445 -0.04644896 -0.04782445 -0.009473037 -0.0464675 -0.02321913 0 0 0.03895485 0.4231215 0 0 0 -0.04547594 0.04324829 0.4231215 0 0 0 0 0 0 -0.05056735 0 -0.02554176 -0.009353481 0 0.6250324 -0.04520719 0 -0.04640795 -0.006881741 -0.02968485 0.09567782 -0.0443401 0 0 0 -0.01812998 0 0 0 -0.04300836 -0.05019128 0.1720026 -0.0204668 -0.03897889 0.6250324 -0.04352934 -0.01992641 0.04990998 0 0 -0.02003584 -0.02355877 0 -0.01455698 0 0 0
0 0 0 0 0 0 0 0 0 0 0 0 0 0 0 0 0 0 0 0 0 0 0 0 0 0 0 0 0 1.01 0 0 0 0 0 0 0 0 0 0 0 0 0 0 0 0 0 0 0 0 0 0 0 0 0 0 0 0 0 0 0 0 0 0 0 0 0 0 0 0 0 0 0 0 0 0 0 0 0 0 0 0 0 0 0 0 0 0 0 0 0 0 0 0 0 0 0 0 0 0 0 0 0 0 0 0 0 0 0 0 0 0 0 0 0 0 0 0 0 0 0 0 0 0 0 0 0 0 0 0 0 0 0 0 0 0 0 0 0 0 0 0 0 0 0 0 0 0 0 0 0 0 0 0 0 0
0 0 0 0 0 0 0 0 0 0 0 0 0 0 0 0 0 0 0 0 0 0 0 0 0 0 0 0 0 0 1.01 0 0 0 0 0 0 0 0 0 0 0 0 0 0 0 0 0 0 0 0 0 0 0 0 0 0 0 0 0 0 0 0 0 0 0 0 0 0 0 0 0 0 0 0 0 0 0 0 0 0 0 0 0 0 0 0 0 0 0 0 0 0 0 0 0 0 0 0 0 0 0 0 0 0 0 0 0 0 0 0 0 0 0 0 0 0 0 0 0 0 0 0 0 0 0 0 0 0 0 0 0 0 0 0 0 0 0 0 0 0 0 0 0 0 0 0 0 0 0 0 0 0 0 0 0
0 0 0 0 0 0 0 0 0 0 0 0 0 0 0 0 0 0 0 0 0 0 0 0 0 0 0 0 0 0 0 1.01 0 0 0 0 0 0 0 0 0 0 0 0 0 0 0 0 0 0 0 0 0 0 0 0 0 0 0 0 0 0 0 0 0 0 0 0 0 0 0 0 0 0 0 0 0 0 0 0 0 0 0 0 0 0 0 0 0 0 0 0 0 0 0 0 0 0 0 0 0 0 0 0 0 0 0 0 0 0 0 0 0 0 0 0 0 0 0 0 0 0 0 0 0 0 0 0 0 0 0 0 0 0 0 0 0 0 0 0 0 0 0 0 0 0 0 0 0 0 0 0 0 0 0 0
0 0 0 0 0 0 0 0 0 0 0 0 0 0 0 0 0 0 0 0 0 0 0 0 0 0 0 0 0 0 0 0 1.01 0 0 0 0 0 0 0 0 0 0 0 0 0 0 0 0 0 0 0 0 0 0 0 0 0 0 0 0 0 0 0 0 0 0 0 0 0 0 0 0 0 0 0 0 0 0 0 0 0 0 0 0 0 0 0 0 0 0 0 0 0 0 0 0 0 0 0 0 0 0 0 0 0 0 0 0 0 0 0 0 0 0 0 0 0 0 0 0 0 0 0 0 0 0 0 0 0 0 0 0 0 0 0 0 0 0 0 0 0 0 0 0 0 0 0 0 0 0 0 0 0 0 0
0 0 0 0 0 0 0 0 0 0 0 0 0 0 0 0 0 0 0 0 0 0 0 0 0 0 0 0 0 0 0 0 0 1.01 0 0 0 0 0 0 0 0 0 0 0 0 0 0 0 0 0 0 0 0 0 0 0 0 0 0 0 0 0 0 0 0 0 0 0 0 0 0 0 0 0 0 0 0 0 0 0 0 0 0 0 0 0 0 0 0 0 0 0 0 0 0 0 0 0 0 0 0 0 0 0 0 0 0 0 0 0 0 0 0 0 0 0 0 0 0 0 0 0 0 0 0 0 0 0 0 0 0 0 0 0 0 0 0 0 0 0 0 0 0 0 0 0 0 0 0 0 0 0 0 0 0
-0.05483327 0.09353473 0.918787 0.9179928 0.1908232 0 0.918787 0.9107043 0.9102433 0 0 0.9192316 0 0 0.9120827 0.9201617 -0.008537572 0.9201617 0 0.9286094 0.9679472 0.9286094 0 0.9286094 -0.083696 0.1586539 0 0.9146607 0.1908232 0 0 0 0 0 1.01 0 0.9997711 0 0.9607577 -0.05426586 0 0 0 -0.05426586 0.1884556 0.1884556 0.1551285 -0.05426586 0 0 0.8571909 0 0.8435324 -0.05426586 0 0 0 0.7371927 0.6997566 -0.06013459 -0.04859819 0 0 0.7503249 0.7483899 0.7505341 0.7503249 0 0 0 0 0 -0.01631775 0.7504567 0.1149876 0.7349964 0 -0.05952753 0 0 0.7339681 0.7399535 0 0 0 0 0.7418716 -0.04859819 0 0.002978294 0.7266639 0 0 0.7229071 0 0 0.7248741 0.740405 0.7248741 -0.04800492 0.7398589 0.002978294 0 0 0.03765262 0.08853236 0 0 0 0.743802 0.02423752 0.08853236 0 0 0 0 0 0 0.6782518 0 0.02514538 -0.04859819 0 0.122732 0.7402602 0 0.7366656 0.05603432 0.003504417 0.7367327 0.7391402 0 0 0 -0.1502196 0 0 0 0.745166 0.5124249 -0.07436579 0.1908652 0.4555772 0.122732 -0.09098778 0.6625651 0.06197877 0 0 0.6758727 -0.04854964 0 0.6677357 0 0 0
0 0 0 0 0 0 0 0 0 0 0 0 0 0 0 0 0 0 0 0 0 0 0 0 0 0 0 0 0 0 0 0 0 0 0 1.01 0 0 0 0 0 0 0 0 0 0 0 0 0 0 0 0 0 0 0 0 0 0 0 0 0 0 0 0 0 0 0 0 0 0 0 0 0 0 0 0 0 0 0 0 0 0 0 0 0 0 0 0 0 0 0 0 0 0 0 0 0 0 0 0 0 0 0 0 0 0 0 0 0 0 0 0 0 0 0 0 0 0 0 0 0 0 0 0 0 0 0 0 0 0 0 0 0 0 0 0 0 0 0 0 0 0 0 0 0 0 0 0 0 0 0 0 0 0 0 0
-0.05486408 0.09345185 0.9183468 0.917553 0.1907361 0 0.9183468 0.910281 0.9098204 0 0 0.9187914 0 0 0.9116594 0.9197214 -0.008581874 0.9197214 0 0.9283945 0.9677116 0.9283945 0 0.9283945 -0.08373559 0.1585801 0 0.9144536 0.1907361 0 0 0 0 0 0.9997711 0 1.01 0 0.960535 -0.05429688 0 0 0 -0.05429688 0.1883702 0.1883702 0.1550569 -0.05429688 0 0 0.8570288 0 0.843355 -0.05429688 0 0 0 0.7369969 0.6996092 -0.06016319 -0.04862757 0 0 0.7501536 0.7482182 0.7503629 0.7501536 0 0 0 0 0 -0.01636654 0.7502854 0.1149232 0.7348209 0 -0.05956091 0 0 0.7337924 0.7395304 0 0 0 0 0.7414698 -0.04862757 0 0.002928366 0.7262597 0 0 0.7225025 0 0 0.7244698 0.7400028 0.7244698 -0.04803452 0.7394568 0.002928366 0 0 0.03759369 0.08844885 0 0 0 0.7434007 0.02418275 0.08844885 0 0 0 0 0 0 0.6779064 0 0.02653368 -0.04862757 0 0.1226646 0.7398596 0 0.7362645 0.0559819 0.004604322 0.7363115 0.7387398 0 0 0 -0.1497902 0 0 0 0.7447668 0.5121477 -0.07449808 0.190759 0.4553289 0.1226646 -0.09022023 0.6621516 0.06192604 0 0 0.6757283 -0.04861201 0 0.6675647 0 0 0
0 0 0 0 0 0 0 0 0 0 0 0 0 0 0 0 0 0 0 0 0 0 0 0 0 0 0 0 0 0 0 0 0 0 0 0 0 1.01 0 0 0 0 0 0 0 0 0 0 0 0 0 0 0 0 0 0 0 0 0 0 0 0 0 0 0 0 0 0 0 0 0 0 0 0 0 0 0 0 0 0 0 0 0 0 0 0 0 0 0 0 0 0 0 0 0 0 0 0 0 0 0 0 0 0 0 0 0 0 0 0 0 0 0 0 0 0 0 0 0 0 0 0 0 0 0 0 0 0 0 0 0 0 0 0 0 0 0 0 0 0 0 0 0 0 0 0 0 0 0 0 0 0 0 0 0 0
0.1439755 0.2126692 0.9187504 0.9177281 0.1913729 0 0.9187504 0.8697318 0.8692516 0 0 0.9191953 0 0 0.8708601 0.9201248 0.1659361 0.9201248 0 0.9285561 0.9680439 0.9285561 0 0.9285561 -0.08376622 0.1593892 0 0.9139448 0.1913729 0 0 0 0 0 0.9607577 0 0.960535 0 1.01 0.1451362 0 0 0 0.1451362 0.1890324 0.1890324 0.1559029 0.1451362 0 0 0.8556537 0 0.8826008 0.1451362 0 0 0 0.770406 0.6995064 -0.06257327 0.1379619 0 0 0.7495226 0.7475875 0.7497319 0.7495226 0 0 0 0 0 0.1215611 0.7496545 0.1147872 0.7694717 0 0.1002386 0 0 0.7684511 0.7732892 0 0 0 0 0.7410834 0.1379619 0 0.000952109 0.7612919 0 0 0.7574378 0 0 0.7594382 0.7396155 0.7594382 0.1379609 0.7390697 0.000952109 0 0 0.03838014 0.08691985 0 0 0 0.7430139 0.02501866 0.08691985 0 0 0 0 0 0 0.6781793 0 -0.0994519 0.1379619 0 0.1225216 0.7394758 0 0.7712319 0.05374526 -0.09819661 0.7700626 0.7383566 0 0 0 -0.1513448 0 0 0 0.7601306 0.5232648 -0.0625901 0.192422 0.4563296 0.1225216 -0.1645179 0.6849881 0.06072946 0 0 0.6753984 -0.04736252 0 0.6889891 0 0 0
0.9970892 0.5897878 0.1471195 0.1461697 -0.01173751 0 0.1471195 -0.05168096 -0.05148125 0 0 0.14725 0 0 -0.05274409 0.1472813 0.8757507 0.1472813 0 0.1454369 0.1402985 0.1454369 0 0.1454369 -0.005622197 -0.006082982 0 0.1451951 -0.01173751 0 0 0 0 0 -0.05426586 0 -0.05429688 0 0.1451362 1.01 0 0 0 1 -0.01085809 -0.01085809 -0.004880304 1 0 0 -0.0546923 0 0.1493343 1 0 0 0 0.1145148 -0.04977013 -0.004727696 0.9371085 0 0 -0.05586764 -0.05612763 -0.05583742 -0.05586764 0 0 0 0 0 0.6824365 -0.05584584 -0.009710181 0.1217453 0 0.8030332 0 0 0.1216105 0.1155609 0 0 0 0 -0.05458797 0.9371085 0 -0.01196887 0.1237089 0 0 0.1225622 0 0 0.1230418 -0.05497823 0.1230418 0.9340213 -0.05498676 -0.01196887 0 0 -0.01404625 -0.01622252 0 0 0 -0.05429625 -0.01279872 -0.01622252 0 0 0 0 0 0 -0.0376096 0 -0.01306158 0.9371085 0 -0.01075872 -0.05414024 0 0.1257225 -0.01884502 -0.02017815 0.1160785 -0.05412716 0 0 0 -0.02899849 0 0 0 0.02742141 0.03097141 0.03018304 -0.01679411 -0.03555792 -0.01075872 -0.02189322 0.05818196 -0.01855358 0 0 -0.05335582 -0.003909104 0 0.05587618 0 0 0
0 0 0 0 0 0 0 0 0 0 0 0 0 0 0 0 0 0 0 0 0 0 0 0 0 0 0 0 0 0 0 0 0 0 0 0 0 0 0 0 1.01 0 0 0 0 0 0 0 0 0 0 0 0 0 0 0 0 0 0 0 0 0 0 0 0 0 0 0 0 0 0 0 0 0 0 0 0 0 0 0 0 0 0 0 0 0 0 0 0 0 0 0 0 0 0 0 0 0 0 0 0 0 0 0 0 0 0 0 0 0 0 0 0 0 0 0 0 0 0 0 0 0 0 0 0 0 0 0 0 0 0 0 0 0 0 0 0 0 0 0 0 0 0 0 0 0 0 0 0 0 0 0 0 0 0 0
0 0 0 0 0 0 0 0 0 0 0 0 0 0 0 0 0 0 0 0 0 0 0 0 0 0 0 0 0 0 0 0 0 0 0 0 0 0 0 0 0 1.01 0 0 0 0 0 0 0 0 0 0 0 0 0 0 0 0 0 0 0 0 0 0 0 0 0 0 0 0 0 0 0 0 0 0 0 0 0 0 0 0 0 0 0 0 0 0 0 0 0 0 0 0 0 0 0 0 0 0 0 0 0 0 0 0 0 0 0 0 0 0 0 0 0 0 0 0 0 0 0 0 0 0 0 0 0 0 0 0 0 0 0 0 0 0 0 0 0 0 0 0 0 0 0 0 0 0 0 0 0 0 0 0 0 0
0 0 0 0 0 0 0 0 0 0 0 0 0 0 0 0 0 0 0 0 0 0 0 0 0 0 0 0 0 0 0 0 0 0 0 0 0 0 0 0 0 0 1.01 0 0 0 0 0 0 0 0 0 0 0 0 0 0 0 0 0 0 0 0 0 0 0 0 0 0 0 0 0 0 0 0 0 0 0 0 0 0 0 0 0 0 0 0 0 0 0 0 0 0 0 0 0 0 0 0 0 0 0 0 0 0 0 0 0 0 0 0 0 0 0 0 0 0 0 0 0 0 0 0 0 0 0 0 0 0 0 0 0 0 0 0 0 0 0 0 0 0 0 0 0 0 0 0 0 0 0 0 0 0 0 0 0
0.9970892 0.5897878 0.1471195 0.1461697 -0.01173751 0 0.1471195 -0.05168096 -0.05148125 0 0 0.14725 0 0 -0.05274409 0.1472813 0.8757507 0.1472813 0 0.1454369 0.1402985 0.1454369 0 0.1454369 -0.005622197 -0.006082982 0 0.1451951 -0.01173751 0 0 0 0 0 -0.05426586 0 -0.05429688 0 0.1451362 1 0 0 0 1.01 -0.01085809 -0.01085809 -0.004880304 1 0 0 -0.0546923 0 0.1493343 1 0 0 0 0.1145148 -0.04977013 -0.004727696 0.9371085 0 0 -0.05586764 -0.05612763 -0.05583742 -0.05586764 0 0 0 0 0 0.6824365 -0.05584584 -0.009710181 0.1217453 0 0.8030332 0 0 0.1216105 0.1155609 0 0 0 0 -0.05458797 0.9371085 0 -0.01196887 0.1237089 0 0 0.1225622 0 0 0.1230418 -0.05497823 0.1230418 0.9340213 -0.05498676 -0.01196887 0 0 -0.01404625 -0.01622252 0 0 0 -0.05429625 -0.01279872 -0.01622252 0 0 0 0 0 0 -0.0376096 0 -0.01306158 0.9371085 0 -0.01075872 -0.05414024 0 0.1257225 -0.01884502 -0.02017815 0.1160785 -0.05412716 0 0 0 -0.02899849 0 0 0 0.02742141 0.03097141 0.03018304 -0.01679411 -0.03555792 -0.01075872 -0.02189322 0.05818196 -0.01855358 0 0 -0.05335582 -0.003909104 0 0.05587618 0 0 0
-0.01507392 -0.02230405 -0.07899541 -0.07876398 0.9630269 0 -0.07899541 -0.07339998 -0.07312833 0 0 -0.07891279 0 0 -0.07411045 -0.07885325 -0.01205925 -0.07885325 0 -0.07970916 0.1827889 -0.07970916 0 -0.07970916 -0.01218033 0.805561 0 -0.07839839 0.9630269 0 0 0 0 0 0.1884556 0 0.1883702 0 0.1890324 -0.01085809 0 0 0 -0.01085809 1.01 1 0.8455196 -0.01085809 0 0 -0.071515 0 -0.0720024 -0.01085809 0 0 0 0.09335586 -0.05029407 -0.009534942 -0.008487154 0 0 -0.05547565 -0.05584838 -0.0563057 -0.05547565 0 0 0 0 0 -0.007221309 -0.05544637 0.6024401 -0.05664777 0 -0.01391616 0 0 -0.056882 0.09115085 0 0 0 0 -0.05539475 -0.008487154 0 -0.022362 -0.05571324 0 0 -0.05667081 0 0 -0.05622426 -0.05508668 -0.05622426 -0.008606136 -0.0551027 -0.022362 0 0 -0.01153146 0.4364983 0 0 0 -0.05414148 -0.009491903 0.4364983 0 0 0 0 0 0 -0.04491839 0 -0.02432254 -0.008487154 0 0.6431586 -0.0538948 0 -0.05502615 -0.009772102 -0.02807449 0.09188109 -0.05300271 0 0 0 -0.01763087 0 0 0 -0.0525767 -0.0478928 0.1782643 -0.01877446 -0.0382633 0.6431586 -0.04286374 -0.02652609 -0.01307083 0 0 -0.02840268 -0.02208602 0 -0.02168391 0 0 0
-0.01507392 -0.02230405 -0.07899541 -0.07876398 0.9630269 0 -0.07899541 -0.07339998 -0.07312833 0 0 -0.07891279 0 0 -0.07411045 -0.07885325 -0.01205925 -0.07885325 0 -0.07970916 0.1827889 -0.07970916 0 -0.07970916 -0.01218033 0.805561 0 -0.07839839 0.9630269 0 0 0 0 0 0.1884556 0 0.1883702 0 0.1890324 -0.01085809 0 0 0 -0.01085809 1 1.01 0.8455196 -0.01085809 0 0 -0.071515 0 -0.0720024 -0.01085809 0 0 0 0.09335586 -0.05029407 -0.009534942 -0.008487154 0 0 -0.05547565 -0.05584838 -0.0563057 -0.05547565 0 0 0 0 0 -0.007221309 -0.05544637 0.6024401 -0.05664777 0 -0.01391616 0 0 -0.056882 0.09115085 0 0 0 0 -0.05539475 -0.008487154 0 -0.022362 -0.05571324 0 0 -0.05667081 0 0 -0.05622426 -0.05508668 -0.05622426 -0.008606136 -0.0551027 -0.022362 0 0 -0.01153146 0.4364983 0 0 0 -0.05414148 -0.009491903 0.4364983 0 0 0 0 0 0 -0.04491839 0 -0.02432254 -0.008487154 0 0.6431586 -0.0538948 0 -0.05502615 -0.009772102 -0.02807449 0.09188109 -0.05300271 0 0 0 -0.01763087 0 0 0 -0.0525767 -0.0478928 0.1782643 -0.01877446 -0.0382633 0.6431586 -0.04286374 -0.02652609 -0.01307083 0 0 -0.02840268 -0.02208602 0 -0.02168391 0 0 0
-0.009866488 -0.02194309 -0.06700436 -0.06680884 0.8074964 0 -0.06700436 -0.061219 -0.06098903 0 0 -0.06693462 0 0 -0.06211192 -0.0668843 -0.009616306 -0.0668843 0 -0.06833078 0.1517935 -0.06833078 0 -0.06833078 -0.003784902 0.949142 0 -0.06577289 0.8074964 0 0 0 0 0 0.1551285 0 0.1550569 0 0.1559029 -0.004880304 0 0 0 -0.004880304 0.8455196 0.8455196 1.01 -0.004880304 0 0 -0.06304678 0 -0.06359201 -0.004880304 0 0 0 0.08873229 -0.03591669 -0.008864554 -0.002598167 0 0 -0.04132104 -0.04164058 -0.0423121 -0.04132104 0 0 0 0 0 -0.00225716 -0.04129643 0.5939214 -0.0414929 0 -0.007842407 0 0 -0.0416894 0.08978503 0 0 0 0 -0.04077822 -0.002598167 0 -0.02490136 -0.03994176 0 0 -0.04077031 0 0 -0.04038632 -0.0402377 -0.04038632 -0.002713258 -0.04025261 -0.02490136 0 0 -0.01875885 0.3854107 0 0 0 -0.03943497 -0.01742744 0.3854107 0 0 0 0 0 0 -0.03015592 0 -0.02244078 -0.002598167 0 0.5731789 -0.03921603 0 -0.03813891 -0.01235988 -0.02492083 0.08939489 -0.03920655 0 0 0 -0.01946476 0 0 0 -0.03707105 -0.04201173 0.1837072 -0.01557862 -0.03087839 0.5731789 -0.03523983 -0.0443435 -0.01661193 0 0 -0.03718841 -0.01791317 0 -0.04262172 0 0 0
0.9970892 0.5897878 0.1471195 0.1461697 -0.01173751 0 0.1471195 -0.05168096 -0.05148125 0 0 0.14725 0 0 -0.05274409 0.1472813 0.8757507 0.1472813 0 0.1454369 0.1402985 0.1454369 0 0.1454369 -0.005622197 -0.006082982 0 0.1451951 -0.01173751 0 0 0 0 0 -0.05426586 0 -0.05429688 0 0.1451362 1 0 0 0 1 -0.01085809 -0.01085809 -0.004880304 1.01 0 0 -0.0546923 0 0.1493343 1 0 0 0 0.1145148 -0.04977013 -0.004727696 0.9371085 0 0 -0.05586764 -0.05612763 -0.05583742 -0.05586764 0 0 0 0 0 0.6824365 -0.05584584 -0.009710181 0.1217453 0 0.8030332 0 0 0.1216105 0.1155609 0 0 0 0 -0.05458797 0.9371085 0 -0.01196887 0.1237089 0 0 0.1225622 0 0 0.1230418 -0.05497823 0.1230418 0.9340213 -0.05498676 -0.01196887 0 0 -0.01404625 -0.01622252 0 0 0 -0.05429625 -0.01279872 -0.01622252 0 0 0 0 0 0 -0.0376096 0 -0.01306158 0.9371085 0 -0.01075872 -0.05414024 0 0.1257225 -0.01884502 -0.02017815 0.1160785 -0.05412716 0 0 0 -0.02899849 0 0 0 0.02742141 0.03097141 0.03018304 -0.01679411 -0.03555792 -0.01075872 -0.02189322 0.05818196 -0.01855358 0 0 -0.05335582 -0.003909104 0 0.05587618 0 0 0
0 0 0 0 0 0 0 0 0 0 0 0 0 0 0 0 0 0 0 0 0 0 0 0 0 0 0 0 0 0 0 0 0 0 0 0 0 0 0 0 0 0 0 0 0 0 0 0 1.01 0 0 0 0 0 0 0 0 0 0 0 0 0 0 0 0 0 0 0 0 0 0 0 0 0 0 0 0 0 0 0 0 0 0 0 0 0 0 0 0 0 0 0 0 0 0 0 0 0 0 0 0 0 0 0 0 0 0 0 0 0 0 0 0 0 0 0 0 0 0 0 0 0 0 0 0 0 0 0 0 0 0 0 0 0 0 0 0 0 0 0 0 0 0 0 0 0 0 0 0 0 0 0 0 0 0 0
0 0 0 0 0 0 0 0 0 0 0 0 0 0 0 0 0 0 0 0 0 0 0 0 0 0 0 0 0 0 0 0 0 0 0 0 0 0 0 0 0 0 0 0 0 0 0 0 0 1.01 0 0 0 0 0 0 0 0 0 0 0 0 0 0 0 0 0 0 0 0 0 0 0 0 0 0 0 0 0 0 0 0 0 0 0 0 0 0 0 0 0 0 0 0 0 0 0 0 0 0 0 0 0 0 0 0 0 0 0 0 0 0 0 0 0 0 0 0 0 0 0 0 0 0 0 0 0 0 0 0 0 0 0 0 0 0 0 0 0 0 0 0 0 0 0 0 0 0 0 0 0 0 0 0 0 0
-0.05418637 -0.0899322 0.8449739 0.8460764 -0.06155812 0 0.8449739 0.8979982 0.8974712 0 0 0.8453062 0 0 0.8995014 0.8462401 -0.004917466 0.8462401 0 0.8563496 0.8281446 0.8563496 0 0.8563496 -0.06699815 -0.05155194 0 0.8394556 -0.06155812 0 0 0 0 0 0.8571909 0 0.8570288 0 0.8556537 -0.0546923 0 0 0 -0.0546923 -0.071515 -0.071515 -0.06304678 -0.0546923 0 0 1.01 0 0.94381 -0.0546923 0 0 0 0.7624851 0.7752869 -0.05595986 -0.05123732 0 0 0.8395204 0.837806 0.8399474 0.8395204 0 0 0 0 0 -0.01353062 0.8396332 -0.03820376 0.8229805 0 -0.06248084 0 0 0.8221045 0.7689004 0 0 0 0 0.8303698 -0.05123732 0 -0.07136709 0.8137214 0 0 0.8103441 0 0 0.8120285 0.8288145 0.8120285 -0.05049106 0.828255 -0.07136709 0 0 0.0559164 -0.08027663 0 0 0 0.8320629 0.04140237 -0.08027663 0 0 0 0 0 0 0.7297561 0 -0.09158615 -0.05123732 0 -0.04077308 0.8281584 0 0.8228722 0.06935505 -0.1156818 0.7648841 0.8264806 0 0 0 -0.1387293 0 0 0 0.8316765 0.5496143 -0.1244779 0.2206076 0.5202716 -0.04077308 -0.167605 0.7199362 0.08069899 0 0 0.7167914 -0.03115612 0 0.7202789 0 0 0
0 0 0 0 0 0 0 0 0 0 0 0 0 0 0 0 0 0 0 0 0 0 0 0 0 0 0 0 0 0 0 0 0 0 0 0 0 0 0 0 0 0 0 0 0 0 0 0 0 0 0 1.01 0 0 0 0 0 0 0 0 0 0 0 0 0 0 0 0 0 0 0 0 0 0 0 0 0 0 0 0 0 0 0 0 0 0 0 0 0 0 0 0 0 0 0 0 0 0 0 0 0 0 0 0 0 0 0 0 0 0 0 0 0 0 0 0 0 0 0 0 0 0 0 0 0 0 0 0 0 0 0 0 0 0 0 0 0 0 0 0 0 0 0 0 0 0 0 0 0 0 0 0 0 0 0 0
