1.01 0 0 0 0 0 0 0 0 0 0 0 0 0 0 0 0 0 0 0 0 0 0 0 0 0 0 0 0 0 0 0 0 0 0 0 0 0 0 0 0 0 0 0 0 0 0 0 0 0 0 0 0 0 0 0 0 0 0 0 0 0 0 0 0 0 0 0 0 0 0 0 0 0 0 0 0 0 0 0 0 0 0 0 0 0 0 0 0 0 0 0 0 0 0 0 0 0 0 0 0 0 0 0 0 0 0 0 0 0 0 0 0 0 0 0 0 0 0 0 0 0 0 0 0 0 0 0 0 0 0 0 0 0 0 0 0 0 0 0 0 0 0 0 0 0 0 0 0 0 0 0 0 0
0 1.01 0 0 0 0 0 0 0 0 0 0 0 0 0 0 0 0 0 0 0 0 0 0 0 0 0 0 0 0 0 0 0 0 0 0 0 0 0 0 0 0 0 0 0 0 0 0 0 0 0 0 0 0 0 0 0 0 0 0 0 0 0 0 0 0 0 0 0 0 0 0 0 0 0 0 0 0 0 0 0 0 0 0 0 0 0 0 0 0 0 0 0 0 0 0 0 0 0 0 0 0 0 0 0 0 0 0 0 0 0 0 0 0 0 0 0 0 0 0 0 0 0 0 0 0 0 0 0 0 0 0 0 0 0 0 0 0 0 0 0 0 0 0 0 0 0 0 0 0 0 0 0 0
0 0 1.01 0 0 0 0 0 0 0 0 0 0 0 0 0 0 0 0 0 0 0 0 0 0 0 0 0 0 0 0 0 0 0 0 0 0 0 0 0 0 0 0 0 0 0 0 0 0 0 0 0 0 0 0 0 0 0 0 0 0 0 0 0 0 0 0 0 0 0 0 0 0 0 0 0 0 0 0 0 0 0 0 0 0 0 0 0 0 0 0 0 0 0 0 0 0 0 0 0 0 0 0 0 0 0 0 0 0 0 0 0 0 0 0 0 0 0 0 0 0 0 0 0 0 0 0 0 0 0 0 0 0 0 0 0 0 0 0 0 0 0 0 0 0 0 0 0 0 0 0 0 0 0
0 0 0 1.01 0 0 0 0 0 0 0 0 0 0 0 0 0 0 0 0 0 0 0 0 0 0 0 0 0 0 0 0 0 0 0 0 0 0 0 0 0 0 0 0 0 0 0 0 0 0 0 0 0 0 0 0 0 0 0 0 0 0 0 0 0 0 0 0 0 0 0 0 0 0 0 0 0 0 0 0 0 0 0 0 0 0 0 0 0 0 0 0 0 0 0 0 0 0 0 0 0 0 0 0 0 0 0 0 0 0 0 0 0 0 0 0 0 0 0 0 0 0 0 0 0 0 0 0 0 0 0 0 0 0 0 0 0 0 0 0 0 0 0 0 0 0 0 0 0 0 0 0 0 0
0 0 0 0 1.01 -0.3962145 0 0 -0.2989342 0 0 -0.2989032 0 -0.1028999 0 0 0.9514762 -0.04400337 0 0.3316356 0.1739288 0 0 -0.0187795 0 -0.06487145 -0.04517836 -0.06340551 -0.1716031 0 0 0 -0.1382718 0 0 0 0 0 -0.2533362 0 0 0.04993037 -0.1478198 -0.149749 0 0.8550096 -0.01170844 -0.06398556 -0.06476749 -0.06476749 0.4707829 -0.06476749 -0.06505791 0 0 0 0 0 0 -0.06193419 0 0 0 0 -0.09393672 -0.5124032 0 0.7263776 -0.09372903 0 0.09028887 0.6350955 -0.06606846 0 0.8507342 0.09451054 0 0.09451054 0 0 -0.5100343 0.3061912 0 0.003798332 0 -0.04194969 0.8089656 0.003925435 -0.0670859 0 0.006804918 0.07052343 0 0.03752071 0 0.0280649 -0.1803748 0.03810269 0 -0.4820722 0.03257328 0.03257328 0 0.7827108 0.8370797 0 0 0 0 -0.04528253 -0.03952624 -0.0243847 0 0 0.06346595 0 0 -0.09022543 0 0 0 0 0 0 0 -0.04065646 0.08682433 0 -0.1234353 0 0 0 -0.08542913 -0.06304427 0 0 0 0 0 0 -0.05195456 0 0 0 0.198939 0 0 -0.1109244 0 0.05361536 0.00256714 0 0 0
0 0 0 0 -0.3962145 1.01 0 0 0.7391974 0 0 0.7391205 0 -0.4041203 0 0 -0.3795491 0.1101293 0 -0.1293781 0.6170178 0 0 -0.1357344 0 0.1788074 -0.171104 -0.176697 -0.6171678 0 0 0 -0.4919266 0 0 0 0 0 0.7051078 0 0 -0.2834181 0.07241184 0.07407394 0 -0.3515665 -0.3665248 -0.180266 -0.1790009 -0.1790009 -0.6072146 -0.1790009 -0.179623 0 0 0 0 0 0 0.1384015 0 0 0 0 -0.4250729 0.6085194 0 -0.4004715 -0.424824 0 0.4402492 -0.2670551 -0.1763565 0 -0.3474681 0.421743 0 0.421743 0 0 0.6043946 -0.1501726 0 -0.3508147 0 0.09357473 -0.3131096 -0.35082 -0.174709 0 -0.3393225 -0.1984902 0 0.4366863 0 0.4530518 -0.1748002 0.3846061 0 0.577431 0.4298195 0.4298195 0 -0.3025383 -0.3217464 0 0 0 0 0.1058044 0.1006239 0.07220962 0 0 -0.1662148 0 0 -0.3044267 0 0 0 0 0 0 0 0.01940399 -0.1567859 0 0.4110471 0 0 0 0.3709314 0.1061336 0 0 0 0 0 0 0.08287617 0 0 0 -0.02845126 0 0 0.3741867 0 -0.08374322 0.009830268 0 0 0
0 0 0 0 0 0 1.01 0 0 0 0 0 0 0 0 0 0 0 0 0 0 0 0 0 0 0 0 0 0 0 0 0 0 0 0 0 0 0 0 0 0 0 0 0 0 0 0 0 0 0 0 0 0 0 0 0 0 0 0 0 0 0 0 0 0 0 0 0 0 0 0 0 0 0 0 0 0 0 0 0 0 0 0 0 0 0 0 0 0 0 0 0 0 0 0 0 0 0 0 0 0 0 0 0 0 0 0 0 0 0 0 0 0 0 0 0 0 0 0 0 0 0 0 0 0 0 0 0 0 0 0 0 0 0 0 0 0 0 0 0 0 0 0 0 0 0 0 0 0 0 0 0 0 0
0 0 0 0 0 0 0 1.01 0 0 0 0 0 0 0 0 0 0 0 0 0 0 0 0 0 0 0 0 0 0 0 0 0 0 0 0 0 0 0 0 0 0 0 0 0 0 0 0 0 0 0 0 0 0 0 0 0 0 0 0 0 0 0 0 0 0 0 0 0 0 0 0 0 0 0 0 0 0 0 0 0 0 0 0 0 0 0 0 0 0 0 0 0 0 0 0 0 0 0 0 0 0 0 0 0 0 0 0 0 0 0 0 0 0 0 0 0 0 0 0 0 0 0 0 0 0 0 0 0 0 0 0 0 0 0 0 0 0 0 0 0 0 0 0 0 0 0 0 0 0 0 0 0 0
0 0 0 0 -0.2989342 0.7391974 0 0 1.01 0 0 0.9998981 0 -0.2937393 0 0 -0.2864684 -0.1144754 0 -0.09562126 0.469213 0 0 -0.09956088 0 0.2523155 -0.1219209 -0.1115109 -0.4664657 0 0 0 -0.3761814 0 0 0 0 0 0.9612297 0 0 -0.2063129 -0.4370143 -0.4683114 0 -0.2655132 -0.4305077 -0.1234567 -0.1224916 -0.1224916 -0.5320542 -0.1224916 -0.1228285 0 0 0 0 0 0 0.1876334 0 0 0 0 -0.4007248 0.5288773 0 -0.2976331 -0.400439 0 0.4140128 -0.1916786 -0.1186951 0 -0.2638054 0.3959185 0 0.3959185 0 0 0.5232747 -0.1021877 0 -0.2551006 0 0.132804 -0.2768706 -0.255195 -0.1185983 0 -0.2456921 -0.1400172 0 0.4150341 0 0.4222696 -0.4834662 0.4113486 0 0.5291468 0.4006482 0.4006482 0 -0.2693414 -0.2829059 0 0 0 0 0.07285789 -0.0705469 0.07635338 0 0 -0.1107163 0 0 -0.25281 0 0 0 0 0 0 0 -0.1453038 -0.2724304 0 0.5283071 0 0 0 0.3135438 0.1661514 0 0 0 0 0 0 0.1661455 0 0 0 -0.08860367 0 0 0.4078668 0 -0.164775 -0.001867579 0 0 0
0 0 0 0 0 0 0 0 0 1.01 0 0 0 0 0 0 0 0 0 0 0 0 0 0 0 0 0 0 0 0 0 0 0 0 0 0 0 0 0 0 0 0 0 0 0 0 0 0 0 0 0 0 0 0 0 0 0 0 0 0 0 0 0 0 0 0 0 0 0 0 0 0 0 0 0 0 0 0 0 0 0 0 0 0 0 0 0 0 0 0 0 0 0 0 0 0 0 0 0 0 0 0 0 0 0 0 0 0 0 0 0 0 0 0 0 0 0 0 0 0 0 0 0 0 0 0 0 0 0 0 0 0 0 0 0 0 0 0 0 0 0 0 0 0 0 0 0 0 0 0 0 0 0 0
0 0 0 0 0 0 0 0 0 0 1.01 0 0 0 0 0 0 0 0 0 0 0 0 0 0 0 0 0 0 0 0 0 0 0 0 0 0 0 0 0 0 0 0 0 0 0 0 0 0 0 0 0 0 0 0 0 0 0 0 0 0 0 0 0 0 0 0 0 0 0 0 0 0 0 0 0 0 0 0 0 0 0 0 0 0 0 0 0 0 0 0 0 0 0 0 0 0 0 0 0 0 0 0 0 0 0 0 0 0 0 0 0 0 0 0 0 0 0 0 0 0 0 0 0 0 0 0 0 0 0 0 0 0 0 0 0 0 0 0 0 0 0 0 0 0 0 0 0 0 0 0 0 0 0
0 0 0 0 -0.2989032 0.7391205 0 0 0.9998981 0 0 1.01 0 -0.2937095 0 0 -0.286439 -0.1144633 0 -0.09561101 0.4691623 0 0 -0.09955233 0 0.2523962 -0.1219077 -0.1114839 -0.466417 0 0 0 -0.3761418 0 0 0 0 0 0.9611317 0 0 -0.2062901 -0.4369634 -0.4682647 0 -0.2654803 -0.4304634 -0.1234375 -0.1224724 -0.1224724 -0.5319935 -0.1224724 -0.1228093 0 0 0 0 0 0 0.1876917 0 0 0 0 -0.4006746 0.5288109 0 -0.2975934 -0.4003888 0 0.4139661 -0.191651 -0.1186752 0 -0.2637721 0.3958676 0 0.3958676 0 0 0.5232072 -0.1021673 0 -0.2550747 0 0.1328437 -0.2768356 -0.2551692 -0.1185781 0 -0.2456663 -0.1399947 0 0.4149806 0 0.422221 -0.4834068 0.411288 0 0.5290775 0.4005951 0.4005951 0 -0.2693059 -0.2828689 0 0 0 0 0.07289464 -0.07053167 0.07638047 0 0 -0.1106926 0 0 -0.2527822 0 0 0 0 0 0 0 -0.1452866 -0.2723366 0 0.5283833 0 0 0 0.3137727 0.1662105 0 0 0 0 0 0 0.1660251 0 0 0 -0.08858138 0 0 0.4079235 0 -0.1648713 -0.001148256 0 0 0
0 0 0 0 0 0 0 0 0 0 0 0 1.01 0 0 0 0 0 0 0 0 0 0 0 0 0 0 0 0 0 0 0 0 0 0 0 0 0 0 0 0 0 0 0 0 0 0 0 0 0 0 0 0 0 0 0 0 0 0 0 0 0 0 0 0 0 0 0 0 0 0 0 0 0 0 0 0 0 0 0 0 0 0 0 0 0 0 0 0 0 0 0 0 0 0 0 0 0 0 0 0 0 0 0 0 0 0 0 0 0 0 0 0 0 0 0 0 0 0 0 0 0 0 0 0 0 0 0 0 0 0 0 0 0 0 0 0 0 0 0 0 0 0 0 0 0 0 0 0 0 0 0 0 0
0 0 0 0 -0.1028999 -0.4041203 0 0 -0.2937393 0 0 -0.2937095 0 1.01 0 0 -0.09798515 -0.04572965 0 -0.03351527 0.1478431 0 0 -0.03066753 0 -0.07458623 0.4315087 0.4862094 -0.1529586 0 0 0 -0.1207718 0 0 0 0 0 -0.2668405 0 0 -0.05510991 0.3765287 0.3753046 0 -0.1029699 0.4503768 0.4436977 0.4426911 0.4426911 0.4906266 0.4426911 0.4415331 0 0 0 0 0 0 -0.04640151 0 0 0 0 0.6310008 -0.4771938 0 0.1301894 0.6310916 0 -0.6443019 -0.07843017 0.4386 0 -0.1038994 -0.6297332 0 -0.6297332 0 0 -0.476097 -0.04809014 0 0.7598462 0 -0.03946978 -0.1115224 0.7601763 0.4343433 0 0.7388801 0.3672844 0 -0.5991782 0 -0.6266399 -0.1875535 -0.5548023 0 -0.4658412 -0.6016401 -0.6016401 0 -0.1067375 -0.1115204 0 0 0 0 -0.05646128 -0.03716101 -0.03786797 0 0 0.3354942 0 0 -0.02158143 0 0 0 0 0 0 0 0.1193774 0.001873168 0 -0.2344498 0 0 0 -0.2701889 0.006868844 0 0 0 0 0 0 0.01679904 0 0 0 -0.05447463 0 0 -0.2353209 0 -0.01684159 -0.081803 0 0 0
0 0 0 0 0 0 0 0 0 0 0 0 0 0 1.01 0 0 0 0 0 0 0 0 0 0 0 0 0 0 0 0 0 0 0 0 0 0 0 0 0 0 0 0 0 0 0 0 0 0 0 0 0 0 0 0 0 0 0 0 0 0 0 0 0 0 0 0 0 0 0 0 0 0 0 0 0 0 0 0 0 0 0 0 0 0 0 0 0 0 0 0 0 0 0 0 0 0 0 0 0 0 0 0 0 0 0 0 0 0 0 0 0 0 0 0 0 0 0 0 0 0 0 0 0 0 0 0 0 0 0 0 0 0 0 0 0 0 0 0 0 0 0 0 0 0 0 0 0 0 0 0 0 0 0
0 0 0 0 0 0 0 0 0 0 0 0 0 0 0 1.01 0 0 0 0 0 0 0 0 0 0 0 0 0 0 0 0 0 0 0 0 0 0 0 0 0 0 0 0 0 0 0 0 0 0 0 0 0 0 0 0 0 0 0 0 0 0 0 0 0 0 0 0 0 0 0 0 0 0 0 0 0 0 0 0 0 0 0 0 0 0 0 0 0 0 0 0 0 0 0 0 0 0 0 0 0 0 0 0 0 0 0 0 0 0 0 0 0 0 0 0 0 0 0 0 0 0 0 0 0 0 0 0 0 0 0 0 0 0 0 0 0 0 0 0 0 0 0 0 0 0 0 0 0 0 0 0 0 0
0 0 0 0 0.9514762 -0.3795491 0 0 -0.2864684 0 0 -0.286439 0 -0.09798515 0 0 1.01 -0.04019437 0 0.3485304 0.1627124 0 0 -0.01758753 0 -0.06494056 -0.04075031 -0.05764038 -0.1593024 0 0 0 -0.1289824 0 0 0 0 0 -0.2962268 0 0 -0.07258876 -0.1417825 -0.1430152 0 0.9008699 -0.07487339 -0.0616672 -0.0625056 -0.0625056 0.5095122 -0.0625056 -0.06278062 0 0 0 0 0 0 -0.06024072 0 0 0 0 -0.08348041 -0.4883027 0 0.7684193 -0.08327989 0 0.07943101 0.6700307 -0.06373761 0 0.896502 0.08399785 0 0.08399785 0 0 -0.48648 0.3244686 0 0.01153381 0 -0.03981848 0.8535745 0.01165698 -0.064699 0 0.01557859 -0.07621317 0 0.09577405 0 0.08844461 -0.1696178 0.09500166 0 -0.4577369 0.09256542 0.09256542 0 0.8255641 0.7874181 0 0 0 0 -0.04575395 -0.03458895 -0.0202514 0 0 0.07495416 0 0 -0.08354218 0 0 0 0 0 0 0 -0.03725138 0.1098793 0 -0.1008895 0 0 0 -0.02345509 -0.05820632 0 0 0 0 0 0 -0.07550418 0 0 0 0.2132475 0 0 -0.08874818 0 0.07825817 0.001580795 0 0 0
0 0 0 0 -0.04400337 0.1101293 0 0 -0.1144754 0 0 -0.1144633 0 -0.04572965 0 0 -0.04019437 1.01 0 -0.007024054 0.0715884 0 0 -0.02465533 0 -0.02991615 -0.01801597 -0.03413 -0.06997606 0 0 0 -0.05000725 0 0 0 0 0 -0.1183996 0 0 -0.04046992 0.09987695 0.2295038 0 -0.04214951 -0.06563764 -0.02844717 -0.02834124 -0.02834124 -0.08359732 -0.02834124 -0.02844717 0 0 0 0 0 0 -0.02445234 0 0 0 0 -0.06778373 0.08919957 0 -0.05251203 -0.06771866 0 0.06589028 -0.02755856 -0.02881589 0 -0.04251347 0.06812509 0 0.06812509 0 0 0.08989222 -0.02368317 0 -0.03626164 0 -0.01983353 -0.04642737 -0.036223 -0.02667458 0 -0.03407547 -0.03439058 0 0.07149156 0 0.06934001 0.2029882 -0.0605125 0 0.09236749 0.07022314 0.07022314 0 -0.04572056 -0.04933305 0 0 0 0 -0.004961952 0.7843082 -0.02260972 0 0 -0.01749974 0 0 -0.04784336 0 0 0 0 0 0 0 -0.02169021 0.1226485 0 -0.05767735 0 0 0 0.06036258 -0.02761868 0 0 0 0 0 0 -0.1064369 0 0 0 -0.02699463 0 0 -0.05481972 0 0.1069251 0.01020768 0 0 0
0 0 0 0 0 0 0 0 0 0 0 0 0 0 0 0 0 0 1.01 0 0 0 0 0 0 0 0 0 0 0 0 0 0 0 0 0 0 0 0 0 0 0 0 0 0 0 0 0 0 0 0 0 0 0 0 0 0 0 0 0 0 0 0 0 0 0 0 0 0 0 0 0 0 0 0 0 0 0 0 0 0 0 0 0 0 0 0 0 0 0 0 0 0 0 0 0 0 0 0 0 0 0 0 0 0 0 0 0 0 0 0 0 0 0 0 0 0 0 0 0 0 0 0 0 0 0 0 0 0 0 0 0 0 0 0 0 0 0 0 0 0 0 0 0 0 0 0 0 0 0 0 0 0 0
0 0 0 0 0.3316356 -0.1293781 0 0 -0.09562126 0 0 -0.09561101 0 -0.03351527 0 0 0.3485304 -0.007024054 0 1.01 0.06257028 0 0 -0.01132846 0 -0.02463931 -0.017604 -0.02668849 -0.06068822 0 0 0 -0.0508013 0 0 0 0 0 -0.09768816 0 0 -0.02679928 -0.04960839 -0.04910383 0 0.3420235 -0.04637382 -0.02304943 -0.02295837 -0.02295837 0.1786147 -0.02295837 -0.02304943 0 0 0 0 0 0 -0.01428848 0 0 0 0 -0.04898684 -0.171089 0 0.2924046 -0.04892806 0 0.04639241 0.4156633 -0.02336633 0 0.3406505 0.04807263 0 0.04807263 0 0 -0.1712368 -0.02122323 0 -0.02637558 0 -0.01356493 0.3233648 -0.02634182 -0.02368057 0 -0.0263067 -0.02752147 0 0.04997072 0 0.04915605 -0.06088329 0.05184583 0 -0.1305923 0.05056268 0.05056268 0 0.2684687 0.2558191 0 0 0 0 -0.008829737 -0.003436885 0.001695302 0 0 -0.02476168 0 0 -0.02448625 0 0 0 0 0 0 0 -0.01794435 0.1100425 0 -0.05760145 0 0 0 0.0484872 -0.02166791 0 0 0 0 0 0 -0.08873053 0 0 0 0.008196852 0 0 -0.04608371 0 0.09575165 0.01165532 0 0 0
0 0 0 0 0.1739288 0.6170178 0 0 0.469213 0 0 0.4691623 0 0.1478431 0 0 0.1627124 0.0715884 0 0.06257028 1.01 0 0 -0.1977031 0 0.1014491 0.07002863 0.09035455 -0.9776032 0 0 0 -0.78414 0 0 0 0 0 0.4746282 0 0 -0.3403768 0.2483538 0.2480297 0 0.12381 -0.1205957 0.0567218 0.05694349 0.05694349 -0.03067539 0.05694349 0.05518699 0 0 0 0 0 0 0.09109021 0 0 0 0 -0.1196687 0.01180682 0 0.1398357 -0.1191678 0 0.1261439 0.08226093 0.05633497 0 0.1250333 0.1172764 0 0.1172764 0 0 0.009814454 0.005359113 0 0.1273256 0 0.05658533 0.1302206 0.1276392 0.05385184 0 0.1280388 0.07620644 0 0.1322739 0 0.1097537 -0.4830562 0.09444178 0 0.00582864 0.1028785 0.1028785 0 0.1264968 0.139015 0 0 0 0 0.0575141 0.06922785 0.04484137 0 0 0.08663717 0 0 -0.4398106 0 0 0 0 0 0 0 0.08189211 -0.1472636 0 0.258343 0 0 0 0.1938248 0.08828332 0 0 0 0 0 0 0.09214708 0 0 0 0.07186612 0 0 0.2200352 0 -0.09158852 -0.02518654 0 0 0
0 0 0 0 0 0 0 0 0 0 0 0 0 0 0 0 0 0 0 0 0 1.01 0 0 0 0 0 0 0 0 0 0 0 0 0 0 0 0 0 0 0 0 0 0 0 0 0 0 0 0 0 0 0 0 0 0 0 0 0 0 0 0 0 0 0 0 0 0 0 0 0 0 0 0 0 0 0 0 0 0 0 0 0 0 0 0 0 0 0 0 0 0 0 0 0 0 0 0 0 0 0 0 0 0 0 0 0 0 0 0 0 0 0 0 0 0 0 0 0 0 0 0 0 0 0 0 0 0 0 0 0 0 0 0 0 0 0 0 0 0 0 0 0 0 0 0 0 0 0 0 0 0 0 0
0 0 0 0 0 0 0 0 0 0 0 0 0 0 0 0 0 0 0 0 0 0 1.01 0 0 0 0 0 0 0 0 0 0 0 0 0 0 0 0 0 0 0 0 0 0 0 0 0 0 0 0 0 0 0 0 0 0 0 0 0 0 0 0 0 0 0 0 0 0 0 0 0 0 0 0 0 0 0 0 0 0 0 0 0 0 0 0 0 0 0 0 0 0 0 0 0 0 0 0 0 0 0 0 0 0 0 0 0 0 0 0 0 0 0 0 0 0 0 0 0 0 0 0 0 0 0 0 0 0 0 0 0 0 0 0 0 0 0 0 0 0 0 0 0 0 0 0 0 0 0 0 0 0 0
0 0 0 0 -0.0187795 -0.1357344 0 0 -0.09956088 0 0 -0.09955233 0 -0.03066753 0 0 -0.01758753 -0.02465533 0 -0.01132846 -0.1977031 0 0 1.01 0 -0.02555022 -0.01128764 -0.007251349 0.2014772 0 0 0 -0.02987029 0 0 0 0 0 -0.1018276 0 0 0.4233476 -0.05449321 -0.05653714 0 -0.01932264 0.2078988 -0.01384318 -0.01374386 -0.01374386 0.1645419 -0.01374386 -0.01384318 0 0 0 0 0 0 -0.01594832 0 0 0 0 0.2004687 -0.1589183 0 -0.02467645 0.2006402 0 -0.204354 -0.01579261 -0.01418853 0 -0.01965171 -0.1997834 0 -0.1997834 0 0 -0.1580732 -0.008521943 0 -0.03244629 0 -0.01544515 -0.02268915 -0.03241659 -0.01455156 0 -0.03078901 -0.016042 0 -0.1919207 0 -0.1985505 -0.04706152 -0.1753058 0 -0.1541974 -0.1947454 -0.1947454 0 -0.02376636 -0.02478498 0 0 0 0 -0.02409911 -0.0228644 -0.006785024 0 0 -0.01590618 0 0 0.3501861 0 0 0 0 0 0 0 0.02275417 -0.05573321 0 -0.1073873 0 0 0 -0.229627 -0.02308446 0 0 0 0 0 0 0.07018089 0 0 0 -0.00277092 0 0 -0.1028413 0 -0.06892163 0.01984533 0 0 0
0 0 0 0 0 0 0 0 0 0 0 0 0 0 0 0 0 0 0 0 0 0 0 0 1.01 0 0 0 0 0 0 0 0 0 0 0 0 0 0 0 0 0 0 0 0 0 0 0 0 0 0 0 0 0 0 0 0 0 0 0 0 0 0 0 0 0 0 0 0 0 0 0 0 0 0 0 0 0 0 0 0 0 0 0 0 0 0 0 0 0 0 0 0 0 0 0 0 0 0 0 0 0 0 0 0 0 0 0 0 0 0 0 0 0 0 0 0 0 0 0 0 0 0 0 0 0 0 0 0 0 0 0 0 0 0 0 0 0 0 0 0 0 0 0 0 0 0 0 0 0 0 0 0 0
0 0 0 0 -0.06487145 0.1788074 0 0 0.2523155 0 0 0.2523962 0 -0.07458623 0 0 -0.06494056 -0.02991615 0 -0.02463931 0.1014491 0 0 -0.02555022 0 1.01 -0.03425704 -0.05094919 -0.1182391 0 0 0 -0.09563379 0 0 0 0 0 0.2453208 0 0 -0.05196562 -0.1287179 -0.1285116 0 -0.06771926 -0.112394 -0.03038762 -0.03012098 -0.03012098 -0.1386529 -0.03012098 -0.03038762 0 0 0 0 0 0 -0.05195221 0 0 0 0 -0.1142043 0.1436988 0 -0.07688421 -0.1140586 0 0.1089125 -0.05297071 -0.0300306 0 -0.06852139 0.113334 0 0.113334 0 0 0.1437828 -0.04100522 0 -0.06076496 0 -0.03398809 -0.07451227 -0.06149074 -0.03230129 0 -0.05844724 -0.03075967 0 0.1149812 0 0.1101186 -0.1365775 0.1071657 0 0.1477234 0.1149779 0.1149779 0 -0.07293656 -0.07286861 0 0 0 0 -0.02465704 -0.02045281 -0.009737235 0 0 -0.0435879 0 0 -0.0723116 0 0 0 0 0 0 0 -0.04252316 -0.07690743 0 0.1513438 0 0 0 0.1056932 -0.05178118 0 0 0 0 0 0 0.09126586 0 0 0 -0.04122892 0 0 0.1617379 0 -0.09503937 0.02616936 0 0 0
0 0 0 0 -0.04517836 -0.171104 0 0 -0.1219209 0 0 -0.1219077 0 0.4315087 0 0 -0.04075031 -0.01801597 0 -0.017604 0.07002863 0 0 -0.01128764 0 -0.03425704 1.01 0.6829702 -0.0669307 0 0 0 -0.05744743 0 0 0 0 0 -0.1283148 0 0 -0.02695161 0.2681963 0.2660305 0 -0.04693177 0.2993876 -0.01608703 -0.02068858 -0.02068858 0.2257312 -0.02068858 -0.02082031 0 0 0 0 0 0 -0.03169855 0 0 0 0 0.2902239 -0.2159954 0 -0.0529598 0.2904655 0 -0.2975095 -0.03811205 -0.018926 0 -0.04732137 -0.2902483 0 -0.2902483 0 0 -0.2156956 -0.02304744 0 0.4895138 0 -0.003629398 -0.05299691 0.4896999 -0.02175556 0 0.4912642 -0.02890325 0 -0.2665279 0 -0.2768952 -0.0809371 -0.2518983 0 -0.2070357 -0.2708637 -0.2708637 0 -0.04446752 -0.048736 0 0 0 0 -0.02665677 -0.0175941 -0.02023189 0 0 0.5187035 0 0 -0.009246746 0 0 0 0 0 0 0 0.001656485 -0.0447173 0 -0.1283251 0 0 0 -0.2310437 -0.033113 0 0 0 0 0 0 0.05790568 0 0 0 -0.01168512 0 0 -0.1207711 0 -0.0575369 0.01183807 0 0 0
0 0 0 0 -0.06340551 -0.176697 0 0 -0.1115109 0 0 -0.1114839 0 0.4862094 0 0 -0.05764038 -0.03413 0 -0.02668849 0.09035455 0 0 -0.007251349 0 -0.05094919 0.6829702 1.01 -0.08688664 0 0 0 -0.0719009 0 0 0 0 0 -0.1204262 0 0 -0.03883207 0.2972607 0.2945123 0 -0.06636964 0.336308 -0.03250642 -0.0355846 -0.0355846 0.2425097 -0.0355846 -0.03576828 0 0 0 0 0 0 -0.04639576 0 0 0 0 0.3216818 -0.229223 0 -0.07812557 0.3219869 0 -0.3305013 -0.05365153 -0.0347861 0 -0.06694657 -0.3211221 0 -0.3211221 0 0 -0.2282371 -0.02523292 0 0.5621698 0 -0.01892357 -0.07267839 0.5624001 -0.0370604 0 0.5676278 -0.04565641 0 -0.2953569 0 -0.3098026 -0.1076589 -0.2781467 0 -0.2203816 -0.3012534 -0.3012534 0 -0.06529887 -0.07078384 0 0 0 0 -0.0284081 -0.03157445 -0.02707719 0 0 0.4706635 0 0 -0.02839325 0 0 0 0 0 0 0 0.2244582 -0.09418067 0 -0.1192128 0 0 0 -0.182307 -0.03764024 0 0 0 0 0 0 0.1087425 0 0 0 -0.02316423 0 0 -0.1139762 0 -0.1094591 0.02532197 0 0 0
0 0 0 0 -0.1716031 -0.6171678 0 0 -0.4664657 0 0 -0.466417 0 -0.1529586 0 0 -0.1593024 -0.06997606 0 -0.06068822 -0.9776032 0 0 0.2014772 0 -0.1182391 -0.0669307 -0.08688664 1.01 0 0 0 0.8025157 0 0 0 0 0 -0.4832569 0 0 0.3470951 -0.2498563 -0.2492835 0 -0.1204694 0.1303946 -0.08869383 -0.08899567 -0.08899567 0.03100972 -0.08899567 -0.08713855 0 0 0 0 0 0 -0.08982869 0 0 0 0 0.1174804 -0.01148322 0 -0.1529598 0.1169566 0 -0.1234462 -0.07968779 -0.08803465 0 -0.1216514 -0.1144819 0 -0.1144819 0 0 -0.009026211 -0.004416107 0 -0.1223217 0 -0.05497195 -0.12692 -0.1226449 -0.08516097 0 -0.1223455 -0.1051829 0 -0.129379 0 -0.1064851 0.4928733 -0.08356209 0 -0.004452224 -0.09948384 -0.09948384 0 -0.1241147 -0.1376236 0 0 0 0 -0.0558405 -0.0669874 -0.0420818 0 0 -0.08252541 0 0 0.4502547 0 0 0 0 0 0 0 -0.08062403 0.1300436 0 -0.2401355 0 0 0 -0.1883858 -0.08479163 0 0 0 0 0 0 -0.07981793 0 0 0 -0.07007308 0 0 -0.204863 0 0.07970908 0.06482535 0 0 0
0 0 0 0 0 0 0 0 0 0 0 0 0 0 0 0 0 0 0 0 0 0 0 0 0 0 0 0 0 1.01 0 0 0 0 0 0 0 0 0 0 0 0 0 0 0 0 0 0 0 0 0 0 0 0 0 0 0 0 0 0 0 0 0 0 0 0 0 0 0 0 0 0 0 0 0 0 0 0 0 0 0 0 0 0 0 0 0 0 0 0 0 0 0 0 0 0 0 0 0 0 0 0 0 0 0 0 0 0 0 0 0 0 0 0 0 0 0 0 0 0 0 0 0 0 0 0 0 0 0 0 0 0 0 0 0 0 0 0 0 0 0 0 0 0 0 0 0 0 0 0 0 0 0 0
0 0 0 0 0 0 0 0 0 0 0 0 0 0 0 0 0 0 0 0 0 0 0 0 0 0 0 0 0 0 1.01 0 0 0 0 0 0 0 0 0 0 0 0 0 0 0 0 0 0 0 0 0 0 0 0 0 0 0 0 0 0 0 0 0 0 0 0 0 0 0 0 0 0 0 0 0 0 0 0 0 0 0 0 0 0 0 0 0 0 0 0 0 0 0 0 0 0 0 0 0 0 0 0 0 0 0 0 0 0 0 0 0 0 0 0 0 0 0 0 0 0 0 0 0 0 0 0 0 0 0 0 0 0 0 0 0 0 0 0 0 0 0 0 0 0 0 0 0 0 0 0 0 0 0
0 0 0 0 0 0 0 0 0 0 0 0 0 0 0 0 0 0 0 0 0 0 0 0 0 0 0 0 0 0 0 1.01 0 0 0 0 0 0 0 0 0 0 0 0 0 0 0 0 0 0 0 0 0 0 0 0 0 0 0 0 0 0 0 0 0 0 0 0 0 0 0 0 0 0 0 0 0 0 0 0 0 0 0 0 0 0 0 0 0 0 0 0 0 0 0 0 0 0 0 0 0 0 0 0 0 0 0 0 0 0 0 0 0 0 0 0 0 0 0 0 0 0 0 0 0 0 0 0 0 0 0 0 0 0 0 0 0 0 0 0 0 0 0 0 0 0 0 0 0 0 0 0 0 0
0 0 0 0 -0.1382718 -0.4919266 0 0 -0.3761814 0 0 -0.3761418 0 -0.1207718 0 0 -0.1289824 -0.05000725 0 -0.0508013 -0.78414 0 0 -0.02987029 0 -0.09563379 -0.05744743 -0.0719009 0.8025157 0 0 0 1.01 0 0 0 0 0 -0.3918163 0 0 -0.08920081 -0.1982091 -0.1973234 0 -0.1298187 -0.172455 -0.07045359 -0.07096889 -0.07096889 -0.2343776 -0.07096889 -0.06864849 0 0 0 0 0 0 -0.07012545 0 0 0 0 -0.1781994 0.246072 0 -0.1513504 -0.1779641 0 0.1751691 -0.1108247 -0.06911459 0 -0.1305304 0.179396 0 0.179396 0 0 0.2467919 -0.06533675 0 -0.09182713 0 -0.04286726 -0.1330831 -0.09225773 -0.06697213 0 -0.09154015 -0.08237564 0 0.1454204 0 0.1832976 0.6540458 0.1780918 0 0.2491515 0.1865156 0.1865156 0 -0.1306422 -0.1399558 0 0 0 0 -0.04051629 -0.04445134 -0.04230079 0 0 -0.06827781 0 0 -0.02208756 0 0 0 0 0 0 0 -0.07417769 0.2488151 0 -0.129149 0 0 0 0.09100653 -0.06357812 0 0 0 0 0 0 -0.2051072 0 0 0 -0.05020539 0 0 -0.1246289 0 0.2044462 0.06379608 0 0 0
0 0 0 0 0 0 0 0 0 0 0 0 0 0 0 0 0 0 0 0 0 0 0 0 0 0 0 0 0 0 0 0 0 1.01 0 0 0 0 0 0 0 0 0 0 0 0 0 0 0 0 0 0 0 0 0 0 0 0 0 0 0 0 0 0 0 0 0 0 0 0 0 0 0 0 0 0 0 0 0 0 0 0 0 0 0 0 0 0 0 0 0 0 0 0 0 0 0 0 0 0 0 0 0 0 0 0 0 0 0 0 0 0 0 0 0 0 0 0 0 0 0 0 0 0 0 0 0 0 0 0 0 0 0 0 0 0 0 0 0 0 0 0 0 0 0 0 0 0 0 0 0 0 0 0
0 0 0 0 0 0 0 0 0 0 0 0 0 0 0 0 0 0 0 0 0 0 0 0 0 0 0 0 0 0 0 0 0 0 1.01 0 0 0 0 0 0 0 0 0 0 0 0 0 0 0 0 0 0 0 0 0 0 0 0 0 0 0 0 0 0 0 0 0 0 0 0 0 0 0 0 0 0 0 0 0 0 0 0 0 0 0 0 0 0 0 0 0 0 0 0 0 0 0 0 0 0 0 0 0 0 0 0 0 0 0 0 0 0 0 0 0 0 0 0 0 0 0 0 0 0 0 0 0 0 0 0 0 0 0 0 0 0 0 0 0 0 0 0 0 0 0 0 0 0 0 0 0 0 0
0 0 0 0 0 0 0 0 0 0 0 0 0 0 0 0 0 0 0 0 0 0 0 0 0 0 0 0 0 0 0 0 0 0 0 1.01 0 0 0 0 0 0 0 0 0 0 0 0 0 0 0 0 0 0 0 0 0 0 0 0 0 0 0 0 0 0 0 0 0 0 0 0 0 0 0 0 0 0 0 0 0 0 0 0 0 0 0 0 0 0 0 0 0 0 0 0 0 0 0 0 0 0 0 0 0 0 0 0 0 0 0 0 0 0 0 0 0 0 0 0 0 0 0 0 0 0 0 0 0 0 0 0 0 0 0 0 0 0 0 0 0 0 0 0 0 0 0 0 0 0 0 0 0 0
0 0 0 0 0 0 0 0 0 0 0 0 0 0 0 0 0 0 0 0 0 0 0 0 0 0 0 0 0 0 0 0 0 0 0 0 1.01 0 0 0 0 0 0 0 0 0 0 0 0 0 0 0 0 0 0 0 0 0 0 0 0 0 0 0 0 0 0 0 0 0 0 0 0 0 0 0 0 0 0 0 0 0 0 0 0 0 0 0 0 0 0 0 0 0 0 0 0 0 0 0 0 0 0 0 0 0 0 0 0 0 0 0 0 0 0 0 0 0 0 0 0 0 0 0 0 0 0 0 0 0 0 0 0 0 0 0 0 0 0 0 0 0 0 0 0 0 0 0 0 0 0 0 0 0
0 0 0 0 0 0 0 0 0 0 0 0 0 0 0 0 0 0 0 0 0 0 0 0 0 0 0 0 0 0 0 0 0 0 0 0 0 1.01 0 0 0 0 0 0 0 0 0 0 0 0 0 0 0 0 0 0 0 0 0 0 0 0 0 0 0 0 0 0 0 0 0 0 0 0 0 0 0 0 0 0 0 0 0 0 0 0 0 0 0 0 0 0 0 0 0 0 0 0 0 0 0 0 0 0 0 0 0 0 0 0 0 0 0 0 0 0 0 0 0 0 0 0 0 0 0 0 0 0 0 0 0 0 0 0 0 0 0 0 0 0 0 0 0 0 0 0 0 0 0 0 0 0 0 0
0 0 0 0 -0.2533362 0.7051078 0 0 0.9612297 0 0 0.9611317 0 -0.2668405 0 0 -0.2962268 -0.1183996 0 -0.09768816 0.4746282 0 0 -0.1018276 0 0.2453208 -0.1283148 -0.1204262 -0.4832569 0 0 0 -0.3918163 0 0 0 0 0 1.01 0 0 -0.1423579 -0.446358 -0.477812 0 -0.2798484 -0.3986586 -0.1267762 -0.1257805 -0.1257805 -0.550556 -0.1257805 -0.1261519 0 0 0 0 0 0 0.1811409 0 0 0 0 -0.4074069 0.5079811 0 -0.3122505 -0.4070998 0 0.4249339 -0.2029146 -0.1221711 0 -0.2782418 0.4027422 0 0.4027422 0 0 0.5026625 -0.1120336 0 -0.2539111 0 0.1277471 -0.2911987 -0.2539914 -0.1215951 0 -0.244531 -0.05249616 0 0.380656 0 0.3898111 -0.4919673 0.3784277 0 0.506325 0.3645774 0.3645774 0 -0.2825081 -0.2430437 0 0 0 0 0.06773517 -0.07553049 0.07174934 0 0 -0.1181676 0 0 -0.2635462 0 0 0 0 0 0 0 -0.1536945 -0.2792266 0 0.5021608 0 0 0 0.2652415 0.1571301 0 0 0 0 0 0 0.1760267 0 0 0 -0.09354581 0 0 0.3824066 0 -0.1754305 -0.06943242 0 0 0
0 0 0 0 0 0 0 0 0 0 0 0 0 0 0 0 0 0 0 0 0 0 0 0 0 0 0 0 0 0 0 0 0 0 0 0 0 0 0 1.01 0 0 0 0 0 0 0 0 0 0 0 0 0 0 0 0 0 0 0 0 0 0 0 0 0 0 0 0 0 0 0 0 0 0 0 0 0 0 0 0 0 0 0 0 0 0 0 0 0 0 0 0 0 0 0 0 0 0 0 0 0 0 0 0 0 0 0 0 0 0 0 0 0 0 0 0 0 0 0 0 0 0 0 0 0 0 0 0 0 0 0 0 0 0 0 0 0 0 0 0 0 0 0 0 0 0 0 0 0 0 0 0 0 0
0 0 0 0 0 0 0 0 0 0 0 0 0 0 0 0 0 0 0 0 0 0 0 0 0 0 0 0 0 0 0 0 0 0 0 0 0 0 0 0 1.01 0 0 0 0 0 0 0 0 0 0 0 0 0 0 0 0 0 0 0 0 0 0 0 0 0 0 0 0 0 0 0 0 0 0 0 0 0 0 0 0 0 0 0 0 0 0 0 0 0 0 0 0 0 0 0 0 0 0 0 0 0 0 0 0 0 0 0 0 0 0 0 0 0 0 0 0 0 0 0 0 0 0 0 0 0 0 0 0 0 0 0 0 0 0 0 0 0 0 0 0 0 0 0 0 0 0 0 0 0 0 0 0 0
0 0 0 0 0.04993037 -0.2834181 0 0 -0.2063129 0 0 -0.2062901 0 -0.05510991 0 0 -0.07258876 -0.04046992 0 -0.02679928 -0.3403768 0 0 0.4233476 0 -0.05196562 -0.02695161 -0.03883207 0.3470951 0 0 0 -0.08920081 0 0 0 0 0 -0.1423579 0 0 1.01 -0.118961 -0.1207331 0 -0.002731411 0.4362205 -0.04455345 -0.0443433 -0.0443433 0.2861222 -0.0443433 -0.04455345 0 0 0 0 0 0 -0.04715959 0 0 0 0 0.3259098 -0.3563745 0 -0.02605998 0.3262429 0 -0.3322217 0.03583545 -0.04528461 0 -0.003617703 -0.3245427 0 -0.3245427 0 0 -0.3539067 0.09750752 0 -0.06572396 0 -0.0304731 -0.0100325 -0.06565205 -0.04602535 0 -0.06716455 0.1459912 0 -0.3991375 0 -0.4140896 -0.1295796 -0.375394 0 -0.3490579 -0.4080462 -0.4080462 0 -0.008282631 0.1065505 0 0 0 0 -0.03251518 -0.04712464 -0.01628212 0 0 -0.03660837 0 0 0.5917682 0 0 0 0 0 0 0 -0.02474948 -0.1477477 0 -0.1944751 0 0 0 -0.4042562 -0.04585894 0 0 0 0 0 0 0.1518928 0 0 0 -0.04311999 0 0 -0.1384709 0 -0.1520456 0.005516387 0 0 0
0 0 0 0 -0.1478198 0.07241184 0 0 -0.4370143 0 0 -0.4369634 0 0.3765287 0 0 -0.1417825 0.09987695 0 -0.04960839 0.2483538 0 0 -0.05449321 0 -0.1287179 0.2681963 0.2972607 -0.2498563 0 0 0 -0.1982091 0 0 0 0 0 -0.446358 0 0 -0.118961 1.01 0.9505182 0 -0.1481057 0.4466075 -0.08296839 -0.08406025 -0.08406025 0.1937412 -0.08406025 -0.08453748 0 0 0 0 0 0 -0.08834244 0 0 0 0 0.32064 -0.1753762 0 -0.1718534 0.3208535 0 -0.330938 -0.1206905 -0.0846377 0 -0.145628 -0.3183027 0 -0.3183027 0 0 -0.1727533 -0.07478443 0 0.466753 0 -0.06261126 -0.09179401 0.4670755 -0.0848169 0 0.4532213 -0.09405822 0 -0.2851782 0 -0.3100908 0.2564862 -0.3033506 0 -0.2034846 -0.2992181 -0.2992181 0 -0.08711329 -0.09438505 0 0 0 0 0.1005755 0.07487356 -0.02524929 0 0 0.1950718 0 0 -0.06205381 0 0 0 0 0 0 0 0.3081073 0.04925638 0 -0.2460075 0 0 0 -0.149594 -0.1036672 0 0 0 0 0 0 0.002491962 0 0 0 0.05025922 0 0 -0.1439855 0 -0.005443252 0.01404221 0 0 0
0 0 0 0 -0.149749 0.07407394 0 0 -0.4683114 0 0 -0.4682647 0 0.3753046 0 0 -0.1430152 0.2295038 0 -0.04910383 0.2480297 0 0 -0.05653714 0 -0.1285116 0.2660305 0.2945123 -0.2492835 0 0 0 -0.1973234 0 0 0 0 0 -0.477812 0 0 -0.1207331 0.9505182 1.01 0 -0.1497103 0.4456936 -0.08529177 -0.08638728 -0.08638728 0.1904924 -0.08638728 -0.0868566 0 0 0 0 0 0 -0.08604045 0 0 0 0 0.3191646 -0.1712094 0 -0.1768297 0.3193759 0 -0.3297053 -0.1211327 -0.08771139 0 -0.1494431 -0.3168411 0 -0.3168411 0 0 -0.1686098 -0.07646848 0 0.4679212 0 -0.06628299 -0.0946434 0.4682428 -0.08708198 0 0.454437 -0.09787512 0 -0.2836474 0 -0.3083545 0.2782121 -0.3346746 0 -0.1998903 -0.2972531 -0.2972531 0 -0.09000718 -0.09789561 0 0 0 0 0.02028474 0.1946744 -0.02625321 0 0 0.1979871 0 0 -0.06626811 0 0 0 0 0 0 0 0.3101879 0.06345131 0 -0.2574332 0 0 0 -0.1475644 -0.1006784 0 0 0 0 0 0 -0.01215476 0 0 0 0.04747404 0 0 -0.1557781 0 0.008677406 0.01258718 0 0 0
0 0 0 0 0 0 0 0 0 0 0 0 0 0 0 0 0 0 0 0 0 0 0 0 0 0 0 0 0 0 0 0 0 0 0 0 0 0 0 0 0 0 0 0 1.01 0 0 0 0 0 0 0 0 0 0 0 0 0 0 0 0 0 0 0 0 0 0 0 0 0 0 0 0 0 0 0 0 0 0 0 0 0 0 0 0 0 0 0 0 0 0 0 0 0 0 0 0 0 0 0 0 0 0 0 0 0 0 0 0 0 0 0 0 0 0 0 0 0 0 0 0 0 0 0 0 0 0 0 0 0 0 0 0 0 0 0 0 0 0 0 0 0 0 0 0 0 0 0 0 0 0 0 0 0
0 0 0 0 0.8550096 -0.3515665 0 0 -0.2655132 0 0 -0.2654803 0 -0.1029699 0 0 0.9008699 -0.04214951 0 0.3420235 0.12381 0 0 -0.01932264 0 -0.06771926 -0.04693177 -0.06636964 -0.1204694 0 0 0 -0.1298187 0 0 0 0 0 -0.2798484 0 0 -0.002731411 -0.1481057 -0.1497103 0 1.01 -0.1391005 -0.05865646 -0.05946802 -0.05946802 0.5207555 -0.05946802 -0.05975575 0 0 0 0 0 0 -0.06207035 0 0 0 0 -0.1441086 -0.4981066 0 0.8582008 -0.143932 0 0.1400435 0.7821091 -0.06075677 0 0.9953371 0.1445549 0 0.1445549 0 0 -0.4962224 0.4958945 0 -0.08625536 0 -0.04471273 0.947589 -0.08615656 -0.06177319 0 -0.08344616 -0.07521712 0 0.1549449 0 0.1486946 -0.1742189 0.1524708 0 -0.4674561 0.1528456 0.1528456 0 0.921224 0.8790063 0 0 0 0 -0.04795435 -0.03800657 -0.02374573 0 0 -0.0578402 0 0 -0.07775253 0 0 0 0 0 0 0 -0.04009977 0.1295571 0 -0.07738084 0 0 0 0.04156104 -0.06044807 0 0 0 0 0 0 -0.09442813 0 0 0 0.2096169 0 0 -0.05706325 0 0.0955153 0.0003689592 0 0 0
0 0 0 0 -0.01170844 -0.3665248 0 0 -0.4305077 0 0 -0.4304634 0 0.4503768 0 0 -0.07487339 -0.06563764 0 -0.04637382 -0.1205957 0 0 0.2078988 0 -0.112394 0.2993876 0.336308 0.1303946 0 0 0 -0.172455 0 0 0 0 0 -0.3986586 0 0 0.4362205 0.4466075 0.4456936 0 -0.1391005 1.01 -0.06970009 -0.07090165 -0.07090165 0.6188234 -0.07090165 -0.07135647 0 0 0 0 0 0 -0.08049416 0 0 0 0 0.8016298 -0.6453181 0 -0.1608976 0.8013324 0 -0.816479 -0.1080083 -0.07211493 0 -0.1390999 -0.7976065 0 -0.7976065 0 0 -0.6408873 -0.06287821 0 0.6009064 0 -0.06859625 -0.1478506 0.6012514 -0.07295403 0 0.5847935 0.02924999 0 -0.8076481 0 -0.8451896 -0.1646793 -0.7599255 0 -0.6273689 -0.8266457 -0.8266457 0 -0.1455243 -0.08271254 0 0 0 0 -0.06485141 -0.06230505 -0.04152703 0 0 0.3204755 0 0 0.5009877 0 0 0 0 0 0 0 0.3435067 -0.1462455 0 -0.4212722 0 0 0 -0.5817017 -0.08825541 0 0 0 0 0 0 0.1791103 0 0 0 -0.07520739 0 0 -0.2900862 0 -0.1792006 -0.002891926 0 0 0
0 0 0 0 -0.06398556 -0.180266 0 0 -0.1234567 0 0 -0.1234375 0 0.4436977 0 0 -0.0616672 -0.02844717 0 -0.02304943 0.0567218 0 0 -0.01384318 0 -0.03038762 -0.01608703 -0.03250642 -0.08869383 0 0 0 -0.07045359 0 0 0 0 0 -0.1267762 0 0 -0.04455345 -0.08296839 -0.08529177 0 -0.05865646 -0.06970009 1.01 0.9980636 0.9980636 0.2761318 0.9980636 0.9961301 0 0 0 0 0 0 -0.01599726 0 0 0 0 0.3559309 -0.2659407 0 0.4509198 0.3554199 0 -0.363234 -0.04606746 0.9894442 0 -0.05913117 -0.355558 0 -0.355558 0 0 -0.2659191 -0.03028163 0 -0.03695244 0 -0.01896612 -0.06288697 -0.03689817 0.9820144 0 -0.03876386 0.855425 0 -0.3397309 0 -0.3527959 -0.1043104 -0.2991001 0 -0.2622046 -0.3298114 -0.3298114 0 -0.06089728 -0.06336018 0 0 0 0 -0.03955792 -0.02434163 -0.01620703 0 0 -0.03169746 0 0 -0.03489321 0 0 0 0 0 0 0 -0.02287154 0.2053738 0 -0.145211 0 0 0 0.03042618 0.1317297 0 0 0 0 0 0 -0.1826115 0 0 0 -0.02923913 0 0 -0.1496728 0 0.1849223 0.01566931 0 0 0
0 0 0 0 -0.06476749 -0.1790009 0 0 -0.1224916 0 0 -0.1224724 0 0.4426911 0 0 -0.0625056 -0.02834124 0 -0.02295837 0.05694349 0 0 -0.01374386 0 -0.03012098 -0.02068858 -0.0355846 -0.08899567 0 0 0 -0.07096889 0 0 0 0 0 -0.1257805 0 0 -0.0443433 -0.08406025 -0.08638728 0 -0.05946802 -0.07090165 0.9980636 1.01 1 0.2752428 1 0.9980636 0 0 0 0 0 0 -0.01579866 0 0 0 0 0.355525 -0.2650954 0 0.4511769 0.3550121 0 -0.3628106 -0.04584146 0.9913676 0 -0.05993913 -0.3551554 0 -0.3551554 0 0 -0.2650794 -0.03013621 0 -0.03910333 0 -0.0188478 -0.06363983 -0.03904979 0.9839262 0 -0.04097817 0.8571467 0 -0.3386016 0 -0.352403 -0.1045047 -0.2987699 0 -0.2613845 -0.329408 -0.329408 0 -0.06165531 -0.06406895 0 0 0 0 -0.03945137 -0.02423986 -0.01612204 0 0 -0.03152799 0 0 -0.03702321 0 0 0 0 0 0 0 -0.02270204 0.2058025 0 -0.1447419 0 0 0 0.03166984 0.1322052 0 0 0 0 0 0 -0.1831164 0 0 0 -0.02908952 0 0 -0.1492465 0 0.1854371 0.01552445 0 0 0
0 0 0 0 -0.06476749 -0.1790009 0 0 -0.1224916 0 0 -0.1224724 0 0.4426911 0 0 -0.0625056 -0.02834124 0 -0.02295837 0.05694349 0 0 -0.01374386 0 -0.03012098 -0.02068858 -0.0355846 -0.08899567 0 0 0 -0.07096889 0 0 0 0 0 -0.1257805 0 0 -0.0443433 -0.08406025 -0.08638728 0 -0.05946802 -0.07090165 0.9980636 1 1.01 0.2752428 1 0.9980636 0 0 0 0 0 0 -0.01579866 0 0 0 0 0.355525 -0.2650954 0 0.4511769 0.3550121 0 -0.3628106 -0.04584146 0.9913676 0 -0.05993913 -0.3551554 0 -0.3551554 0 0 -0.2650794 -0.03013621 0 -0.03910333 0 -0.0188478 -0.06363983 -0.03904979 0.9839262 0 -0.04097817 0.8571467 0 -0.3386016 0 -0.352403 -0.1045047 -0.2987699 0 -0.2613845 -0.329408 -0.329408 0 -0.06165531 -0.06406895 0 0 0 0 -0.03945137 -0.02423986 -0.01612204 0 0 -0.03152799 0 0 -0.03702321 0 0 0 0 0 0 0 -0.02270204 0.2058025 0 -0.1447419 0 0 0 0.03166984 0.1322052 0 0 0 0 0 0 -0.1831164 0 0 0 -0.02908952 0 0 -0.1492465 0 0.1854371 0.01552445 0 0 0
0 0 0 0 0.4707829 -0.6072146 0 0 -0.5320542 0 0 -0.5319935 0 0.4906266 0 0 0.5095122 -0.08359732 0 0.1786147 -0.03067539 0 0 0.1645419 0 -0.1386529 0.2257312 0.2425097 0.03100972 0 0 0 -0.2343776 0 0 0 0 0 -0.550556 0 0 0.2861222 0.1937412 0.1904924 0 0.5207555 0.6188234 0.2761318 0.2752428 0.2752428 1.01 0.2752428 0.2740158 0 0 0 0 0 0 -0.103625 0 0 0 0 0.7488985 -0.9605806 0 0.6016318 0.748544 0 -0.766421 0.4106295 0.2704636 0 0.5193446 -0.745198 0 -0.745198 0 0 -0.9561997 0.266276 0 0.4564664 0 -0.0847986 0.480935 0.4568261 0.2665649 0 0.4437973 0.2015023 0 -0.6931279 0 -0.7312196 -0.3436456 -0.6406644 0 -0.9255579 -0.7068025 -0.7068025 0 0.4660435 0.4319559 0 0 0 0 -0.09528906 -0.07891238 -0.04924353 0 0 0.2360591 0 0 0.3824412 0 0 0 0 0 0 0 0.2709628 -0.01287812 0 -0.4046128 0 0 0 -0.4297109 -0.05243397 0 0 0 0 0 0 0.06427332 0 0 0 0.07347321 0 0 -0.2826881 0 -0.06153117 0.00036587 0 0 0
0 0 0 0 -0.06476749 -0.1790009 0 0 -0.1224916 0 0 -0.1224724 0 0.4426911 0 0 -0.0625056 -0.02834124 0 -0.02295837 0.05694349 0 0 -0.01374386 0 -0.03012098 -0.02068858 -0.0355846 -0.08899567 0 0 0 -0.07096889 0 0 0 0 0 -0.1257805 0 0 -0.0443433 -0.08406025 -0.08638728 0 -0.05946802 -0.07090165 0.9980636 1 1 0.2752428 1.01 0.9980636 0 0 0 0 0 0 -0.01579866 0 0 0 0 0.355525 -0.2650954 0 0.4511769 0.3550121 0 -0.3628106 -0.04584146 0.9913676 0 -0.05993913 -0.3551554 0 -0.3551554 0 0 -0.2650794 -0.03013621 0 -0.03910333 0 -0.0188478 -0.06363983 -0.03904979 0.9839262 0 -0.04097817 0.8571467 0 -0.3386016 0 -0.352403 -0.1045047 -0.2987699 0 -0.2613845 -0.329408 -0.329408 0 -0.06165531 -0.06406895 0 0 0 0 -0.03945137 -0.02423986 -0.01612204 0 0 -0.03152799 0 0 -0.03702321 0 0 0 0 0 0 0 -0.02270204 0.2058025 0 -0.1447419 0 0 0 0.03166984 0.1322052 0 0 0 0 0 0 -0.1831164 0 0 0 -0.02908952 0 0 -0.1492465 0 0.1854371 0.01552445 0 0 0
0 0 0 0 -0.06505791 -0.179623 0 0 -0.1228285 0 0 -0.1228093 0 0.4415331 0 0 -0.06278062 -0.02844717 0 -0.02304943 0.05518699 0 0 -0.01384318 0 -0.03038762 -0.02082031 -0.03576828 -0.08713855 0 0 0 -0.06864849 0 0 0 0 0 -0.1261519 0 0 -0.04455345 -0.08453748 -0.0868566 0 -0.05975575 -0.07135647 0.9961301 0.9980636 0.9980636 0.2740158 0.9980636 1.01 0 0 0 0 0 0 -0.01599726 0 0 0 0 0.3559309 -0.2652449 0 0.4518987 0.3554199 0 -0.363234 -0.04606746 0.993291 0 -0.06022735 -0.355558 0 -0.355558 0 0 -0.2652242 -0.03028163 0 -0.0393756 0 -0.01896612 -0.06394122 -0.039322 0.985828 0 -0.04123973 0.8587772 0 -0.3389515 0 -0.3527959 -0.1043104 -0.2991001 0 -0.2615133 -0.3298114 -0.3298114 0 -0.06195765 -0.06438598 0 0 0 0 -0.03955792 -0.02434163 -0.01620703 0 0 -0.03169746 0 0 -0.0373089 0 0 0 0 0 0 0 -0.02287154 0.2060724 0 -0.145211 0 0 0 0.03128702 0.1333868 0 0 0 0 0 0 -0.1839535 0 0 0 -0.02923913 0 0 -0.1502964 0 0.1862634 0.01566931 0 0 0
0 0 0 0 0 0 0 0 0 0 0 0 0 0 0 0 0 0 0 0 0 0 0 0 0 0 0 0 0 0 0 0 0 0 0 0 0 0 0 0 0 0 0 0 0 0 0 0 0 0 0 0 0 1.01 0 0 0 0 0 0 0 0 0 0 0 0 0 0 0 0 0 0 0 0 0 0 0 0 0 0 0 0 0 0 0 0 0 0 0 0 0 0 0 0 0 0 0 0 0 0 0 0 0 0 0 0 0 0 0 0 0 0 0 0 0 0 0 0 0 0 0 0 0 0 0 0 0 0 0 0 0 0 0 0 0 0 0 0 0 0 0 0 0 0 0 0 0 0 0 0 0 0 0 0
0 0 0 0 0 0 0 0 0 0 0 0 0 0 0 0 0 0 0 0 0 0 0 0 0 0 0 0 0 0 0 0 0 0 0 0 0 0 0 0 0 0 0 0 0 0 0 0 0 0 0 0 0 0 1.01 0 0 0 0 0 0 0 0 0 0 0 0 0 0 0 0 0 0 0 0 0 0 0 0 0 0 0 0 0 0 0 0 0 0 0 0 0 0 0 0 0 0 0 0 0 0 0 0 0 0 0 0 0 0 0 0 0 0 0 0 0 0 0 0 0 0 0 0 0 0 0 0 0 0 0 0 0 0 0 0 0 0 0 0 0 0 0 0 0 0 0 0 0 0 0 0 0 0 0
0 0 0 0 0 0 0 0 0 0 0 0 0 0 0 0 0 0 0 0 0 0 0 0 0 0 0 0 0 0 0 0 0 0 0 0 0 0 0 0 0 0 0 0 0 0 0 0 0 0 0 0 0 0 0 1.01 0 0 0 0 0 0 0 0 0 0 0 0 0 0 0 0 0 0 0 0 0 0 0 0 0 0 0 0 0 0 0 0 0 0 0 0 0 0 0 0 0 0 0 0 0 0 0 0 0 0 0 0 0 0 0 0 0 0 0 0 0 0 0 0 0 0 0 0 0 0 0 0 0 0 0 0 0 0 0 0 0 0 0 0 0 0 0 0 0 0 0 0 0 0 0 0 0 0
0 0 0 0 0 0 0 0 0 0 0 0 0 0 0 0 0 0 0 0 0 0 0 0 0 0 0 0 0 0 0 0 0 0 0 0 0 0 0 0 0 0 0 0 0 0 0 0 0 0 0 0 0 0 0 0 1.01 0 0 0 0 0 0 0 0 0 0 0 0 0 0 0 0 0 0 0 0 0 0 0 0 0 0 0 0 0 0 0 0 0 0 0 0 0 0 0 0 0 0 0 0 0 0 0 0 0 0 0 0 0 0 0 0 0 0 0 0 0 0 0 0 0 0 0 0 0 0 0 0 0 0 0 0 0 0 0 0 0 0 0 0 0 0 0 0 0 0 0 0 0 0 0 0 0
0 0 0 0 0 0 0 0 0 0 0 0 0 0 0 0 0 0 0 0 0 0 0 0 0 0 0 0 0 0 0 0 0 0 0 0 0 0 0 0 0 0 0 0 0 0 0 0 0 0 0 0 0 0 0 0 0 1.01 0 0 0 0 0 0 0 0 0 0 0 0 0 0 0 0 0 0 0 0 0 0 0 0 0 0 0 0 0 0 0 0 0 0 0 0 0 0 0 0 0 0 0 0 0 0 0 0 0 0 0 0 0 0 0 0 0 0 0 0 0 0 0 0 0 0 0 0 0 0 0 0 0 0 0 0 0 0 0 0 0 0 0 0 0 0 0 0 0 0 0 0 0 0 0 0
0 0 0 0 0 0 0 0 0 0 0 0 0 0 0 0 0 0 0 0 0 0 0 0 0 0 0 0 0 0 0 0 0 0 0 0 0 0 0 0 0 0 0 0 0 0 0 0 0 0 0 0 0 0 0 0 0 0 1.01 0 0 0 0 0 0 0 0 0 0 0 0 0 0 0 0 0 0 0 0 0 0 0 0 0 0 0 0 0 0 0 0 0 0 0 0 0 0 0 0 0 0 0 0 0 0 0 0 0 0 0 0 0 0 0 0 0 0 0 0 0 0 0 0 0 0 0 0 0 0 0 0 0 0 0 0 0 0 0 0 0 0 0 0 0 0 0 0 0 0 0 0 0 0 0
0 0 0 0 -0.06193419 0.1384015 0 0 0.1876334 0 0 0.1876917 0 -0.04640151 0 0 -0.06024072 -0.02445234 0 -0.01428848 0.09109021 0 0 -0.01594832 0 -0.05195221 -0.03169855 -0.04639576 -0.08982869 0 0 0 -0.07012545 0 0 0 0 0 0.1811409 0 0 -0.04715959 -0.08834244 -0.08604045 0 -0.06207035 -0.08049416 -0.01599726 -0.01579866 -0.01579866 -0.103625 -0.01579866 -0.01599726 0 0 0 0 0 0 1.01 0 0 0 0 -0.07682678 0.107741 0 -0.06333163 -0.07672156 0 0.07448387 -0.053638 -0.01668751 0 -0.06160223 0.07736025 0 0.07736025 0 0 0.1087794 -0.03934826 0 -0.04415692 0 -0.01766858 -0.06262895 -0.04409822 -0.01743439 0 -0.04303222 -0.02060706 0 0.08186225 0 0.07562589 -0.1030556 0.08468305 0 0.1094256 0.07733928 0.07733928 0 -0.06253353 -0.06430039 0 0 0 0 -0.03647753 -0.01933786 -0.01730849 0 0 -0.02908049 0 0 -0.04389877 0 0 0 0 0 0 0 -0.03656782 -0.1145231 0 0.1570546 0 0 0 0.05848418 -0.02828092 0 0 0 0 0 0 0.1262468 0 0 0 -0.02403148 0 0 0.1602428 0 -0.1279325 -0.1362094 0 0 0
0 0 0 0 0 0 0 0 0 0 0 0 0 0 0 0 0 0 0 0 0 0 0 0 0 0 0 0 0 0 0 0 0 0 0 0 0 0 0 0 0 0 0 0 0 0 0 0 0 0 0 0 0 0 0 0 0 0 0 0 1.01 0 0 0 0 0 0 0 0 0 0 0 0 0 0 0 0 0 0 0 0 0 0 0 0 0 0 0 0 0 0 0 0 0 0 0 0 0 0 0 0 0 0 0 0 0 0 0 0 0 0 0 0 0 0 0 0 0 0 0 0 0 0 0 0 0 0 0 0 0 0 0 0 0 0 0 0 0 0 0 0 0 0 0 0 0 0 0 0 0 0 0 0 0
0 0 0 0 0 0 0 0 0 0 0 0 0 0 0 0 0 0 0 0 0 0 0 0 0 0 0 0 0 0 0 0 0 0 0 0 0 0 0 0 0 0 0 0 0 0 0 0 0 0 0 0 0 0 0 0 0 0 0 0 0 1.01 0 0 0 0 0 0 0 0 0 0 0 0 0 0 0 0 0 0 0 0 0 0 0 0 0 0 0 0 0 0 0 0 0 0 0 0 0 0 0 0 0 0 0 0 0 0 0 0 0 0 0 0 0 0 0 0 0 0 0 0 0 0 0 0 0 0 0 0 0 0 0 0 0 0 0 0 0 0 0 0 0 0 0 0 0 0 0 0 0 0 0 0
0 0 0 0 0 0 0 0 0 0 0 0 0 0 0 0 0 0 0 0 0 0 0 0 0 0 0 0 0 0 0 0 0 0 0 0 0 0 0 0 0 0 0 0 0 0 0 0 0 0 0 0 0 0 0 0 0 0 0 0 0 0 1.01 0 0 0 0 0 0 0 0 0 0 0 0 0 0 0 0 0 0 0 0 0 0 0 0 0 0 0 0 0 0 0 0 0 0 0 0 0 0 0 0 0 0 0 0 0 0 0 0 0 0 0 0 0 0 0 0 0 0 0 0 0 0 0 0 0 0 0 0 0 0 0 0 0 0 0 0 0 0 0 0 0 0 0 0 0 0 0 0 0 0 0
0 0 0 0 0 0 0 0 0 0 0 0 0 0 0 0 0 0 0 0 0 0 0 0 0 0 0 0 0 0 0 0 0 0 0 0 0 0 0 0 0 0 0 0 0 0 0 0 0 0 0 0 0 0 0 0 0 0 0 0 0 0 0 1.01 0 0 0 0 0 0 0 0 0 0 0 0 0 0 0 0 0 0 0 0 0 0 0 0 0 0 0 0 0 0 0 0 0 0 0 0 0 0 0 0 0 0 0 0 0 0 0 0 0 0 0 0 0 0 0 0 0 0 0 0 0 0 0 0 0 0 0 0 0 0 0 0 0 0 0 0 0 0 0 0 0 0 0 0 0 0 0 0 0 0
0 0 0 0 -0.09393672 -0.4250729 0 0 -0.4007248 0 0 -0.4006746 0 0.6310008 0 0 -0.08348041 -0.06778373 0 -0.04898684 -0.1196687 0 0 0.2004687 0 -0.1142043 0.2902239 0.3216818 0.1174804 0 0 0 -0.1781994 0 0 0 0 0 -0.4074069 0 0 0.3259098 0.32064 0.3191646 0 -0.1441086 0.8016298 0.3559309 0.355525 0.355525 0.7488985 0.355525 0.3559309 0 0 0 0 0 0 -0.07682678 0 0 0 0 1.01 -0.7592125 0 0.04908112 0.9994952 0 -0.974419 -0.1102194 0.3533405 0 -0.1464621 -0.9959727 0 -0.9959727 0 0 -0.7554426 -0.06380341 0 0.5815633 0 -0.06712774 -0.1554577 0.5819077 0.3495506 0 0.5653148 0.285013 0 -0.9424973 0 -0.9404961 -0.2727568 -0.8789135 0 -0.7411431 -0.9574497 -0.9574497 0 -0.1530702 -0.1607569 0 0 0 0 -0.07467132 -0.06622391 -0.04048845 0 0 0.3094637 0 0 0.4923628 0 0 0 0 0 0 0 0.3354832 -0.1187644 0 -0.3941156 0 0 0 -0.5183515 -0.01943515 0 0 0 0 0 0 0.1529081 0 0 0 -0.07515028 0 0 -0.2693956 0 -0.1504441 0.002811503 0 0 0
0 0 0 0 -0.5124032 0.6085194 0 0 0.5288773 0 0 0.5288109 0 -0.4771938 0 0 -0.4883027 0.08919957 0 -0.171089 0.01180682 0 0 -0.1589183 0 0.1436988 -0.2159954 -0.229223 -0.01148322 0 0 0 0.246072 0 0 0 0 0 0.5079811 0 0 -0.3563745 -0.1753762 -0.1712094 0 -0.4981066 -0.6453181 -0.2659407 -0.2650954 -0.2650954 -0.9605806 -0.2650954 -0.2652449 0 0 0 0 0 0 0.107741 0 0 0 0 -0.7592125 1.01 0 -0.578282 -0.7588991 0 0.7396078 -0.3930855 -0.262314 0 -0.4978083 0.7554041 0 0.7554041 0 0 0.9948887 -0.2554085 0 -0.4398312 0 0.089142 -0.4597009 -0.4401965 -0.2583382 0 -0.4270342 -0.2911475 0 0.7511598 0 0.7551463 0.3581271 0.6970306 0 0.964326 0.7649876 0.7649876 0 -0.4455747 -0.4714949 0 0 0 0 0.09625038 0.08578367 0.05357453 0 0 -0.2236353 0 0 -0.3675383 0 0 0 0 0 0 0 -0.2599212 0.03139459 0 0.4051199 0 0 0 0.4592079 0.05997537 0 0 0 0 0 0 -0.08451466 0 0 0 -0.06930848 0 0 0.2842723 0 0.08237095 -0.003217936 0 0 0
0 0 0 0 0 0 0 0 0 0 0 0 0 0 0 0 0 0 0 0 0 0 0 0 0 0 0 0 0 0 0 0 0 0 0 0 0 0 0 0 0 0 0 0 0 0 0 0 0 0 0 0 0 0 0 0 0 0 0 0 0 0 0 0 0 0 1.01 0 0 0 0 0 0 0 0 0 0 0 0 0 0 0 0 0 0 0 0 0 0 0 0 0 0 0 0 0 0 0 0 0 0 0 0 0 0 0 0 0 0 0 0 0 0 0 0 0 0 0 0 0 0 0 0 0 0 0 0 0 0 0 0 0 0 0 0 0 0 0 0 0 0 0 0 0 0 0 0 0 0 0 0 0 0 0
