1.01 0 0 0 0 0 0 0 0 0 0 0 0 0 0 0 0 0 0 0 0 0 0 0 0 0 0 0 0 0 0 0 0 0 0 0 0 0 0 0 0 0 0 0 0 0 0 0 0 0 0 0 0 0 0 0 0 0 0 0 0 0 0 0 0 0 0 0 0 0 0 0 0 0 0 0 0 0 0 0 0 0 0 0 0 0 0 0 0 0 0 0 0 0 0 0 0 0 0 0 0 0 0 0 0 0 0 0 0 0 0 0 0 0 0 0 0 0 0 0 0 0 0 0 0 0 0 0 0 0 0 0 0 0 0 0 0 0 0 0 0 0 0 0 0 0 0 0 0 0 0 0 0 0 0 0 0 0 0 0 0 0 0 0 0 0 0 0 0 0 0 0 0 0 0 0 0 0
0 1.01 0 0 0 0 0 0 0 0 0 0 0 0 0 0 0 0 0 0 0 0 0 0 0 0 0 0 0 0 0 0 0 0 0 0 0 0 0 0 0 0 0 0 0 0 0 0 0 0 0 0 0 0 0 0 0 0 0 0 0 0 0 0 0 0 0 0 0 0 0 0 0 0 0 0 0 0 0 0 0 0 0 0 0 0 0 0 0 0 0 0 0 0 0 0 0 0 0 0 0 0 0 0 0 0 0 0 0 0 0 0 0 0 0 0 0 0 0 0 0 0 0 0 0 0 0 0 0 0 0 0 0 0 0 0 0 0 0 0 0 0 0 0 0 0 0 0 0 0 0 0 0 0 0 0 0 0 0 0 0 0 0 0 0 0 0 0 0 0 0 0 0 0 0 0 0 0
0 0 1.01 0.05008824 -0.1272703 0.6350344 -0.05077516 0 0 0 -0.282082 -0.3882939 -0.1056774 0 0.997978 0 -0.3968844 -0.282082 0.4796117 0 0 -0.2758558 0 -0.08151893 0 -0.11086 0.4209762 0 -0.02544222 -0.282082 -0.282082 0 -0.282082 -0.282082 0 0 0.4290998 -0.282082 -0.08048123 0.9959471 0 0.4787173 0.1176841 0 -0.2816971 0 0 0 -0.05637906 0 0.04978095 0 0 -0.2816971 -0.2816971 -0.2850287 -0.2851884 0 0.4548136 0 0 -0.2850287 0.9774101 0 0 0.4547121 0 0 0 0 -0.03956289 -0.2756558 0.1319087 0 0 0 0.9770366 0 0.4548136 -0.0571846 -0.04346245 0 0 0 0.9772285 -0.1048125 0.05165804 0 0 -0.1087051 0.4456104 -0.2805845 0 0.4618218 0 0 -0.05918809 0.9689466 0 0.4614726 0.04806084 -0.08161046 0 -0.0535288 0 0.9658614 -0.376853 0 0.9687633 0.9687633 -0.05265231 0.2057795 -0.2788705 0 -0.05265231 -0.1349138 -0.3676185 -0.3665534 0 0 0.2984184 0 0 -0.06012563 -0.06641196 0 0 -0.6234936 -0.2802032 -0.3898121 0 0 -0.736641 -0.05529344 -0.2809837 0 0 -0.3877561 -0.2809837 -0.2809837 -0.2809837 -0.3898121 0 0 0 0 -0.2715064 -0.05746787 -0.2777605 -0.389163 0 -0.3914439 0 0.05222675 -0.3759495 0 -0.3898121 0.05222675 0 0 -0.2809837 -0.3898121 -0.3914439 -0.3898121 0 0 -0.3883995 -0.3883995 -0.7466704 -0.3883995 -0.7466704 -0.3883995 -0.3883995 -0.3883995 -0.2812964 0 0.1306197 0
0 0 0.05008824 1.01 0.03126155 0.03457188 -0.0002799243 0 0 0 0.0900146 0.1186843 0.03567519 0 0.04614035 0 0.1198308 0.0900146 0.1164916 0 0 0.08927949 0 0.03414072 0 0.03591572 0.1344208 0 0.00559272 0.0900146 0.0900146 0 0.0900146 0.0900146 0 0 0.005563001 0.0900146 0.03546948 0.04602526 0 0.1158009 0.4387295 0 0.08948467 0 0 0 0.02634198 0 0.9926846 0 0 0.08948467 0.08948467 0.08979415 0.08975339 0 0.1166916 0 0 0.08979415 0.04663578 0 0 0.1167645 0 0 0 0 0.01776576 0.08880436 -0.0004047764 0 0 0 0.04565641 0 0.1166916 0.01755663 0.01867089 0 0 0 0.04665164 0.03665357 0.9592768 0 0 0.06532419 0.1102341 0.08184943 0 0.1067591 0 0 0.02225292 0.04686906 0 0.1067099 0.9719497 0.02084514 0 0.02151907 0 0.04739891 0.1147865 0 0.04690231 0.04690231 0.01815377 -0.001714935 0.08189271 0 0.01815377 0.03094852 0.1136937 0.1129588 0 0 0.008231783 0 0 0.02108742 0.02927641 0 0 0.1677055 0.05439562 0.1199498 0 0 0.191731 0.01950784 0.05427387 0 0 0.1202336 0.05427387 0.05427387 0.05427387 0.1199498 0 0 0 0 0.05283719 0.02097206 0.05370247 0.1195897 0 0.1207706 0 0.8717152 0.1147615 0 0.1199498 0.8717152 0 0 0.05427387 0.1199498 0.1207706 0.1199498 0 0 0.1189725 0.1189725 0.19582 0.1189725 0.19582 0.1189725 0.1189725 0.1189725 0.05466174 0 -0.0008276678 0
0 0 -0.1272703 0.03126155 1.01 -0.08914301 0.3463771 0 0 0 0.4048573 -0.213111 -0.07820241 0 -0.1292557 0 -0.2169099 0.4048573 0.2749712 0 0 0.4134664 0 -0.05829885 0 -0.08233498 0.2331788 0 -0.02629113 0.4048573 0.4048573 0 0.4048573 0.4048573 0 0 -0.05272476 0.4048573 -0.05686703 -0.1290716 0 0.2765888 0.08358937 0 0.4066468 0 0 0 0.4864422 0 0.03043201 0 0 0.4066468 0.4066468 0.4017987 0.4019958 0 0.274079 0 0 0.4017987 -0.1296493 0 0 0.2740154 0 0 0 0 -0.02391301 0.4151777 -0.0229819 0 0 0 -0.1286886 0 0.274079 -0.03477331 -0.03279591 0 0 0 -0.1296663 -0.07705578 0.03007235 0 0 -0.06007215 0.271045 0.4019604 0 0.2276069 0 0 -0.03476852 -0.1298847 0 0.2277255 0.02805606 -0.03877137 0 -0.0358818 0 -0.1287321 -0.1673527 0 -0.1299502 -0.1299502 -0.0315725 -0.03571575 0.3501766 0 -0.0315725 0.8445393 -0.1636195 -0.1624818 0 0 -0.04154023 0 0 -0.02676543 -0.03911795 0 0 0.06458113 0.3472727 -0.1760062 0 0 0.1664384 -0.03298234 0.3474811 0 0 -0.17616 0.3474811 0.3474811 0.3474811 -0.1760062 0 0 0 0 0.3602219 -0.03329055 0.3522984 -0.1764478 0 -0.163761 0 0.030221 -0.1676869 0 -0.1760062 0.030221 0 0 0.3474811 -0.1760062 -0.163761 -0.1760062 0 0 -0.1740276 -0.1740276 0.1630246 -0.1740276 0.1630246 -0.1740276 -0.1740276 -0.1740276 0.3459771 0 -0.02240667 0
0 0 0.6350344 0.03457188 -0.08914301 1.01 -0.03767139 0 0 0 -0.1835336 -0.23685 -0.07085422 0 0.6347453 0 -0.2440103 -0.1835336 0.3012769 0 0 -0.1781838 0 -0.05277773 0 -0.07443512 0.2635394 0 -0.01303462 -0.1835336 -0.1835336 0 -0.1835336 -0.1835336 0 0 -0.06069931 -0.1835336 -0.0521267 0.635537 0 0.3017764 0.07978179 0 -0.1838122 0 0 0 -0.04483589 0 0.03513161 0 0 -0.1838122 -0.1838122 -0.1861229 -0.1864417 0 0.3003806 0 0 -0.1861229 0.6428674 0 0 0.3003137 0 0 0 0 -0.01713411 -0.1785864 0.2117721 0 0 0 0.6426213 0 0.3003806 -0.04254763 -0.03955919 0 0 0 0.6430162 -0.0703231 0.03349455 0 0 -0.1445772 0.2925199 -0.1800935 0 0.3070804 0 0 -0.04942748 0.6370955 0 0.3064571 0.032638 -0.05533194 0 -0.03714591 0 0.635596 -0.2496312 0 0.6369747 0.6369747 -0.04481112 -0.030108 -0.176712 0 -0.04481112 -0.09383577 -0.2422456 -0.2413954 0 0 -0.04397716 0 0 -0.03509307 -0.04947759 0 0 -0.3935573 -0.1786925 -0.2604023 0 0 -0.4854305 -0.04487609 -0.1800666 0 0 -0.257267 -0.1800666 -0.1800666 -0.1800666 -0.2604023 0 0 0 0 -0.1724141 -0.04665921 -0.1778342 -0.2599917 0 -0.2621934 0 0.03181373 -0.2488217 0 -0.2604023 0.03181373 0 0 -0.1800666 -0.2604023 -0.2621934 -0.2604023 0 0 -0.2592285 -0.2592285 -0.4907391 -0.2592285 -0.4907391 -0.2592285 -0.2592285 -0.2592285 -0.1801731 0 0.2093546 0
0 0 -0.05077516 -0.0002799243 0.3463771 -0.03767139 1.01 0 0 0 0.138756 -0.07576715 -0.01761243 0 -0.05089143 0 -0.07595743 0.138756 0.08936722 0 0 0.1397398 0 -0.01502416 0 -0.02006864 0.07931678 0 -4.2982e-05 0.138756 0.138756 0 0.138756 0.138756 0 0 -0.01055316 0.138756 -0.01448798 -0.05083781 0 0.08950254 0.01510282 0 0.1389179 0 0 0 -0.01183034 0 -0.0006394066 0 0 0.1389179 0.1389179 0.1368108 0.1368782 0 0.08685161 0 0 0.1368108 -0.05297048 0 0 0.08682867 0 0 0 0 -0.0156133 0.1398669 0.004848271 0 0 0 -0.05301426 0 0.08685161 -0.01387614 -0.01462466 0 0 0 -0.0529725 -0.01717261 -0.0001375006 0 0 -0.06131293 0.0866147 0.1359611 0 0.08739289 0 0 -0.01140998 -0.05225864 0 0.08743391 -0.001673201 -0.01070259 0 -0.01471119 0 -0.05259225 -0.07396828 0 -0.05228056 -0.05228056 -0.01234542 -0.01421838 0.1381917 0 -0.01234542 0.3214797 -0.07382 -0.074408 0 0 -0.02001176 0 0 -0.01213718 -0.01042608 0 0 0.05399881 0.1365661 -0.07642374 0 0 0.0564657 -0.009255713 0.136636 0 0 -0.07661912 0.136636 0.136636 0.136636 -0.07642374 0 0 0 0 0.1396944 -0.01039916 0.1387966 -0.07617001 0 -0.07700162 0 0.002832374 -0.07394933 0 -0.07642374 0.002832374 0 0 0.136636 -0.07642374 -0.07700162 -0.07642374 0 0 -0.07630129 -0.07630129 0.05576801 -0.07630129 0.05576801 -0.07630129 -0.07630129 -0.07630129 0.136692 0 0.005198193 0
0 0 0 0 0 0 0 1.01 0 0 0 0 0 0 0 0 0 0 0 0 0 0 0 0 0 0 0 0 0 0 0 0 0 0 0 0 0 0 0 0 0 0 0 0 0 0 0 0 0 0 0 0 0 0 0 0 0 0 0 0 0 0 0 0 0 0 0 0 0 0 0 0 0 0 0 0 0 0 0 0 0 0 0 0 0 0 0 0 0 0 0 0 0 0 0 0 0 0 0 0 0 0 0 0 0 0 0 0 0 0 0 0 0 0 0 0 0 0 0 0 0 0 0 0 0 0 0 0 0 0 0 0 0 0 0 0 0 0 0 0 0 0 0 0 0 0 0 0 0 0 0 0 0 0 0 0 0 0 0 0 0 0 0 0 0 0 0 0 0 0 0 0 0 0 0 0 0 0
0 0 0 0 0 0 0 0 1.01 0 0 0 0 0 0 0 0 0 0 0 0 0 0 0 0 0 0 0 0 0 0 0 0 0 0 0 0 0 0 0 0 0 0 0 0 0 0 0 0 0 0 0 0 0 0 0 0 0 0 0 0 0 0 0 0 0 0 0 0 0 0 0 0 0 0 0 0 0 0 0 0 0 0 0 0 0 0 0 0 0 0 0 0 0 0 0 0 0 0 0 0 0 0 0 0 0 0 0 0 0 0 0 0 0 0 0 0 0 0 0 0 0 0 0 0 0 0 0 0 0 0 0 0 0 0 0 0 0 0 0 0 0 0 0 0 0 0 0 0 0 0 0 0 0 0 0 0 0 0 0 0 0 0 0 0 0 0 0 0 0 0 0 0 0 0 0 0 0
0 0 0 0 0 0 0 0 0 1.01 0 0 0 0 0 0 0 0 0 0 0 0 0 0 0 0 0 0 0 0 0 0 0 0 0 0 0 0 0 0 0 0 0 0 0 0 0 0 0 0 0 0 0 0 0 0 0 0 0 0 0 0 0 0 0 0 0 0 0 0 0 0 0 0 0 0 0 0 0 0 0 0 0 0 0 0 0 0 0 0 0 0 0 0 0 0 0 0 0 0 0 0 0 0 0 0 0 0 0 0 0 0 0 0 0 0 0 0 0 0 0 0 0 0 0 0 0 0 0 0 0 0 0 0 0 0 0 0 0 0 0 0 0 0 0 0 0 0 0 0 0 0 0 0 0 0 0 0 0 0 0 0 0 0 0 0 0 0 0 0 0 0 0 0 0 0 0 0
0 0 -0.282082 0.0900146 0.4048573 -0.1835336 0.138756 0 0 0 1.01 -0.5532417 -0.181295 0 -0.2838624 0 -0.5637767 1 0.7053507 0 0 0.9800544 0 -0.1432117 0 -0.1873291 0.6105304 0 -0.05811328 1 1 0 1 1 0 0 -0.1243031 1 -0.1409881 -0.2827971 0 0.696435 0.203265 0 0.9903049 0 0 0 0.1973498 0 0.08899317 0 0 0.9903049 0.9903049 0.9808572 0.9806125 0 0.6955633 0 0 0.9808572 -0.2803669 0 0 0.6954196 0 0 0 0 -0.06467549 0.9709391 -0.04155659 0 0 0 -0.2800826 0 0.6955633 -0.09625177 -0.09675999 0 0 0 -0.2804195 -0.1794386 0.08741799 0 0 0.6699972 0.6718125 0.969382 0 0.667971 0 0 -0.08805753 -0.2749012 0 0.668038 0.08625487 -0.09533153 0 -0.09031627 0 -0.2741016 -0.5270065 0 -0.2750591 -0.2750591 -0.0831466 -0.06739116 0.9440656 0 -0.0831466 0.4398123 -0.5165044 -0.5142521 0 0 -0.08453125 0 0 -0.08163909 -0.08071999 0 0 0.2152172 0.9268031 -0.5473956 0 0 0.3533649 -0.08495537 0.9272895 0 0 -0.5476601 0.9272895 0.9272895 0.9272895 -0.5473956 0 0 0 0 0.9166143 -0.08758931 0.9359387 -0.5467382 0 -0.5419668 0 0.05507052 -0.525996 0 -0.5473956 0.05507052 0 0 0.9272895 -0.5473956 -0.5419668 -0.5473956 0 0 -0.5422388 -0.5422388 0.3452657 -0.5422388 0.3452657 -0.5422388 -0.5422388 -0.5422388 0.9162754 0 -0.04174976 0
0 0 -0.3882939 0.1186843 -0.213111 -0.23685 -0.07576715 0 0 0 -0.5532417 1.01 -0.2256759 0 -0.3886533 0 0.9806402 -0.5532417 -0.7936465 0 0 -0.5417037 0 -0.1693013 0 -0.2321991 -0.9103472 0 0.09514151 -0.5532417 -0.5532417 0 -0.5532417 -0.5532417 0 0 -0.1749445 -0.5532417 -0.1687783 -0.3883081 0 -0.7886991 0.2583338 0 -0.5485139 0 0 0 -0.1054053 0 0.1185026 0 0 -0.5485139 -0.5485139 -0.553304 -0.5530338 0 -0.785387 0 0 -0.553304 -0.3778456 0 0 -0.7850535 0 0 0 0 0.114607 -0.5373056 -0.05153688 0 0 0 -0.3779917 0 -0.785387 -0.1181401 -0.1209738 0 0 0 -0.3776387 -0.2251931 0.1081435 0 0 -0.4177909 -0.763227 -0.5500201 0 -0.7743977 0 0 -0.09941312 -0.3804772 0 -0.7742853 0.115323 0.1891918 0 -0.07993323 0 -0.3782816 0.9312619 0 -0.3804129 -0.3804129 -0.1049774 -0.07463834 -0.5133633 0 -0.1049774 -0.2362809 0.9504587 0.9467198 0 0 -0.1132259 0 0 0.1459054 0.1615266 0 0 0.4910997 -0.5151943 0.8943373 0 0 0.4694646 -0.1065969 -0.5152771 0 0 0.8935059 -0.5152771 -0.5152771 -0.5152771 0.8943373 0 0 0 0 -0.4987131 -0.1086784 -0.5098781 0.8927868 0 0.8912434 0 0.1180045 0.9300124 0 0.8943373 0.1180045 0 0 -0.5152771 0.8943373 0.8912434 0.8943373 0 0 0.8862646 0.8862646 0.4900288 0.8862646 0.4900288 0.8862646 0.8862646 0.8862646 -0.5034796 0 -0.05102762 0
0 0 -0.1056774 0.03567519 -0.07820241 -0.07085422 -0.01761243 0 0 0 -0.181295 -0.2256759 1.01 0 -0.1054992 0 -0.2297746 -0.181295 -0.2439135 0 0 -0.178194 0 0.7731237 0 0.9689749 0.2481923 0 -0.0298044 -0.181295 -0.181295 0 -0.181295 -0.181295 0 0 -0.03938324 -0.181295 0.7664153 -0.1052947 0 -0.2370086 -0.8754116 0 -0.1741748 0 0 0 -0.03923427 0 0.03491416 0 0 -0.1741748 -0.1741748 -0.1767353 -0.1766555 0 -0.2387659 0 0 -0.1767353 -0.1041874 0 0 -0.2389107 0 0 0 0 -0.02188894 -0.1711253 -0.005789811 0 0 0 -0.1043166 0 -0.2387659 -0.03723597 -0.03937299 0 0 0 -0.1042129 0.9942461 0.03597724 0 0 -0.1341987 -0.234865 -0.1751893 0 -0.2341808 0 0 -0.03828226 -0.1049627 0 -0.2340855 0.03432544 -0.04341211 0 -0.03238029 0 -0.1054275 -0.2322425 0 -0.1050271 -0.1050271 -0.02979156 -0.01948207 -0.1745529 0 -0.02979156 -0.07704647 -0.2282708 -0.227241 0 0 -0.04784153 0 0 -0.02207646 -0.04446042 0 0 -0.4056229 -0.1777129 -0.241197 0 0 -0.4582153 -0.03258302 -0.1774679 0 0 -0.241756 -0.1774679 -0.1774679 -0.1774679 -0.241197 0 0 0 0 -0.1718338 -0.03561561 -0.1746232 -0.2408982 0 -0.2415867 0 0.03013696 -0.2326034 0 -0.241197 0.03013696 0 0 -0.1774679 -0.241197 -0.2415867 -0.241197 0 0 -0.2389977 -0.2389977 -0.4658088 -0.2389977 -0.4658088 -0.2389977 -0.2389977 -0.2389977 -0.1784222 0 -0.005039137 0
0 0 0 0 0 0 0 0 0 0 0 0 0 1.01 0 0 0 0 0 0 0 0 0 0 0 0 0 0 0 0 0 0 0 0 0 0 0 0 0 0 0 0 0 0 0 0 0 0 0 0 0 0 0 0 0 0 0 0 0 0 0 0 0 0 0 0 0 0 0 0 0 0 0 0 0 0 0 0 0 0 0 0 0 0 0 0 0 0 0 0 0 0 0 0 0 0 0 0 0 0 0 0 0 0 0 0 0 0 0 0 0 0 0 0 0 0 0 0 0 0 0 0 0 0 0 0 0 0 0 0 0 0 0 0 0 0 0 0 0 0 0 0 0 0 0 0 0 0 0 0 0 0 0 0 0 0 0 0 0 0 0 0 0 0 0 0 0 0 0 0 0 0 0 0 0 0 0 0
0 0 0.997978 0.04614035 -0.1292557 0.6347453 -0.05089143 0 0 0 -0.2838624 -0.3886533 -0.1054992 0 1.01 0 -0.3972693 -0.2838624 0.4794771 0 0 -0.2776271 0 -0.08180503 0 -0.1101713 0.4211954 0 -0.02555868 -0.2838624 -0.2838624 0 -0.2838624 -0.2838624 0 0 0.4304641 -0.2838624 -0.08076522 0.9979774 0 0.4785957 0.117116 0 -0.2834712 0 0 0 -0.05761777 0 0.04893049 0 0 -0.2834712 -0.2834712 -0.2865112 -0.2866707 0 0.4549876 0 0 -0.2865112 0.979505 0 0 0.4548859 0 0 0 0 -0.0396753 -0.2774209 0.1316287 0 0 0 0.9791309 0 0.4549876 -0.05737997 -0.04367956 0 0 0 0.9793219 -0.1046296 0.05081792 0 0 -0.1092518 0.4460543 -0.2820676 0 0.4620153 0 0 -0.05939025 0.9710231 0 0.4616669 0.04718626 -0.08183118 0 -0.05373502 0 0.9679312 -0.377275 0 0.9708395 0.9708395 -0.0528425 0.2053361 -0.2806511 0 -0.0528425 -0.1368348 -0.3680163 -0.3669473 0 0 0.3009521 0 0 -0.06027574 -0.06660037 0 0 -0.6253345 -0.2816951 -0.3902879 0 0 -0.7387256 -0.0554873 -0.2824737 0 0 -0.3882364 -0.2824737 -0.2824737 -0.2824737 -0.3902879 0 0 0 0 -0.2732801 -0.0576662 -0.2795417 -0.389637 0 -0.3919235 0 0.05135047 -0.3763723 0 -0.3902879 0.05135047 0 0 -0.2824737 -0.3902879 -0.3919235 -0.3902879 0 0 -0.3888645 -0.3888645 -0.7487912 -0.3888645 -0.7487912 -0.3888645 -0.3888645 -0.3888645 -0.2827924 0 0.1303429 0
0 0 0 0 0 0 0 0 0 0 0 0 0 0 0 1.01 0 0 0 0 0 0 0 0 0 0 0 0 0 0 0 0 0 0 0 0 0 0 0 0 0 0 0 0 0 0 0 0 0 0 0 0 0 0 0 0 0 0 0 0 0 0 0 0 0 0 0 0 0 0 0 0 0 0 0 0 0 0 0 0 0 0 0 0 0 0 0 0 0 0 0 0 0 0 0 0 0 0 0 0 0 0 0 0 0 0 0 0 0 0 0 0 0 0 0 0 0 0 0 0 0 0 0 0 0 0 0 0 0 0 0 0 0 0 0 0 0 0 0 0 0 0 0 0 0 0 0 0 0 0 0 0 0 0 0 0 0 0 0 0 0 0 0 0 0 0 0 0 0 0 0 0 0 0 0 0 0 0
0 0 -0.3968844 0.1198308 -0.2169099 -0.2440103 -0.07595743 0 0 0 -0.5637767 0.9806402 -0.2297746 0 -0.3972693 0 1.01 -0.5637767 -0.8096576 0 0 -0.5520877 0 -0.1722185 0 -0.2363839 -0.9284405 0 0.09326607 -0.5637767 -0.5637767 0 -0.5637767 -0.5637767 0 0 -0.1758126 -0.5637767 -0.1715843 -0.3969114 0 -0.8045059 0.262446 0 -0.5588535 0 0 0 -0.1072485 0 0.1195835 0 0 -0.5588535 -0.5588535 -0.5637112 -0.5634352 0 -0.8011284 0 0 -0.5637112 -0.3862738 0 0 -0.8008062 0 0 0 0 0.1111146 -0.5475005 -0.05398795 0 0 0 -0.3864291 0 -0.8011284 -0.1211522 -0.1241326 0 0 0 -0.3860686 -0.2292043 0.1108708 0 0 -0.4252961 -0.779417 -0.560024 0 -0.7896029 0 0 -0.1027323 -0.3890753 0 -0.7894835 0.1178019 0.185438 0 -0.08318561 0 -0.3869569 0.950207 0 -0.3890157 -0.3890157 -0.1077046 -0.07370826 -0.5233148 0 -0.1077046 -0.2406892 0.930701 0.9270759 0 0 -0.115783 0 0 0.143719 0.1579037 0 0 0.5024425 -0.5254157 0.912318 0 0 0.4794735 -0.1095139 -0.5254802 0 0 0.9114599 -0.5254802 -0.5254802 -0.5254802 0.912318 0 0 0 0 -0.5086999 -0.1117994 -0.5199932 0.9108357 0 0.9092843 0 0.1197316 0.9489729 0 0.912318 0.1197316 0 0 -0.5254802 0.912318 0.9092843 0.912318 0 0 0.9045302 0.9045302 0.5000458 0.9045302 0.5000458 0.9045302 0.9045302 0.9045302 -0.5140997 0 -0.05344888 0
0 0 -0.282082 0.0900146 0.4048573 -0.1835336 0.138756 0 0 0 1 -0.5532417 -0.181295 0 -0.2838624 0 -0.5637767 1.01 0.7053507 0 0 0.9800544 0 -0.1432117 0 -0.1873291 0.6105304 0 -0.05811328 1 1 0 1 1 0 0 -0.1243031 1 -0.1409881 -0.2827971 0 0.696435 0.203265 0 0.9903049 0 0 0 0.1973498 0 0.08899317 0 0 0.9903049 0.9903049 0.9808572 0.9806125 0 0.6955633 0 0 0.9808572 -0.2803669 0 0 0.6954196 0 0 0 0 -0.06467549 0.9709391 -0.04155659 0 0 0 -0.2800826 0 0.6955633 -0.09625177 -0.09675999 0 0 0 -0.2804195 -0.1794386 0.08741799 0 0 0.6699972 0.6718125 0.969382 0 0.667971 0 0 -0.08805753 -0.2749012 0 0.668038 0.08625487 -0.09533153 0 -0.09031627 0 -0.2741016 -0.5270065 0 -0.2750591 -0.2750591 -0.0831466 -0.06739116 0.9440656 0 -0.0831466 0.4398123 -0.5165044 -0.5142521 0 0 -0.08453125 0 0 -0.08163909 -0.08071999 0 0 0.2152172 0.9268031 -0.5473956 0 0 0.3533649 -0.08495537 0.9272895 0 0 -0.5476601 0.9272895 0.9272895 0.9272895 -0.5473956 0 0 0 0 0.9166143 -0.08758931 0.9359387 -0.5467382 0 -0.5419668 0 0.05507052 -0.525996 0 -0.5473956 0.05507052 0 0 0.9272895 -0.5473956 -0.5419668 -0.5473956 0 0 -0.5422388 -0.5422388 0.3452657 -0.5422388 0.3452657 -0.5422388 -0.5422388 -0.5422388 0.9162754 0 -0.04174976 0
0 0 0.4796117 0.1164916 0.2749712 0.3012769 0.08936722 0 0 0 0.7053507 -0.7936465 -0.2439135 0 0.4794771 0 -0.8096576 0.7053507 1.01 0 0 0.6917061 0 -0.1915434 0 -0.25289 0.8701345 0 -0.07208007 0.7053507 0.7053507 0 0.7053507 0.7053507 0 0 0.2044661 0.7053507 -0.1887396 0.4789568 0 0.9911888 0.2726085 0 0.696767 0 0 0 0.1380197 0 0.1176194 0 0 0.696767 0.696767 0.685873 0.6855312 0 0.9729382 0 0 0.685873 0.4675248 0 0 0.9727315 0 0 0 0 -0.08852177 0.6835162 0.05927631 0 0 0 0.4675085 0 0.9729382 -0.1305089 -0.1208458 0 0 0 0.4673413 -0.2415718 0.1175731 0 0 0.5324159 0.9445973 0.6786559 0 0.952881 0 0 -0.1244957 0.4662566 0 0.9526849 0.1138239 -0.1477427 0 -0.1223821 0 0.4647027 -0.7612244 0 0.4659765 0.4659765 -0.1151607 0.09012201 0.6565335 0 -0.1151607 0.3013591 -0.7447682 -0.7419166 0 0 0.1451212 0 0 -0.1192761 -0.1231106 0 0 -0.265323 0.639963 -0.7895046 0 0 -0.2227164 -0.1187713 0.6398326 0 0 -0.78823 0.6398326 0.6398326 0.6398326 -0.7895046 0 0 0 0 0.6368591 -0.1227926 0.6499159 -0.7884217 0 -0.7857452 0 0.08836238 -0.7596323 0 -0.7895046 0.08836238 0 0 0.6398326 -0.7895046 -0.7857452 -0.7895046 0 0 -0.7837328 -0.7837328 -0.23757 -0.7837328 -0.23757 -0.7837328 -0.7837328 -0.7837328 0.6295169 0 0.05814891 0
0 0 0 0 0 0 0 0 0 0 0 0 0 0 0 0 0 0 0 1.01 0 0 0 0 0 0 0 0 0 0 0 0 0 0 0 0 0 0 0 0 0 0 0 0 0 0 0 0 0 0 0 0 0 0 0 0 0 0 0 0 0 0 0 0 0 0 0 0 0 0 0 0 0 0 0 0 0 0 0 0 0 0 0 0 0 0 0 0 0 0 0 0 0 0 0 0 0 0 0 0 0 0 0 0 0 0 0 0 0 0 0 0 0 0 0 0 0 0 0 0 0 0 0 0 0 0 0 0 0 0 0 0 0 0 0 0 0 0 0 0 0 0 0 0 0 0 0 0 0 0 0 0 0 0 0 0 0 0 0 0 0 0 0 0 0 0 0 0 0 0 0 0 0 0 0 0 0 0
0 0 0 0 0 0 0 0 0 0 0 0 0 0 0 0 0 0 0 0 1.01 0 0 0 0 0 0 0 0 0 0 0 0 0 0 0 0 0 0 0 0 0 0 0 0 0 0 0 0 0 0 0 0 0 0 0 0 0 0 0 0 0 0 0 0 0 0 0 0 0 0 0 0 0 0 0 0 0 0 0 0 0 0 0 0 0 0 0 0 0 0 0 0 0 0 0 0 0 0 0 0 0 0 0 0 0 0 0 0 0 0 0 0 0 0 0 0 0 0 0 0 0 0 0 0 0 0 0 0 0 0 0 0 0 0 0 0 0 0 0 0 0 0 0 0 0 0 0 0 0 0 0 0 0 0 0 0 0 0 0 0 0 0 0 0 0 0 0 0 0 0 0 0 0 0 0 0 0
0 0 -0.2758558 0.08927949 0.4134664 -0.1781838 0.1397398 0 0 0 0.9800544 -0.5417037 -0.178194 0 -0.2776271 0 -0.5520877 0.9800544 0.6917061 0 0 1.01 0 -0.1415938 0 -0.1842624 0.5984185 0 -0.05578221 0.9800544 0.9800544 0 0.9800544 0.9800544 0 0 -0.1209931 0.9800544 -0.1394577 -0.2765651 0 0.6824676 0.200216 0 0.9700045 0 0 0 0.2013266 0 0.08830936 0 0 0.9700045 0.9700045 0.9606544 0.9606355 0 0.6814535 0 0 0.9606544 -0.2742965 0 0 0.6813126 0 0 0 0 -0.06349012 0.9898893 -0.03952934 0 0 0 -0.2740008 0 0.6814535 -0.09520609 -0.09555589 0 0 0 -0.2743483 -0.1764022 0.0866366 0 0 0.6834418 0.6573056 0.9487686 0 0.6533029 0 0 -0.08664141 -0.2686196 0 0.6533623 0.08571983 -0.09276835 0 -0.0890406 0 -0.2677443 -0.5147414 0 -0.2687743 -0.2687743 -0.08232532 -0.06519548 0.9232684 0 -0.08232532 0.4487936 -0.5043816 -0.5019874 0 0 -0.0847416 0 0 -0.07806663 -0.07943671 0 0 0.2433915 0.9059377 -0.5348557 0 0 0.3455242 -0.08394138 0.9064147 0 0 -0.5350832 0.9064147 0.9064147 0.9064147 -0.5348557 0 0 0 0 0.9350443 -0.0863705 0.9149494 -0.5342419 0 -0.5292676 0 0.05422454 -0.5137253 0 -0.5348557 0.05422454 0 0 0.9064147 -0.5348557 -0.5292676 -0.5348557 0 0 -0.5298937 -0.5298937 0.3377441 -0.5298937 0.3377441 -0.5298937 -0.5298937 -0.5298937 0.895776 0 -0.03975299 0
0 0 0 0 0 0 0 0 0 0 0 0 0 0 0 0 0 0 0 0 0 0 1.01 0 0 0 0 0 0 0 0 0 0 0 0 0 0 0 0 0 0 0 0 0 0 0 0 0 0 0 0 0 0 0 0 0 0 0 0 0 0 0 0 0 0 0 0 0 0 0 0 0 0 0 0 0 0 0 0 0 0 0 0 0 0 0 0 0 0 0 0 0 0 0 0 0 0 0 0 0 0 0 0 0 0 0 0 0 0 0 0 0 0 0 0 0 0 0 0 0 0 0 0 0 0 0 0 0 0 0 0 0 0 0 0 0 0 0 0 0 0 0 0 0 0 0 0 0 0 0 0 0 0 0 0 0 0 0 0 0 0 0 0 0 0 0 0 0 0 0 0 0 0 0 0 0 0 0
0 0 -0.08151893 0.03414072 -0.05829885 -0.05277773 -0.01502416 0 0 0 -0.1432117 -0.1693013 0.7731237 0 -0.08180503 0 -0.1722185 -0.1432117 -0.1915434 0 0 -0.1415938 0 1.01 0 0.7493269 0.1890117 0 -0.02107477 -0.1432117 -0.1432117 0 -0.1432117 -0.1432117 0 0 -0.02983679 -0.1432117 0.9907275 -0.08164796 0 -0.1831705 -0.6681625 0 -0.1343901 0 0 0 -0.02536642 0 0.03359926 0 0 -0.1343901 -0.1343901 -0.1362657 -0.1362041 0 -0.1850423 0 0 -0.1362657 -0.08162569 0 0 -0.1851541 0 0 0 0 -0.01524369 -0.1327846 -0.01430915 0 0 0 -0.08172514 0 -0.1850423 -0.03168892 -0.03328426 0 0 0 -0.08164479 0.7625444 0.03435576 0 0 -0.1022223 -0.1768498 -0.1349515 0 -0.1808579 0 0 -0.03097587 -0.08209363 0 -0.1807844 0.03406778 -0.03393021 0 -0.02796938 0 -0.08217607 -0.1745517 0 -0.08214322 -0.08214322 -0.02454846 -0.009888149 -0.1337731 0 -0.02454846 -0.05649552 -0.1717347 -0.1711411 0 0 -0.03670694 0 0 -0.02236339 -0.0345862 0 0 -0.3100825 -0.1365546 -0.1815863 0 0 -0.3479902 -0.02666497 -0.1363657 0 0 -0.1820158 -0.1363657 -0.1363657 -0.1363657 -0.1815863 0 0 0 0 -0.1328637 -0.0289607 -0.1342697 -0.1815562 0 -0.1817996 0 0.03047435 -0.1745141 0 -0.1815863 0.03047435 0 0 -0.1363657 -0.1815863 -0.1817996 -0.1815863 0 0 -0.179464 -0.179464 -0.3535945 -0.179464 -0.3535945 -0.179464 -0.179464 -0.179464 -0.1375666 0 -0.01384855 0
0 0 0 0 0 0 0 0 0 0 0 0 0 0 0 0 0 0 0 0 0 0 0 0 1.01 0 0 0 0 0 0 0 0 0 0 0 0 0 0 0 0 0 0 0 0 0 0 0 0 0 0 0 0 0 0 0 0 0 0 0 0 0 0 0 0 0 0 0 0 0 0 0 0 0 0 0 0 0 0 0 0 0 0 0 0 0 0 0 0 0 0 0 0 0 0 0 0 0 0 0 0 0 0 0 0 0 0 0 0 0 0 0 0 0 0 0 0 0 0 0 0 0 0 0 0 0 0 0 0 0 0 0 0 0 0 0 0 0 0 0 0 0 0 0 0 0 0 0 0 0 0 0 0 0 0 0 0 0 0 0 0 0 0 0 0 0 0 0 0 0 0 0 0 0 0 0 0 0
0 0 -0.11086 0.03591572 -0.08233498 -0.07443512 -0.02006864 0 0 0 -0.1873291 -0.2321991 0.9689749 0 -0.1101713 0 -0.2363839 -0.1873291 -0.25289 0 0 -0.1842624 0 0.7493269 0 1.01 0.2549739 0 -0.03146211 -0.1873291 -0.1873291 0 -0.1873291 -0.1873291 0 0 -0.03985351 -0.1873291 0.7428619 -0.1099613 0 -0.2459909 -0.8476621 0 -0.180229 0 0 0 -0.04236931 0 0.03512177 0 0 -0.180229 -0.180229 -0.1488491 -0.1487598 0 -0.2164741 0 0 -0.1488491 -0.1087261 0 0 -0.2166187 0 0 0 0 -0.0215699 -0.177218 -0.007674023 0 0 0 -0.1088596 0 -0.2164741 -0.03775438 -0.03997838 0 0 0 -0.108752 0.9634258 0.03623082 0 0 -0.1396723 -0.2124923 -0.1470804 0 -0.2119411 0 0 -0.03903447 -0.1096217 0 -0.2118412 0.03439829 -0.04507876 0 -0.0331757 0 -0.1101333 -0.2386127 0 -0.1096882 -0.1096882 -0.030205 -0.02034681 -0.1810278 0 -0.030205 -0.08188024 -0.2345592 -0.2334687 0 0 -0.05069728 0 0 -0.02343298 -0.04346351 0 0 -0.3848223 -0.1500732 -0.247698 0 0 -0.4364454 -0.03310652 -0.1498226 0 0 -0.2482756 -0.1498226 -0.1498226 -0.1498226 -0.247698 0 0 0 0 -0.17831 -0.03626007 -0.1810481 -0.2473641 0 -0.248175 0 0.03035114 -0.2389613 0 -0.247698 0.03035114 0 0 -0.1498226 -0.247698 -0.248175 -0.247698 0 0 -0.2453497 -0.2453497 -0.4441708 -0.2453497 -0.4441708 -0.2453497 -0.2453497 -0.2453497 -0.1509449 0 -0.006917795 0
0 0 0.4209762 0.1344208 0.2331788 0.2635394 0.07931678 0 0 0 0.6105304 -0.9103472 0.2481923 0 0.4211954 0 -0.9284405 0.6105304 0.8701345 0 0 0.5984185 0 0.1890117 0 0.2549739 1.01 0 -0.08786993 0.6105304 0.6105304 0 0.6105304 0.6105304 0 0 0.1844973 0.6105304 0.1885316 0.4229531 0 0.8664225 -0.1580337 0 0.6055426 0 0 0 0.116707 0 0.1351472 0 0 0.6055426 0.6055426 0.610585 0.6102883 0 0.8631583 0 0 0.610585 0.4121395 0 0 0.8628788 0 0 0 0 -0.09927459 0.5937963 0.05547572 0 0 0 0.4120559 0 0.8631583 -0.1493551 -0.1408191 0 0 0 0.4119431 0.2477154 0.135661 0 0 0.4601189 0.8368669 0.6042595 0 0.8453833 0 0 -0.1439851 0.410428 0 0.8452375 0.1309914 -0.1708684 0 -0.138903 0 0.4086194 -0.8827599 0 0.4101145 0.4101145 -0.1301938 0.07995191 0.5649204 0 -0.1301938 0.2598394 -0.8642902 -0.8608926 0 0 0.1195774 0 0 -0.130902 -0.1455735 0 0 -0.4609461 0.564072 -0.915562 0 0 -0.4443616 -0.1352683 0.5640678 0 0 -0.9145797 0.5640678 0.5640678 0.5640678 -0.915562 0 0 0 0 0.5466024 -0.140881 0.5582924 -0.9143132 0 -0.9120396 0 0.1034859 -0.8813459 0 -0.915562 0.1034859 0 0 0.5640678 -0.915562 -0.9120396 -0.915562 0 0 -0.9086139 -0.9086139 -0.4631071 -0.9086139 -0.4631071 -0.9086139 -0.9086139 -0.9086139 0.5531952 0 0.05473099 0
0 0 0 0 0 0 0 0 0 0 0 0 0 0 0 0 0 0 0 0 0 0 0 0 0 0 0 1.01 0 0 0 0 0 0 0 0 0 0 0 0 0 0 0 0 0 0 0 0 0 0 0 0 0 0 0 0 0 0 0 0 0 0 0 0 0 0 0 0 0 0 0 0 0 0 0 0 0 0 0 0 0 0 0 0 0 0 0 0 0 0 0 0 0 0 0 0 0 0 0 0 0 0 0 0 0 0 0 0 0 0 0 0 0 0 0 0 0 0 0 0 0 0 0 0 0 0 0 0 0 0 0 0 0 0 0 0 0 0 0 0 0 0 0 0 0 0 0 0 0 0 0 0 0 0 0 0 0 0 0 0 0 0 0 0 0 0 0 0 0 0 0 0 0 0 0 0 0 0
0 0 -0.02544222 0.00559272 -0.02629113 -0.01303462 -4.2982e-05 0 0 0 -0.05811328 0.09514151 -0.0298044 0 -0.02555868 0 0.09326607 -0.05811328 -0.07208007 0 0 -0.05578221 0 -0.02107477 0 -0.03146211 -0.08786993 0 1.01 -0.05811328 -0.05811328 0 -0.05811328 -0.05811328 0 0 -0.021499 -0.05811328 -0.0207087 -0.02549026 0 -0.07124115 0.0290154 0 -0.05733224 0 0 0 -0.01024987 0 0.005333955 0 0 -0.05733224 -0.05733224 -0.05846013 -0.05843775 0 -0.07176154 0 0 -0.05846013 -0.02462035 0 0 -0.0718045 0 0 0 0 -0.01297375 -0.05502502 8.929175e-05 0 0 0 -0.02465935 0 -0.07176154 -0.0119218 -0.01253683 0 0 0 -0.02463061 -0.02951676 0.005695327 0 0 -0.04374659 -0.07338843 -0.05919878 0 -0.07088162 0 0 -0.01303172 -0.02537187 0 -0.07085351 0.004591546 -0.005491446 0 -0.01260926 0 -0.02568236 0.09074817 0 -0.02539127 -0.02539127 -0.01066621 -0.00986613 -0.05732554 0 -0.01066621 -0.0273681 0.09251833 0.09172325 0 0 -0.004989166 0 0 0.00486077 -0.01232473 0 0 0.05135125 -0.05838068 0.08684971 0 0 0.03904668 -0.01144793 -0.05830778 0 0 0.08674177 -0.05830778 -0.05830778 -0.05830778 0.08684971 0 0 0 0 -0.05485346 -0.0122929 -0.05709163 0.08711131 0 0.08757211 0 0.004767489 0.09080204 0 0.08684971 0.004767489 0 0 -0.05830778 0.08684971 0.08757211 0.08684971 0 0 0.08660892 0.08660892 0.03886827 0.08660892 0.03886827 0.08660892 0.08660892 0.08660892 -0.05753839 0 0.0003327075 0
0 0 -0.282082 0.0900146 0.4048573 -0.1835336 0.138756 0 0 0 1 -0.5532417 -0.181295 0 -0.2838624 0 -0.5637767 1 0.7053507 0 0 0.9800544 0 -0.1432117 0 -0.1873291 0.6105304 0 -0.05811328 1.01 1 0 1 1 0 0 -0.1243031 1 -0.1409881 -0.2827971 0 0.696435 0.203265 0 0.9903049 0 0 0 0.1973498 0 0.08899317 0 0 0.9903049 0.9903049 0.9808572 0.9806125 0 0.6955633 0 0 0.9808572 -0.2803669 0 0 0.6954196 0 0 0 0 -0.06467549 0.9709391 -0.04155659 0 0 0 -0.2800826 0 0.6955633 -0.09625177 -0.09675999 0 0 0 -0.2804195 -0.1794386 0.08741799 0 0 0.6699972 0.6718125 0.969382 0 0.667971 0 0 -0.08805753 -0.2749012 0 0.668038 0.08625487 -0.09533153 0 -0.09031627 0 -0.2741016 -0.5270065 0 -0.2750591 -0.2750591 -0.0831466 -0.06739116 0.9440656 0 -0.0831466 0.4398123 -0.5165044 -0.5142521 0 0 -0.08453125 0 0 -0.08163909 -0.08071999 0 0 0.2152172 0.9268031 -0.5473956 0 0 0.3533649 -0.08495537 0.9272895 0 0 -0.5476601 0.9272895 0.9272895 0.9272895 -0.5473956 0 0 0 0 0.9166143 -0.08758931 0.9359387 -0.5467382 0 -0.5419668 0 0.05507052 -0.525996 0 -0.5473956 0.05507052 0 0 0.9272895 -0.5473956 -0.5419668 -0.5473956 0 0 -0.5422388 -0.5422388 0.3452657 -0.5422388 0.3452657 -0.5422388 -0.5422388 -0.5422388 0.9162754 0 -0.04174976 0
0 0 -0.282082 0.0900146 0.4048573 -0.1835336 0.138756 0 0 0 1 -0.5532417 -0.181295 0 -0.2838624 0 -0.5637767 1 0.7053507 0 0 0.9800544 0 -0.1432117 0 -0.1873291 0.6105304 0 -0.05811328 1 1.01 0 1 1 0 0 -0.1243031 1 -0.1409881 -0.2827971 0 0.696435 0.203265 0 0.9903049 0 0 0 0.1973498 0 0.08899317 0 0 0.9903049 0.9903049 0.9808572 0.9806125 0 0.6955633 0 0 0.9808572 -0.2803669 0 0 0.6954196 0 0 0 0 -0.06467549 0.9709391 -0.04155659 0 0 0 -0.2800826 0 0.6955633 -0.09625177 -0.09675999 0 0 0 -0.2804195 -0.1794386 0.08741799 0 0 0.6699972 0.6718125 0.969382 0 0.667971 0 0 -0.08805753 -0.2749012 0 0.668038 0.08625487 -0.09533153 0 -0.09031627 0 -0.2741016 -0.5270065 0 -0.2750591 -0.2750591 -0.0831466 -0.06739116 0.9440656 0 -0.0831466 0.4398123 -0.5165044 -0.5142521 0 0 -0.08453125 0 0 -0.08163909 -0.08071999 0 0 0.2152172 0.9268031 -0.5473956 0 0 0.3533649 -0.08495537 0.9272895 0 0 -0.5476601 0.9272895 0.9272895 0.9272895 -0.5473956 0 0 0 0 0.9166143 -0.08758931 0.9359387 -0.5467382 0 -0.5419668 0 0.05507052 -0.525996 0 -0.5473956 0.05507052 0 0 0.9272895 -0.5473956 -0.5419668 -0.5473956 0 0 -0.5422388 -0.5422388 0.3452657 -0.5422388 0.3452657 -0.5422388 -0.5422388 -0.5422388 0.9162754 0 -0.04174976 0
0 0 0 0 0 0 0 0 0 0 0 0 0 0 0 0 0 0 0 0 0 0 0 0 0 0 0 0 0 0 0 1.01 0 0 0 0 0 0 0 0 0 0 0 0 0 0 0 0 0 0 0 0 0 0 0 0 0 0 0 0 0 0 0 0 0 0 0 0 0 0 0 0 0 0 0 0 0 0 0 0 0 0 0 0 0 0 0 0 0 0 0 0 0 0 0 0 0 0 0 0 0 0 0 0 0 0 0 0 0 0 0 0 0 0 0 0 0 0 0 0 0 0 0 0 0 0 0 0 0 0 0 0 0 0 0 0 0 0 0 0 0 0 0 0 0 0 0 0 0 0 0 0 0 0 0 0 0 0 0 0 0 0 0 0 0 0 0 0 0 0 0 0 0 0 0 0 0 0
0 0 -0.282082 0.0900146 0.4048573 -0.1835336 0.138756 0 0 0 1 -0.5532417 -0.181295 0 -0.2838624 0 -0.5637767 1 0.7053507 0 0 0.9800544 0 -0.1432117 0 -0.1873291 0.6105304 0 -0.05811328 1 1 0 1.01 1 0 0 -0.1243031 1 -0.1409881 -0.2827971 0 0.696435 0.203265 0 0.9903049 0 0 0 0.1973498 0 0.08899317 0 0 0.9903049 0.9903049 0.9808572 0.9806125 0 0.6955633 0 0 0.9808572 -0.2803669 0 0 0.6954196 0 0 0 0 -0.06467549 0.9709391 -0.04155659 0 0 0 -0.2800826 0 0.6955633 -0.09625177 -0.09675999 0 0 0 -0.2804195 -0.1794386 0.08741799 0 0 0.6699972 0.6718125 0.969382 0 0.667971 0 0 -0.08805753 -0.2749012 0 0.668038 0.08625487 -0.09533153 0 -0.09031627 0 -0.2741016 -0.5270065 0 -0.2750591 -0.2750591 -0.0831466 -0.06739116 0.9440656 0 -0.0831466 0.4398123 -0.5165044 -0.5142521 0 0 -0.08453125 0 0 -0.08163909 -0.08071999 0 0 0.2152172 0.9268031 -0.5473956 0 0 0.3533649 -0.08495537 0.9272895 0 0 -0.5476601 0.9272895 0.9272895 0.9272895 -0.5473956 0 0 0 0 0.9166143 -0.08758931 0.9359387 -0.5467382 0 -0.5419668 0 0.05507052 -0.525996 0 -0.5473956 0.05507052 0 0 0.9272895 -0.5473956 -0.5419668 -0.5473956 0 0 -0.5422388 -0.5422388 0.3452657 -0.5422388 0.3452657 -0.5422388 -0.5422388 -0.5422388 0.9162754 0 -0.04174976 0
0 0 -0.282082 0.0900146 0.4048573 -0.1835336 0.138756 0 0 0 1 -0.5532417 -0.181295 0 -0.2838624 0 -0.5637767 1 0.7053507 0 0 0.9800544 0 -0.1432117 0 -0.1873291 0.6105304 0 -0.05811328 1 1 0 1 1.01 0 0 -0.1243031 1 -0.1409881 -0.2827971 0 0.696435 0.203265 0 0.9903049 0 0 0 0.1973498 0 0.08899317 0 0 0.9903049 0.9903049 0.9808572 0.9806125 0 0.6955633 0 0 0.9808572 -0.2803669 0 0 0.6954196 0 0 0 0 -0.06467549 0.9709391 -0.04155659 0 0 0 -0.2800826 0 0.6955633 -0.09625177 -0.09675999 0 0 0 -0.2804195 -0.1794386 0.08741799 0 0 0.6699972 0.6718125 0.969382 0 0.667971 0 0 -0.08805753 -0.2749012 0 0.668038 0.08625487 -0.09533153 0 -0.09031627 0 -0.2741016 -0.5270065 0 -0.2750591 -0.2750591 -0.0831466 -0.06739116 0.9440656 0 -0.0831466 0.4398123 -0.5165044 -0.5142521 0 0 -0.08453125 0 0 -0.08163909 -0.08071999 0 0 0.2152172 0.9268031 -0.5473956 0 0 0.3533649 -0.08495537 0.9272895 0 0 -0.5476601 0.9272895 0.9272895 0.9272895 -0.5473956 0 0 0 0 0.9166143 -0.08758931 0.9359387 -0.5467382 0 -0.5419668 0 0.05507052 -0.525996 0 -0.5473956 0.05507052 0 0 0.9272895 -0.5473956 -0.5419668 -0.5473956 0 0 -0.5422388 -0.5422388 0.3452657 -0.5422388 0.3452657 -0.5422388 -0.5422388 -0.5422388 0.9162754 0 -0.04174976 0
0 0 0 0 0 0 0 0 0 0 0 0 0 0 0 0 0 0 0 0 0 0 0 0 0 0 0 0 0 0 0 0 0 0 1.01 0 0 0 0 0 0 0 0 0 0 0 0 0 0 0 0 0 0 0 0 0 0 0 0 0 0 0 0 0 0 0 0 0 0 0 0 0 0 0 0 0 0 0 0 0 0 0 0 0 0 0 0 0 0 0 0 0 0 0 0 0 0 0 0 0 0 0 0 0 0 0 0 0 0 0 0 0 0 0 0 0 0 0 0 0 0 0 0 0 0 0 0 0 0 0 0 0 0 0 0 0 0 0 0 0 0 0 0 0 0 0 0 0 0 0 0 0 0 0 0 0 0 0 0 0 0 0 0 0 0 0 0 0 0 0 0 0 0 0 0 0 0 0
0 0 0 0 0 0 0 0 0 0 0 0 0 0 0 0 0 0 0 0 0 0 0 0 0 0 0 0 0 0 0 0 0 0 0 1.01 0 0 0 0 0 0 0 0 0 0 0 0 0 0 0 0 0 0 0 0 0 0 0 0 0 0 0 0 0 0 0 0 0 0 0 0 0 0 0 0 0 0 0 0 0 0 0 0 0 0 0 0 0 0 0 0 0 0 0 0 0 0 0 0 0 0 0 0 0 0 0 0 0 0 0 0 0 0 0 0 0 0 0 0 0 0 0 0 0 0 0 0 0 0 0 0 0 0 0 0 0 0 0 0 0 0 0 0 0 0 0 0 0 0 0 0 0 0 0 0 0 0 0 0 0 0 0 0 0 0 0 0 0 0 0 0 0 0 0 0 0 0
0 0 0.4290998 0.005563001 -0.05272476 -0.06069931 -0.01055316 0 0 0 -0.1243031 -0.1749445 -0.03938324 0 0.4304641 0 -0.1758126 -0.1243031 0.2044661 0 0 -0.1209931 0 -0.02983679 0 -0.03985351 0.1844973 0 -0.021499 -0.1243031 -0.1243031 0 -0.1243031 -0.1243031 0 0 1.01 -0.1243031 -0.02876602 0.4313301 0 0.2058608 0.03988647 0 -0.1235981 0 0 0 -0.02139477 0 0.01119977 0 0 -0.1235981 -0.1235981 -0.1239636 -0.1239067 0 0.1632176 0 0 -0.1239636 0.3779199 0 0 0.1631702 0 0 0 0 -0.02453484 -0.1203598 -0.02414363 0 0 0 0.3777671 0 0.1632176 -0.02363637 0.002113791 0 0 0 0.3777018 -0.03852774 0.0120825 0 0 -0.102313 0.1616127 -0.1240326 0 0.1659283 0 0 -0.02458042 0.3745051 0 0.1660098 0.009385666 -0.03143766 0 -0.02536833 0 0.3729572 -0.136537 0 0.3744301 0.3744301 -0.02041425 0.4879885 -0.1229487 0 -0.02041425 -0.05252164 -0.1351412 -0.1341038 0 0 -0.01458614 0 0 -0.03132674 -0.02464452 0 0 -0.2480254 -0.1195003 -0.142018 0 0 -0.2860045 -0.02241052 -0.1193271 0 0 -0.1418556 -0.1193271 -0.1193271 -0.1193271 -0.142018 0 0 0 0 -0.1156444 -0.02261594 -0.1187486 -0.1420566 0 -0.1426305 0 0.02052577 -0.1364964 0 -0.142018 0.02052577 0 0 -0.1193271 -0.142018 -0.1426305 -0.142018 0 0 -0.1401312 -0.1401312 -0.2899107 -0.1401312 -0.2899107 -0.1401312 -0.1401312 -0.1401312 -0.121559 0 -0.02385207 0
0 0 -0.282082 0.0900146 0.4048573 -0.1835336 0.138756 0 0 0 1 -0.5532417 -0.181295 0 -0.2838624 0 -0.5637767 1 0.7053507 0 0 0.9800544 0 -0.1432117 0 -0.1873291 0.6105304 0 -0.05811328 1 1 0 1 1 0 0 -0.1243031 1.01 -0.1409881 -0.2827971 0 0.696435 0.203265 0 0.9903049 0 0 0 0.1973498 0 0.08899317 0 0 0.9903049 0.9903049 0.9808572 0.9806125 0 0.6955633 0 0 0.9808572 -0.2803669 0 0 0.6954196 0 0 0 0 -0.06467549 0.9709391 -0.04155659 0 0 0 -0.2800826 0 0.6955633 -0.09625177 -0.09675999 0 0 0 -0.2804195 -0.1794386 0.08741799 0 0 0.6699972 0.6718125 0.969382 0 0.667971 0 0 -0.08805753 -0.2749012 0 0.668038 0.08625487 -0.09533153 0 -0.09031627 0 -0.2741016 -0.5270065 0 -0.2750591 -0.2750591 -0.0831466 -0.06739116 0.9440656 0 -0.0831466 0.4398123 -0.5165044 -0.5142521 0 0 -0.08453125 0 0 -0.08163909 -0.08071999 0 0 0.2152172 0.9268031 -0.5473956 0 0 0.3533649 -0.08495537 0.9272895 0 0 -0.5476601 0.9272895 0.9272895 0.9272895 -0.5473956 0 0 0 0 0.9166143 -0.08758931 0.9359387 -0.5467382 0 -0.5419668 0 0.05507052 -0.525996 0 -0.5473956 0.05507052 0 0 0.9272895 -0.5473956 -0.5419668 -0.5473956 0 0 -0.5422388 -0.5422388 0.3452657 -0.5422388 0.3452657 -0.5422388 -0.5422388 -0.5422388 0.9162754 0 -0.04174976 0
0 0 -0.08048123 0.03546948 -0.05686703 -0.0521267 -0.01448798 0 0 0 -0.1409881 -0.1687783 0.7664153 0 -0.08076522 0 -0.1715843 -0.1409881 -0.1887396 0 0 -0.1394577 0 0.9907275 0 0.7428619 0.1885316 0 -0.0207087 -0.1409881 -0.1409881 0 -0.1409881 -0.1409881 0 0 -0.02876602 -0.1409881 1.01 -0.08060905 0 -0.1876125 -0.6745992 0 -0.1400862 0 0 0 -0.0246408 0 0.03494391 0 0 -0.1400862 -0.1400862 -0.1419005 -0.1418407 0 -0.1894831 0 0 -0.1419005 -0.08062204 0 0 -0.1895949 0 0 0 0 -0.01477515 -0.1386363 -0.01396899 0 0 0 -0.08072067 0 -0.1894831 -0.0309752 -0.03256433 0 0 0 -0.08064111 0.770431 0.03567824 0 0 -0.1080797 -0.1811602 -0.1406313 0 -0.1853667 0 0 -0.03022046 -0.08106226 0 -0.185294 0.03547719 -0.03302937 0 -0.02719627 0 -0.08113196 -0.1738871 0 -0.08111143 -0.08111143 -0.02380902 -0.009216777 -0.1394799 0 -0.02380902 -0.05492063 -0.17118 -0.1706016 0 0 -0.03610063 0 0 -0.02398938 -0.03388402 0 0 -0.3075776 -0.1422253 -0.1807165 0 0 -0.3529937 -0.02591912 -0.1420375 0 0 -0.1811425 -0.1420375 -0.1420375 -0.1420375 -0.1807165 0 0 0 0 -0.1387535 -0.02820911 -0.1400033 -0.1806962 0 -0.1809089 0 0.03184064 -0.1738501 0 -0.1807165 0.03184064 0 0 -0.1420375 -0.1807165 -0.1809089 -0.1807165 0 0 -0.1786223 -0.1786223 -0.3585699 -0.1786223 -0.3585699 -0.1786223 -0.1786223 -0.1786223 -0.1432064 0 -0.01350983 0
0 0 0.9959471 0.04602526 -0.1290716 0.635537 -0.05083781 0 0 0 -0.2827971 -0.3883081 -0.1052947 0 0.9979774 0 -0.3969114 -0.2827971 0.4789568 0 0 -0.2765651 0 -0.08164796 0 -0.1099613 0.4229531 0 -0.02549026 -0.2827971 -0.2827971 0 -0.2827971 -0.2827971 0 0 0.4313301 -0.2827971 -0.08060905 1.01 0 0.4802438 0.1168811 0 -0.2827081 0 0 0 -0.05752045 0 0.04882074 0 0 -0.2827081 -0.2827081 -0.285745 -0.2859047 0 0.4566068 0 0 -0.285745 0.9807532 0 0 0.4565054 0 0 0 0 -0.03961794 -0.2766637 0.1319049 0 0 0 0.980379 0 0.4566068 -0.05727359 -0.04354972 0 0 0 0.9805701 -0.1044259 0.05070896 0 0 -0.11098 0.4476762 -0.2812989 0 0.4636254 0 0 -0.05928018 0.9722678 0 0.4632763 0.04707791 -0.08256509 0 -0.05361878 0 0.9691749 -0.379067 0 0.9720841 0.9720841 -0.05273719 0.2057717 -0.2798825 0 -0.05273719 -0.1366378 -0.3698229 -0.3687572 0 0 0.3015583 0 0 -0.06020337 -0.06748179 0 0 -0.62682 -0.2809199 -0.3920386 0 0 -0.739935 -0.05538091 -0.2817004 0 0 -0.3899834 -0.2817004 -0.2817004 -0.2817004 -0.3920386 0 0 0 0 -0.2725158 -0.05755787 -0.2787726 -0.3913892 0 -0.3936711 0 0.05124668 -0.3781636 0 -0.3920386 0.05124668 0 0 -0.2817004 -0.3920386 -0.3936711 -0.3920386 0 0 -0.3906228 -0.3906228 -0.7499986 -0.3906228 -0.7499986 -0.3906228 -0.3906228 -0.3906228 -0.2820147 0 0.1306161 0
0 0 0 0 0 0 0 0 0 0 0 0 0 0 0 0 0 0 0 0 0 0 0 0 0 0 0 0 0 0 0 0 0 0 0 0 0 0 0 0 1.01 0 0 0 0 0 0 0 0 0 0 0 0 0 0 0 0 0 0 0 0 0 0 0 0 0 0 0 0 0 0 0 0 0 0 0 0 0 0 0 0 0 0 0 0 0 0 0 0 0 0 0 0 0 0 0 0 0 0 0 0 0 0 0 0 0 0 0 0 0 0 0 0 0 0 0 0 0 0 0 0 0 0 0 0 0 0 0 0 0 0 0 0 0 0 0 0 0 0 0 0 0 0 0 0 0 0 0 0 0 0 0 0 0 0 0 0 0 0 0 0 0 0 0 0 0 0 0 0 0 0 0 0 0 0 0 0 0
0 0 0.4787173 0.1158009 0.2765888 0.3017764 0.08950254 0 0 0 0.696435 -0.7886991 -0.2370086 0 0.4785957 0 -0.8045059 0.696435 0.9911888 0 0 0.6824676 0 -0.1831705 0 -0.2459909 0.8664225 0 -0.07124115 0.696435 0.696435 0 0.696435 0.696435 0 0 0.2058608 0.696435 -0.1876125 0.4802438 0 1.01 0.2712218 0 0.7053644 0 0 0 0.1390067 0 0.1169476 0 0 0.7053644 0.7053644 0.6945327 0.6941894 0 0.9817688 0 0 0.6945327 0.4687176 0 0 0.9815655 0 0 0 0 -0.08883525 0.6919452 0.06013511 0 0 0 0.4687045 0 0.9817688 -0.1304617 -0.1207257 0 0 0 0.4685353 -0.2403819 0.1168769 0 0 0.5377574 0.9533236 0.6874834 0 0.9617179 0 0 -0.1243271 0.4672401 0 0.9615193 0.113197 -0.1465398 0 -0.1222594 0 0.4657114 -0.7708844 0 0.4669612 0.4669612 -0.1152217 0.09150135 0.6653073 0 -0.1152217 0.3029508 -0.7546504 -0.7518373 0 0 0.1461004 0 0 -0.1180227 -0.1222942 0 0 -0.2711392 0.6487921 -0.7990853 0 0 -0.2243774 -0.1187588 0.6486555 0 0 -0.7978014 0.6486555 0.6486555 0.6486555 -0.7990853 0 0 0 0 0.6454518 -0.1226991 0.6586685 -0.7980221 0 -0.795274 0 0.08769003 -0.7692948 0 -0.7990853 0.08769003 0 0 0.6486555 -0.7990853 -0.795274 -0.7990853 0 0 -0.7933904 -0.7933904 -0.2393369 -0.7933904 -0.2393369 -0.7933904 -0.7933904 -0.7933904 0.6383728 0 0.05899682 0
0 0 0.1176841 0.4387295 0.08358937 0.07978179 0.01510282 0 0 0 0.203265 0.2583338 -0.8754116 0 0.117116 0 0.262446 0.203265 0.2726085 0 0 0.200216 0 -0.6681625 0 -0.8476621 -0.1580337 0 0.0290154 0.203265 0.203265 0 0.203265 0.203265 0 0 0.03988647 0.203265 -0.6745992 0.1168811 0 0.2712218 1.01 0 0.2022367 0 0 0 0.04706253 0 0.4428766 0 0 0.2022367 0.2022367 0.2046252 0.2045357 0 0.2732143 0 0 0.2046252 0.1162233 0 0 0.2733787 0 0 0 0 0.02765406 0.1993078 0.004575629 0 0 0 0.1158694 0 0.2732143 0.04366623 0.0460592 0 0 0 0.1162529 -0.880103 0.4259605 0 0 0.1551988 0.2669218 0.199479 0 0.2644301 0 0 0.04672141 0.1169945 0 0.2643221 0.4334412 0.04795728 0 0.04111562 0 0.1176512 0.2622089 0 0.1170675 0.1170675 0.03738808 0.01601855 0.1989574 0 0.03738808 0.0822764 0.2582346 0.2569743 0 0 0.04617505 0 0 0.03078144 0.05311981 0 0 0.4418218 0.188598 0.2732268 0 0 0.5055428 0.04046445 0.1883217 0 0 0.2738598 0.1883217 0.1883217 0.1883217 0.2732268 0 0 0 0 0.18277 0.04379817 0.1855544 0.272795 0 0.2739484 0 0.3892802 0.2625233 0 0.2732268 0.3892802 0 0 0.1883217 0.2732268 0.2739484 0.2732268 0 0 0.270822 0.270822 0.5142612 0.270822 0.5142612 0.270822 0.270822 0.270822 0.1893297 0 0.003701866 0
