1.01 -0.04485428 -0.01793061 -0.1100307 -0.04750266 0 0 -0.03474517 0 -0.1093502 -0.1097949 -0.2270345 -0.1332189 -0.02324545 0 -0.1100307 -0.1330605 -0.1100307 0 -0.1332901 -0.1686971 0 -0.260384 0.009019921 -0.1534556 0.234488 -0.1107666 -0.1107666 0.3535804 0 0 0.3489571 0.208131 -0.1351812 0.3448892 -0.06959423 0 0 0 -0.09436693 -0.06088361 0.2347676 -0.1093201 0.2342707 0 0.2342707 0.2342707 0.3448892 0.2342707 0 0.2342707 0 -0.03457953 -0.01713389 0.3448892 0.3445612 0.3425178 -0.1356433 -0.03457953 -0.066616 -0.06218778 0 0.3447442 -0.1098687 -0.01713389 0.2340602 0.2340602 0 -0.1351812 0.2350334 0 0.2340602 -0.1353044 0.2340602 0.23437 0.2497345 -0.06959423 0.3299392 -0.0442316 0 0.2501224 0 -0.04485135 0 0 0.2510841 0.253048 -0.0394801 0 0 0.2486084 0 0.2325679 0.2502168 -0.0394801 -0.1383522 0.2476549 0 -0.0442316 -0.06739035 -0.07497474 -0.07246619 -0.07353499 -0.07325879 -0.07628922 0 -0.0442316 0.06538211 0 0 -0.0442316 -0.06131715 -0.07658774 0.2062768 0.3674045 -0.0664597 -0.08166739 -0.06748171 -0.06720746 -0.0818204 -0.0442316 -0.1355818 -0.0442316 -0.0442316 -0.0442316 -0.1110368 -0.0442316 -0.0450352 -0.08166739 -0.0442316 -0.0442316 -0.08166739 0 -0.06762288 -0.0442316 -0.0442316 -0.06312119 -0.0442316 -0.04316746 -0.0442316 0.2150702 -0.03715441 -0.0442316 -0.01181494 -0.03746214 0.4258546 -0.0442316 0 -0.06580659 -0.1110368 -0.0442316 0 0 0.3457483 0.3424882 -0.06580659 0.4253495 -0.0442316 0 -0.06580659 0.4253495 -0.07731316 0.3457483 0 0.3338658 0.3456355 0 0 -0.08083394 0.3457483 -0.05355026 0 0.3459369 0.8323388 -0.04898162 -0.05075678 -0.0442316 0 0 0.4672587 0 -0.0442316 -0.06413 0.7689754 0.4367039 0 -0.06413 0.4264926 -0.06413 0.8323388 -0.02816105 0.3474086 -0.02885243 0.3487326 0.8296293 -0.04347173 -0.04851283 -0.04345659 -0.1099579 0.9012446 -0.05144245 0.3940893 0.3676381 0 -0.06413 -0.08167111 0.4777491 0 0 0.8308593 0 0 0 0 0 0.4810386 0 0 0 -0.02823628 0 -0.02799819 0 0 -0.03333351 0 -0.07494768 -0.09766797 0 -0.02119487 0 -0.05874535 0 -0.03702374 0 -0.07352103 0 0 -0.07721292 0 -0.04685931 -0.07229419 -0.1040618 0 0.1256937 -0.05874535 -0.02539136 -0.04685931 0 -0.07199523 0 0 0 0 -0.05832108 0.542745 -0.07523983 0 -0.105772 -0.07171514 -0.02344589 -0.02204378 -0.02344589
-0.04485428 1.01 -0.02242113 -0.088124 -0.02187887 0 0 0.7969427 0 -0.08802231 -0.08834233 0.2182576 -0.1053821 -0.02996873 0 -0.088124 -0.105631 -0.088124 0 -0.1050635 0.3038393 0 0.1973167 -0.03465584 -0.08844868 0.1803112 -0.08483921 -0.08483921 0.2714248 0 0 0.2662563 0.1634679 -0.1019965 0.2637929 -0.05061865 0 0 0 -0.0850979 -0.04393369 0.1803815 -0.08423232 0.1802781 0 0.1802781 0.1802781 0.2637929 0.1802781 0 0.1802781 0 -0.02868383 -0.01962325 0.2637929 0.2631966 0.264183 -0.1019521 -0.02868383 -0.04363337 -0.03807428 0 0.263682 -0.08420157 -0.01962325 0.1798259 0.1798259 0 -0.1019965 0.179177 0 0.1798259 -0.1020852 0.1798259 0.1795022 -0.1884226 -0.05061865 -0.133388 0.9955562 0 -0.1874776 0 0.9631751 0 0 -0.1881201 -0.1862772 -0.03025438 0 0 -0.1886891 0 0.1789958 -0.1859713 -0.03025438 -0.10597 -0.1887582 0 0.9955562 -0.04968846 0.6583025 0.4661221 0.4628732 0.4630253 0.6431266 0 0.9955562 0.04098276 0 0 0.9955562 -0.0351443 0.644788 0.1639954 -0.114673 -0.04243665 0.6147034 -0.04238457 -0.04217839 0.6143126 0.9955562 -0.1026618 0.9955562 0.9955562 0.9955562 -0.08541006 0.9955562 0.9903789 0.6147034 0.9955562 0.9955562 0.6147034 0 -0.0482066 0.9955562 0.9955562 -0.04565672 0.9955562 -0.01972689 0.9955562 0.1445136 -0.02933121 0.9955562 0.7985519 -0.03386301 -0.1230873 0.9955562 0 -0.0449901 -0.08541006 0.9955562 0 0 0.2425051 0.2406425 -0.0449901 -0.1238733 0.9955562 0 -0.0449901 -0.1238733 -0.03704021 0.2425051 0 0.2432381 0.2424248 0 0 0.5929889 0.2425051 -0.02943014 0 0.242641 -0.05315109 0.9274421 -0.05226631 0.9955562 0 0 -0.1121913 0 0.9955562 -0.04311062 -0.06118199 -0.1198982 0 -0.04311062 -0.1231881 -0.04311062 -0.05315109 -0.01612202 0.2440119 -0.02713082 0.2435623 -0.05361729 0.9933284 0.9350522 -0.03202746 -0.08464135 -0.04018588 -0.02687184 0.2739813 -0.01993529 0 -0.04311062 0.6023797 0.3390447 0 0 -0.04960288 0 0 0 0 0 -0.08124254 0 0 0 -0.02778502 0 -0.01557674 0 0 0.2851023 0 -0.04118018 0.3287137 0 -0.0105208 0 -0.03939113 0 0.8237873 0 -0.06838778 0 0 -0.07107014 0 -0.01906511 -0.0707064 -0.08251118 0 0.05928016 -0.03939113 -0.02907354 -0.01906511 0 -0.07050172 0 0 0 0 -0.03996381 -0.07203684 -0.07182963 0 -0.08339544 -0.06941042 -0.009639104 -0.01121373 -0.009639104
-0.01793061 -0.02242113 1.01 -0.03623923 -0.01084554 0 0 -0.02438247 0 -0.03567679 -0.0358659 0.1147865 -0.04837073 -0.01683117 0 -0.03623923 -0.04853306 -0.03623923 0 -0.04817631 0.15521 0 0.09292106 -0.01405608 0.1644983 0.08890916 -0.03415453 -0.03415453 0.1277431 0 0 0.1251632 0.07604549 -0.0478838 0.1240838 -0.03122822 0 0 0 -0.03383199 -0.02215145 0.08525755 -0.03378837 0.08487299 0 0.08487299 0.08487299 0.1240838 0.08487299 0 0.08487299 0 -0.01694215 -0.0105762 0.1240838 0.1234453 0.1243065 -0.04785743 -0.01694215 -0.02725519 -0.02409624 0 0.1240316 -0.03374528 -0.0105762 0.08553027 0.08553027 0 -0.0478838 0.08611236 0 0.08553027 -0.04793654 0.08553027 0.08565827 0.09399051 -0.03122822 0.1189698 -0.02217778 0 0.09363526 0 -0.02173446 0 0 0.0942125 0.0925998 -0.01379995 0 0 0.09374188 0 0.08656021 0.09602645 -0.01379995 -0.05126396 0.09498468 0 -0.02217778 -0.03069902 -0.0341196 -0.03115619 -0.0319439 -0.03182958 -0.03452411 0 -0.02217778 -0.003984648 0 0 -0.02217778 -0.02541784 -0.03433691 0.07716686 0.1357252 -0.02535662 -0.03370684 -0.02461515 -0.02449502 -0.03377156 -0.02217778 -0.04711162 -0.02217778 -0.02217778 -0.02217778 -0.03400826 -0.02217778 -0.0225003 -0.03370684 -0.02217778 -0.02217778 -0.03370684 0 -0.0287752 -0.02217778 -0.02217778 -0.02797151 -0.02217778 -0.01041639 -0.02217778 0.09379417 -0.01500673 -0.02217778 0.0317296 -0.0175478 0.1661539 -0.02217778 0 -0.02691626 -0.03400826 -0.02217778 0 0 0.150877 0.1506605 -0.02691626 0.1858542 -0.02217778 0 -0.02691626 0.1858542 -0.04112818 0.150877 0 0.1328497 0.1508286 0 0 -0.03564499 0.150877 -0.01996684 0 0.1509568 0.3475364 -0.01962884 -0.03843141 -0.02217778 0 0 0.200353 0 -0.02217778 -0.02583017 0.315373 0.190401 0 -0.02583017 0.1863378 -0.02583017 0.3475364 -0.008488592 0.1517529 0.6639669 0.1524968 0.3464021 -0.02231628 -0.02595678 -0.01496724 -0.033525 -0.01077798 -0.01853578 0.161494 -0.009161812 0 -0.02583017 -0.04000661 0.1867501 0 0 0.332945 0 0 0 0 0 0.1864747 0 0 0 -0.01796235 0 -0.01843986 0 0 0.4524309 0 -0.01873093 0.1769417 0 0.5873914 0 -0.01747262 0 -0.02503395 0 -0.03404786 0 0 0.2054673 0 -0.006101051 -0.03545422 0.1650426 0 -0.1200477 -0.01747262 -0.01747834 -0.006101051 0 -0.03533146 0 0 0 0 -0.0178354 -0.03992079 -0.03280611 0 0.1634601 -0.03467303 0.6605085 0.6473373 0.6605085
-0.1100307 -0.088124 -0.03623923 1.01 -0.06728644 0 0 -0.07410744 0 0.9956893 0.9913636 0.3260018 0.8291483 -0.06624703 0 1 0.8279883 1 0 0.8275022 -0.2646001 0 0.3989755 -0.05554447 -0.2313368 0.3434509 0.9836187 0.9836187 -0.2870468 0 0 -0.282777 0.3042875 0.796257 -0.2849704 -0.08463169 0 0 0 0.9701316 -0.07304565 0.3372442 0.9408844 0.3415321 0 0.3415321 0.3415321 -0.2849704 0.3415321 0 0.3415321 0 -0.03850595 -0.04536088 -0.2849704 -0.2858127 -0.2845911 0.796016 -0.03850595 -0.09279563 -0.08798291 0 -0.2848506 0.9712041 -0.04536088 0.3412055 0.3412055 0 0.796257 0.3429677 0 0.3412055 0.7959795 0.3412055 0.3413687 0.3737029 -0.08463169 -0.291458 -0.08731045 0 0.3727532 0 -0.09078269 0 0 0.3744974 0.3748699 -0.05900308 0 0 0.3710739 0 0.3395632 0.3528412 -0.05900308 0.7680823 0.3699341 0 -0.08731045 -0.08589465 -0.1250856 -0.1122034 -0.1119913 -0.112181 -0.1258155 0 -0.08731045 0.08763284 0 0 -0.08731045 -0.08763516 -0.1251552 0.3017407 -0.2419694 -0.09855138 -0.1330647 -0.09598443 -0.09689843 -0.1322434 -0.08731045 0.7919029 -0.08731045 -0.08731045 -0.08731045 0.9668346 -0.08731045 -0.08841145 -0.1330647 -0.08731045 -0.08731045 -0.1330647 0 -0.1044588 -0.08731045 -0.08731045 -0.107894 -0.08731045 -0.06459352 -0.08731045 0.3337909 0.2788526 -0.08731045 -0.1036797 -0.07278449 0.6430749 -0.08731045 0 -0.1061448 0.9668346 -0.08731045 0 0 0.510069 0.506074 -0.1061448 0.6412931 -0.08731045 0 -0.1061448 0.6412931 -0.09996293 0.510069 0 0.5119838 0.5099018 0 0 -0.1404732 0.510069 -0.07562037 0 0.5094322 -0.07155185 -0.08730741 -0.09267631 -0.08731045 0 0 0.4668138 0 -0.08731045 -0.1056228 -0.08657372 0.6237839 0 -0.1056228 0.6357422 -0.1056228 -0.07155185 -0.0339641 0.5052217 0.04465297 0.5065788 -0.07159008 -0.08537938 -0.09259646 -0.05022534 0.9613887 -0.09790584 -0.07488086 0.5779382 -0.04352381 0 -0.1056228 -0.1274214 -0.1884979 0 0 -0.07148923 0 0 0 0 0 -0.1779147 0 0 0 -0.05393546 0 -0.06164382 0 0 0.01685196 0 -0.08828998 -0.1088744 0 0.07125468 0 -0.07141057 0 -0.07897564 0 0.4342349 0 0 0.4331065 0 -0.0661183 0.4469137 0.3052976 0 -0.351153 -0.07141057 -0.05215631 -0.0661183 0 0.4453025 0 0 0 0 -0.06572044 -0.1452277 0.4523044 0 0.3009374 0.4383393 0.0174858 0.01601678 0.0174858
-0.04750266 -0.02187887 -0.01084554 -0.06728644 1.01 0 0 -0.01646736 0 -0.06846335 -0.06776193 -0.1356391 -0.07934918 -0.02464569 0 -0.06728644 -0.07956307 -0.06728644 0 -0.07908274 -0.09767197 0 -0.1517398 -0.02634966 -0.09332869 -0.02242979 -0.06550607 -0.06550607 -0.09878942 0 0 -0.09983798 0.1197977 -0.07794374 -0.08648136 -0.0372999 0 0 0 -0.06505455 -0.04316754 -0.1468925 -0.06500444 -0.1461662 0 -0.1461662 -0.1461662 -0.08648136 -0.1461662 0 -0.1461662 0 -0.01353211 -0.01751657 -0.08648136 -0.08708743 -0.08620609 -0.07790706 -0.01353211 0.4165549 0.4337355 0 -0.08644499 -0.04545236 -0.01751657 -0.1464264 -0.1464264 0 -0.07794374 -0.1456073 0 -0.1464264 -0.07801711 -0.1464264 -0.1462963 -0.1380526 -0.0372999 -0.09590956 -0.02148384 0 -0.1379619 0 -0.02108912 0 0 -0.1371397 -0.1369203 -0.02118241 0 0 -0.138964 0 -0.147438 -0.1367494 -0.02118241 -0.0791457 -0.1392522 0 -0.02148384 -0.03650628 0.3182523 0.325399 0.3516735 0.3526465 0.3097641 0 -0.02148384 0.03696589 0 0 -0.02148384 0.4264079 0.3102006 0.1188052 -0.0822217 0.5847905 0.4507659 0.5897117 0.5906426 0.4504675 -0.02148384 -0.07849393 -0.02148384 -0.02148384 -0.02148384 -0.06628321 -0.02148384 -0.02198227 0.4507659 -0.02148384 -0.02148384 0.4507659 0 0.545201 -0.02148384 -0.02148384 0.5520371 -0.02148384 0.9371166 -0.02148384 0.09703904 -0.01243052 -0.02148384 -0.02804637 -0.02189033 -0.1009262 -0.02148384 0 0.5593885 -0.06628321 -0.02148384 0 0 0.1685396 0.1670514 0.5593885 -0.1015714 -0.02148384 0 0.5593885 -0.1015714 -0.01106603 0.1685396 0 0.1695779 0.1684788 0 0 0.4359442 0.1685396 0.7513839 0 0.168649 -0.05115044 -0.02829715 -0.02905821 -0.02148384 0 0 -0.09381049 0 -0.02148384 0.5677982 -0.05350477 -0.09851271 0 0.5677982 -0.1017452 0.5677982 -0.05115044 -0.01472371 0.1690985 -0.02005488 0.1536715 -0.05151596 -0.02169793 -0.02234934 -0.02043288 -0.06661984 -0.04407224 0.7695323 -0.1078676 -0.01560651 0 0.5677982 -0.04362894 0.2414836 0 0 -0.05242268 0 0 0 0 0 0.2645356 0 0 0 -0.02231954 0 -0.02980214 0 0 -0.02460923 0 0.3659446 0.2080971 0 -0.0260754 0 -0.01985998 0 -0.02259522 0 -0.05282597 0 0 -0.0591862 0 0.7316439 -0.05368889 0.233259 0 -0.1185979 -0.01985998 -0.02161614 0.7316439 0 -0.05351816 0 0 0 0 -0.01846547 -0.07414374 -0.0539797 0 0.2310263 -0.05260487 -0.02250268 -0.02078026 -0.02250268
0 0 0 0 0 1.01 0 0 0 0 0 0 0 0 0 0 0 0 0 0 0 0 0 0 0 0 0 0 0 0 0 0 0 0 0 0 0 0 0 0 0 0 0 0 0 0 0 0 0 0 0 0 0 0 0 0 0 0 0 0 0 0 0 0 0 0 0 0 0 0 0 0 0 0 0 0 0 0 0 0 0 0 0 0 0 0 0 0 0 0 0 0 0 0 0 0 0 0 0 0 0 0 0 0 0 0 0 0 0 0 0 0 0 0 0 0 0 0 0 0 0 0 0 0 0 0 0 0 0 0 0 0 0 0 0 0 0 0 0 0 0 0 0 0 0 0 0 0 0 0 0 0 0 0 0 0 0 0 0 0 0 0 0 0 0 0 0 0 0 0 0 0 0 0 0 0 0 0 0 0 0 0 0 0 0 0 0 0 0 0 0 0 0 0 0 0 0 0 0 0 0 0 0 0 0 0 0 0 0 0 0 0 0 0 0 0 0 0 0 0 0 0 0 0 0 0 0 0 0 0 0 0 0 0 0 0 0 0 0 0 0 0 0 0 0 0 0 0 0 0 0 0 0 0 0 0 0 0 0 0 0 0 0
0 0 0 0 0 0 1.01 0 0 0 0 0 0 0 0 0 0 0 0 0 0 0 0 0 0 0 0 0 0 0 0 0 0 0 0 0 0 0 0 0 0 0 0 0 0 0 0 0 0 0 0 0 0 0 0 0 0 0 0 0 0 0 0 0 0 0 0 0 0 0 0 0 0 0 0 0 0 0 0 0 0 0 0 0 0 0 0 0 0 0 0 0 0 0 0 0 0 0 0 0 0 0 0 0 0 0 0 0 0 0 0 0 0 0 0 0 0 0 0 0 0 0 0 0 0 0 0 0 0 0 0 0 0 0 0 0 0 0 0 0 0 0 0 0 0 0 0 0 0 0 0 0 0 0 0 0 0 0 0 0 0 0 0 0 0 0 0 0 0 0 0 0 0 0 0 0 0 0 0 0 0 0 0 0 0 0 0 0 0 0 0 0 0 0 0 0 0 0 0 0 0 0 0 0 0 0 0 0 0 0 0 0 0 0 0 0 0 0 0 0 0 0 0 0 0 0 0 0 0 0 0 0 0 0 0 0 0 0 0 0 0 0 0 0 0 0 0 0 0 0 0 0 0 0 0 0 0 0 0 0 0 0 0
-0.03474517 0.7969427 -0.02438247 -0.07410744 -0.01646736 0 0 1.01 0 -0.07438432 -0.07463788 0.1690423 -0.08538429 -0.02028296 0 -0.07410744 -0.08557994 -0.07410744 0 -0.08513217 0.2384422 0 0.1536989 -0.02464668 -0.08104991 0.1404414 -0.07154318 -0.07154318 0.2145075 0 0 0.2102474 0.1263649 -0.08412871 0.2080921 -0.0387999 0 0 0 -0.07210039 -0.03402465 0.1391879 -0.07205783 0.1393436 0 0.1393436 0.1393436 0.2080921 0.1393436 0 0.1393436 0 -0.02259 -0.01294336 0.2080921 0.207177 0.2084019 -0.0840936 -0.02259 -0.03475146 -0.03033623 0 0.2080046 -0.07104664 -0.01294336 0.1389857 0.1389857 0 -0.08412871 0.1384293 0 0.1389857 -0.08419893 0.1389857 0.138489 -0.1562244 -0.0387999 -0.1108502 0.8016947 0 -0.1567823 0 0.7763374 0 0 -0.1573332 -0.1559089 -0.02432453 0 0 -0.1577414 0 0.1385661 -0.1555735 -0.02432453 -0.08828017 -0.1573239 0 0.8016947 -0.03805047 0.5303383 0.2646742 0.2639347 0.2633636 0.51863 0 0.8016947 0.03412476 0 0 0.8016947 -0.02733779 0.520389 0.1275522 -0.09602625 -0.03308622 0.4966301 -0.03206462 -0.03189877 0.4963161 0.8016947 -0.08465534 0.8016947 0.8016947 0.8016947 -0.07235004 0.8016947 0.7975331 0.4966301 0.8016947 0.8016947 0.4966301 0 -0.03762631 0.8016947 0.8016947 -0.03509015 0.8016947 -0.01401875 0.8016947 0.1145657 -0.02478881 0.8016947 0.67406 -0.02842628 -0.1006877 0.8016947 0 -0.03505631 -0.07235004 0.8016947 0 0 0.1944052 0.1929627 -0.03505631 -0.1013108 0.8016947 0 -0.03505631 -0.1013108 -0.03562693 0.1944052 0 0.1947026 0.194341 0 0 0.4784606 0.1944052 -0.02115648 0 0.1945133 -0.04254806 0.7475402 -0.0355104 0.8016947 0 0 -0.09064064 0 0.8016947 -0.03355445 -0.0469477 -0.09773791 0 -0.03355445 -0.1007672 -0.03355445 -0.04254806 -0.01679383 0.1956025 -0.02430001 0.1952059 -0.04291789 0.7999039 0.7514659 -0.02810379 -0.07174922 -0.03068809 -0.01907695 0.2203308 -0.01427619 0 -0.03355445 0.4870516 0.2761516 0 0 -0.03580681 0 0 0 0 0 -0.06770372 0 0 0 -0.01807498 0 -0.01662061 0 0 0.2166002 0 -0.02905629 0.370281 0 -0.001406495 0 -0.03129328 0 0.88785 0 -0.05399802 0 0 -0.05444983 0 -0.0119472 -0.05475062 -0.06309119 0 0.1227354 -0.03129328 -0.02000094 -0.0119472 0 -0.05458704 0 0 0 0 -0.03174852 -0.05556089 -0.05597597 0 -0.06349051 -0.05371388 -0.00395086 -0.005270602 -0.00395086
0 0 0 0 0 0 0 0 1.01 0 0 0 0 0 0 0 0 0 0 0 0 0 0 0 0 0 0 0 0 0 0 0 0 0 0 0 0 0 0 0 0 0 0 0 0 0 0 0 0 0 0 0 0 0 0 0 0 0 0 0 0 0 0 0 0 0 0 0 0 0 0 0 0 0 0 0 0 0 0 0 0 0 0 0 0 0 0 0 0 0 0 0 0 0 0 0 0 0 0 0 0 0 0 0 0 0 0 0 0 0 0 0 0 0 0 0 0 0 0 0 0 0 0 0 0 0 0 0 0 0 0 0 0 0 0 0 0 0 0 0 0 0 0 0 0 0 0 0 0 0 0 0 0 0 0 0 0 0 0 0 0 0 0 0 0 0 0 0 0 0 0 0 0 0 0 0 0 0 0 0 0 0 0 0 0 0 0 0 0 0 0 0 0 0 0 0 0 0 0 0 0 0 0 0 0 0 0 0 0 0 0 0 0 0 0 0 0 0 0 0 0 0 0 0 0 0 0 0 0 0 0 0 0 0 0 0 0 0 0 0 0 0 0 0 0 0 0 0 0 0 0 0 0 0 0 0 0 0 0 0 0 0 0
-0.1093502 -0.08802231 -0.03567679 0.9956893 -0.06846335 0 0 -0.07438432 0 1.01 0.9948021 0.3291142 0.8252632 -0.06533871 0 0.9956893 0.8241144 0.9956893 0 0.823603 -0.2636048 0 0.3968976 -0.05486611 -0.2301169 0.3413727 0.9791239 0.9791239 -0.2854235 0 0 -0.2810629 0.3023891 0.7921949 -0.2835252 -0.08479114 0 0 0 0.9655936 -0.07198317 0.3408283 0.9362681 0.3397814 0 0.3397814 0.3397814 -0.2835252 0.3397814 0 0.3397814 0 -0.038026 -0.04484524 -0.2835252 -0.2843587 -0.2831501 0.7919523 -0.038026 -0.09312287 -0.08841707 0 -0.283406 0.9666484 -0.04484524 0.3394609 0.3394609 0 0.7921949 0.3412119 0 0.3394609 0.7919188 0.3394609 0.339621 0.3719171 -0.08479114 -0.2901144 -0.08721471 0 0.3709744 0 -0.09063442 0 0 0.3727075 0.373027 -0.05833783 0 0 0.3693124 0 0.3378358 0.3509985 -0.05833783 0.7641999 0.3681852 0 -0.08721471 -0.08607683 -0.1253791 -0.1127717 -0.1125246 -0.11272 -0.1260364 0 -0.08721471 0.08792623 0 0 -0.08721471 -0.08801746 -0.1253798 0.2998798 -0.2404222 -0.09873979 -0.1331692 -0.09619012 -0.09711033 -0.1323438 -0.08721471 0.7878458 -0.08721471 -0.08721471 -0.08721471 0.9622904 -0.08721471 -0.0883086 -0.1331692 -0.08721471 -0.08721471 -0.1331692 0 -0.1044826 -0.08721471 -0.08721471 -0.1079528 -0.08721471 -0.06593824 -0.08721471 0.3317211 0.2790053 -0.08721471 -0.103285 -0.07203059 0.6402926 -0.08721471 0 -0.1062327 0.9622904 -0.08721471 0 0 0.5074931 0.5035435 -0.1062327 0.638522 -0.08721471 0 -0.1062327 0.638522 -0.1008991 0.5074931 0 0.509366 0.5073267 0 0 -0.1404833 0.5074931 -0.07639149 0 0.5068526 -0.07039687 -0.08707745 -0.09159957 -0.08721471 0 0 0.4636362 0 -0.08721471 -0.1057446 -0.0852564 0.6211349 0 -0.1057446 0.6329449 -0.1057446 -0.07039687 -0.03345601 0.5026105 0.04569251 0.5039514 -0.07042914 -0.08527467 -0.09239637 -0.0495231 0.9568006 -0.09673747 -0.07571131 0.5752936 -0.04448841 0 -0.1057446 -0.1274668 -0.1878076 0 0 -0.07033184 0 0 0 0 0 -0.1780268 0 0 0 -0.05330861 0 -0.06089809 0 0 0.01783183 0 -0.08840718 -0.1081669 0 0.07220657 0 -0.07229617 0 -0.07912062 0 0.4363087 0 0 0.4354304 0 -0.06737608 0.4490551 0.3071511 0 -0.3487626 -0.07229617 -0.05153598 -0.06737608 0 0.4474367 0 0 0 0 -0.06657608 -0.1436278 0.4545043 0 0.3028056 0.4404393 0.01821736 0.01675919 0.01821736
-0.1097949 -0.08834233 -0.0358659 0.9913636 -0.06776193 0 0 -0.07463788 0 0.9948021 1.01 0.3292524 0.8220187 -0.06395082 0 0.9913636 0.8208724 0.9913636 0 0.8203585 -0.2596083 0 0.3980391 -0.05402001 -0.2256978 0.338439 0.9747738 0.9747738 -0.2857974 0 0 -0.2814635 0.299523 0.78895 -0.2839375 -0.0838663 0 0 0 0.9612478 -0.07307019 0.3378891 0.9319253 0.3368385 0 0.3368385 0.3368385 -0.2839375 0.3368385 0 0.3368385 0 -0.03819163 -0.04502542 -0.2839375 -0.2847744 -0.283259 0.7887075 -0.03819163 -0.09279835 -0.08804602 0 -0.2838181 0.962294 -0.04502542 0.3365174 0.3365174 0 0.78895 0.3382727 0 0.3365174 0.7886738 0.3365174 0.3366778 0.3691029 -0.0838663 -0.2899859 -0.08753378 0 0.3681566 0 -0.09096307 0 0 0.3698942 0.3702298 -0.05857055 0 0 0.3664903 0 0.3348877 0.3481941 -0.05857055 0.7609718 0.3653569 0 -0.08753378 -0.08513933 -0.1253058 -0.1126036 -0.1123677 -0.1125613 -0.1259864 0 -0.08753378 0.08830333 0 0 -0.08753378 -0.08766714 -0.1253284 0.296997 -0.2407431 -0.09847425 -0.13316 -0.0959163 -0.09683483 -0.1323354 -0.08753378 0.7846004 -0.08753378 -0.08753378 -0.08753378 0.9579424 -0.08753378 -0.08862934 -0.13316 -0.08753378 -0.08753378 -0.13316 0 -0.1042858 -0.08753378 -0.08753378 -0.107745 -0.08753378 -0.06516136 -0.08753378 0.3316622 0.2775101 -0.08753378 -0.1036668 -0.07229765 0.6371236 -0.08753378 0 -0.1060127 0.9579424 -0.08753378 0 0 0.5045374 0.5005811 -0.1060127 0.635351 -0.08753378 0 -0.1060127 0.635351 -0.1013642 0.5045374 0 0.5064162 0.5043713 0 0 -0.1405082 0.5045374 -0.07587107 0 0.5038973 -0.07093554 -0.08742233 -0.09197467 -0.08753378 0 0 0.4629154 0 -0.08753378 -0.1055112 -0.08584223 0.6179696 0 -0.1055112 0.6297772 -0.1055112 -0.07093554 -0.03512146 0.4996632 0.04540555 0.5010035 -0.07096927 -0.08559488 -0.09273514 -0.04976201 0.9524485 -0.0964882 -0.07516581 0.5721027 -0.04611872 0 -0.1055112 -0.1269528 -0.1877068 0 0 -0.07087099 0 0 0 0 0 -0.1785855 0 0 0 -0.05237625 0 -0.06115645 0 0 0.01754719 0 -0.08881153 -0.1083968 0 0.07196082 0 -0.07084981 0 -0.07939591 0 0.4351516 0 0 0.4342498 0 -0.06663825 0.4478924 0.3062994 0 -0.3470074 -0.07084981 -0.05059259 -0.06663825 0 0.4467566 0 0 0 0 -0.06514207 -0.1447432 0.4542882 0 0.3023361 0.4397644 0.0180076 0.01654535 0.0180076
-0.2270345 0.2182576 0.1147865 0.3260018 -0.1356391 0 0 0.1690423 0 0.3291142 0.3292524 1.01 0.4268852 -0.1442398 0 0.3260018 0.4275759 0.3260018 0 0.4285019 0.6033709 0 0.8837243 0.04417245 0.5182673 0.6588094 0.3215222 0.3215222 0.3445622 0 0 0.3343095 0.6020917 0.4240346 0.3268633 0.2588883 0 0 0 0.3125704 -0.1924465 0.6549143 0.3243893 0.6536266 0 0.6536266 0.6536266 0.3268633 0.6536266 0 0.6536266 0 0.0415298 0.0972437 0.3268633 0.3239014 0.3273261 0.4240258 0.0415298 -0.1387392 -0.1241058 0 0.3265192 0.3149256 0.0972437 0.6525868 0.6525868 0 0.4240346 0.6542449 0 0.6525868 0.4237917 0.6525868 0.6528009 0.5681507 0.2588883 0.363292 0.217405 0 0.5703035 0 0.2250399 0 0 0.5717327 0.57375 -0.1217738 0 0 0.5683539 0 0.6496241 0.5610211 -0.1217738 0.388436 0.5654022 0 0.217405 0.2549571 0.05814149 0.01244826 0.00898192 0.00922831 0.04672274 0 0.217405 0.1654823 0 0 0.217405 -0.1312433 0.04691112 0.5941427 0.2562529 -0.1518932 0.02454265 -0.148287 -0.1486191 0.02461172 0.217405 0.4197417 0.217405 0.217405 0.217405 0.3146416 0.217405 0.217954 0.02454265 0.217405 0.217405 0.02454265 0 -0.1710402 0.217405 0.217405 -0.1596408 0.217405 -0.1292695 0.217405 -0.06791152 0.11281 0.217405 0.1993965 -0.1439026 0.2655808 0.217405 0 -0.1660308 0.3146416 0.217405 0 0 0.2500667 0.2499968 -0.1660308 0.2670664 0.217405 0 -0.1660308 0.2670664 0.2577903 0.2500667 0 0.2433816 0.2498381 0 0 0.003968022 0.2500667 -0.09213026 0 0.2500147 -0.1495586 0.1821997 -0.158732 0.217405 0 0 0.2049117 0 0.217405 -0.1614605 -0.1862119 0.2464481 0 -0.1614605 0.2658233 -0.1614605 -0.1495586 -0.09317539 0.2514315 0.07688361 0.2534125 -0.1495652 0.2171689 0.2254803 -0.1215431 0.3135908 -0.2075555 -0.08547336 0.3454129 -0.08206725 0 -0.1614605 0.347853 0.03939744 0 0 -0.1502432 0 0 0 0 0 -0.04899133 0 0 0 0.0807487 0 0.1431831 0 0 0.1275573 0 -0.1428076 -0.08202259 0 0.09196819 0 0.1937412 0 0.1693364 0 0.2995787 0 0 0.3183097 0 -0.1233415 0.3023637 0.1596861 0 -0.003435307 0.1937412 0.06245441 -0.1233415 0 0.3014174 0 0 0 0 0.1949423 -0.1815998 0.3065174 0 0.153385 0.3028168 0.08196243 0.08485839 0.08196243
-0.1332189 -0.1053821 -0.04837073 0.8291483 -0.07934918 0 0 -0.08538429 0 0.8252632 0.8220187 0.4268852 1.01 -0.08147224 0 0.8291483 0.9986848 0.8291483 0 0.9986814 -0.3163129 0 0.4764436 -0.07074532 -0.2662808 0.4168435 0.8160451 0.8160451 -0.3519386 0 0 -0.3493147 0.3739204 0.9745343 -0.352643 0.4749225 0 0 0 0.8038592 -0.09621999 0.4103567 0.8157345 0.4141855 0 0.4141855 0.4141855 -0.352643 0.4141855 0 0.4141855 0 -0.0413736 -0.05456748 -0.352643 -0.3535761 -0.3523541 0.9743698 -0.0413736 -0.1008404 -0.09628505 0 -0.3524947 0.8052669 -0.05456748 0.413598 0.413598 0 0.9745343 0.4082853 0 0.413598 0.9741994 0.413598 0.4138916 0.4526418 0.4749225 -0.09690672 -0.1044028 0 0.4514056 0 -0.107565 0 0 0.4458305 0.4554896 -0.06118318 0 0 0.4492596 0 0.4114963 0.4346272 -0.06118318 0.9361841 0.4476029 0 -0.1044028 0.4681247 -0.1429925 -0.1271663 -0.1269339 -0.1269516 -0.145198 0 -0.1044028 0.1038157 0 0 -0.1044028 -0.09766286 -0.1444023 0.3703141 -0.3049367 -0.1101474 -0.1531188 -0.1075935 -0.1082484 -0.1524762 -0.1044028 0.9653896 -0.1044028 -0.1044028 -0.1044028 0.8019153 -0.1044028 -0.1057269 -0.1531188 -0.1044028 -0.1044028 -0.1531188 0 -0.11799 -0.1044028 -0.1044028 -0.1057884 -0.1044028 -0.07514598 -0.1044028 0.3947516 0.2317234 -0.1044028 -0.1240931 -0.07673537 0.7702798 -0.1044028 0 -0.118293 0.8019153 -0.1044028 0 0 0.6152137 0.6103819 -0.118293 0.7680335 -0.1044028 0 -0.118293 0.7680335 -0.1146598 0.6152137 0 0.6181144 0.6150124 0 0 -0.1610369 0.6152137 -0.08808607 0 0.6147486 -0.1083005 -0.1080324 -0.1062576 -0.1044028 0 0 0.6347683 0 -0.1044028 -0.1176353 -0.1259247 0.7296489 0 -0.1176353 0.7634467 -0.1176353 -0.1083005 -0.04625661 0.6114518 0.01505371 0.6129531 -0.1081836 -0.1028692 -0.1106009 -0.06147858 0.7973185 -0.1227892 -0.08724042 0.6939672 -0.04759851 0 -0.1176353 0.2940804 0.05950408 0 0 -0.1083599 0 0 0 0 0 -0.2200715 0 0 0 -0.0369606 0 -0.08067826 0 0 -0.003021692 0 -0.1101973 -0.1421874 0 0.04338097 0 0.3110499 0 -0.08937351 0 0.5858195 0 0 0.5630376 0 -0.08267686 0.5937311 0.4077639 0 -0.3640439 0.3110499 -0.06496057 -0.08267686 0 0.592196 0 0 0 0 0.3134948 -0.04199483 0.5938615 0 0.4022761 0.5874238 -0.0003413015 0.009318559 -0.0003413015
-0.02324545 -0.02996873 -0.01683117 -0.06624703 -0.02464569 0 0 -0.02028296 0 -0.06533871 -0.06395082 -0.1442398 -0.08147224 1.01 0 -0.06624703 -0.08173653 -0.06624703 0 -0.08115392 -0.1255003 0 -0.1790034 -0.01649677 -0.1124357 -0.1631327 -0.06375211 -0.06375211 -0.1003521 0 0 -0.1032317 -0.1892096 -0.08025636 -0.105725 -0.04326313 0 0 0 -0.06236649 -0.04259164 -0.1662435 -0.06658553 -0.1669413 0 -0.1669413 -0.1669413 -0.105725 -0.1669413 0 -0.1669413 0 -0.02063267 -0.02770453 -0.105725 -0.1052446 -0.1054047 -0.08021308 -0.02063267 -0.03629652 -0.04069076 0 -0.1056806 -0.06481553 -0.02770453 -0.1672461 -0.1672461 0 -0.08025636 -0.1662908 0 -0.1672461 -0.08034293 -0.1672461 -0.1670937 -0.1556501 -0.04326313 -0.1149363 -0.02953179 0 -0.1557323 0 -0.03296073 0 0 -0.1547736 -0.1520161 -0.02668586 0 0 -0.1563225 0 -0.1678447 -0.1560677 -0.02668586 -0.08107911 -0.1562635 0 -0.02953179 -0.04233585 -0.05043612 -0.04774565 -0.04908296 -0.04888798 -0.05077395 0 -0.02953179 0.05512236 0 0 -0.02953179 -0.04005428 -0.05046328 -0.18993 -0.09834479 -0.04101897 -0.05242836 -0.04109828 -0.0422057 -0.05253601 -0.02953179 -0.0794147 -0.02953179 -0.02953179 -0.02953179 -0.06437268 -0.02953179 -0.03009307 -0.05242836 -0.02953179 -0.02953179 -0.05242836 0 -0.04616409 -0.02953179 -0.02953179 -0.04728729 -0.02953179 -0.02520822 -0.02953179 -0.1823092 -0.01675014 -0.02953179 -0.01946466 -0.03342725 -0.06980975 -0.02953179 0 -0.04680522 -0.06437268 -0.02953179 0 0 -0.09937928 -0.09962812 -0.04680522 -0.07058863 -0.02953179 0 -0.04680522 -0.07058863 -0.06010543 -0.09937928 0 -0.09894473 -0.09940047 0 0 -0.056275 -0.09937928 -0.03218565 0 -0.0992726 -0.002444692 -0.03276278 -0.03180903 -0.02953179 0 0 -0.06189091 0 -0.02953179 -0.04504891 -0.009812311 -0.06519892 0 -0.04504891 -0.07056469 -0.04504891 -0.002444692 -0.02486614 -0.0978865 0.03617567 -0.0972039 -0.002011278 -0.02977285 -0.03320013 -0.03257072 -0.06445625 -0.02168011 -0.02981948 -0.08114203 -0.008567601 0 -0.04504891 -0.05391846 -0.06142281 0 0 -0.002691554 0 0 0 0 0 -0.07074999 0 0 0 -0.01764098 0 -0.02812479 0 0 0.03779073 0 -0.04708142 0.1493366 0 0.05593212 0 -0.03488521 0 -0.0219747 0 -0.05744603 0 0 -0.03160978 0 -0.02790275 -0.05880034 -0.04999088 0 -0.2158864 -0.03488521 -0.01903258 -0.02790275 0 -0.05954307 0 0 0 0 -0.03544862 -0.06218725 -0.06072158 0 -0.05085207 -0.05846636 0.07067624 0.06769883 0.07067624
0 0 0 0 0 0 0 0 0 0 0 0 0 0 1.01 0 0 0 0 0 0 0 0 0 0 0 0 0 0 0 0 0 0 0 0 0 0 0 0 0 0 0 0 0 0 0 0 0 0 0 0 0 0 0 0 0 0 0 0 0 0 0 0 0 0 0 0 0 0 0 0 0 0 0 0 0 0 0 0 0 0 0 0 0 0 0 0 0 0 0 0 0 0 0 0 0 0 0 0 0 0 0 0 0 0 0 0 0 0 0 0 0 0 0 0 0 0 0 0 0 0 0 0 0 0 0 0 0 0 0 0 0 0 0 0 0 0 0 0 0 0 0 0 0 0 0 0 0 0 0 0 0 0 0 0 0 0 0 0 0 0 0 0 0 0 0 0 0 0 0 0 0 0 0 0 0 0 0 0 0 0 0 0 0 0 0 0 0 0 0 0 0 0 0 0 0 0 0 0 0 0 0 0 0 0 0 0 0 0 0 0 0 0 0 0 0 0 0 0 0 0 0 0 0 0 0 0 0 0 0 0 0 0 0 0 0 0 0 0 0 0 0 0 0 0 0 0 0 0 0 0 0 0 0 0 0 0 0 0 0 0 0 0
-0.1100307 -0.088124 -0.03623923 1 -0.06728644 0 0 -0.07410744 0 0.9956893 0.9913636 0.3260018 0.8291483 -0.06624703 0 1.01 0.8279883 1 0 0.8275022 -0.2646001 0 0.3989755 -0.05554447 -0.2313368 0.3434509 0.9836187 0.9836187 -0.2870468 0 0 -0.282777 0.3042875 0.796257 -0.2849704 -0.08463169 0 0 0 0.9701316 -0.07304565 0.3372442 0.9408844 0.3415321 0 0.3415321 0.3415321 -0.2849704 0.3415321 0 0.3415321 0 -0.03850595 -0.04536088 -0.2849704 -0.2858127 -0.2845911 0.796016 -0.03850595 -0.09279563 -0.08798291 0 -0.2848506 0.9712041 -0.04536088 0.3412055 0.3412055 0 0.796257 0.3429677 0 0.3412055 0.7959795 0.3412055 0.3413687 0.3737029 -0.08463169 -0.291458 -0.08731045 0 0.3727532 0 -0.09078269 0 0 0.3744974 0.3748699 -0.05900308 0 0 0.3710739 0 0.3395632 0.3528412 -0.05900308 0.7680823 0.3699341 0 -0.08731045 -0.08589465 -0.1250856 -0.1122034 -0.1119913 -0.112181 -0.1258155 0 -0.08731045 0.08763284 0 0 -0.08731045 -0.08763516 -0.1251552 0.3017407 -0.2419694 -0.09855138 -0.1330647 -0.09598443 -0.09689843 -0.1322434 -0.08731045 0.7919029 -0.08731045 -0.08731045 -0.08731045 0.9668346 -0.08731045 -0.08841145 -0.1330647 -0.08731045 -0.08731045 -0.1330647 0 -0.1044588 -0.08731045 -0.08731045 -0.107894 -0.08731045 -0.06459352 -0.08731045 0.3337909 0.2788526 -0.08731045 -0.1036797 -0.07278449 0.6430749 -0.08731045 0 -0.1061448 0.9668346 -0.08731045 0 0 0.510069 0.506074 -0.1061448 0.6412931 -0.08731045 0 -0.1061448 0.6412931 -0.09996293 0.510069 0 0.5119838 0.5099018 0 0 -0.1404732 0.510069 -0.07562037 0 0.5094322 -0.07155185 -0.08730741 -0.09267631 -0.08731045 0 0 0.4668138 0 -0.08731045 -0.1056228 -0.08657372 0.6237839 0 -0.1056228 0.6357422 -0.1056228 -0.07155185 -0.0339641 0.5052217 0.04465297 0.5065788 -0.07159008 -0.08537938 -0.09259646 -0.05022534 0.9613887 -0.09790584 -0.07488086 0.5779382 -0.04352381 0 -0.1056228 -0.1274214 -0.1884979 0 0 -0.07148923 0 0 0 0 0 -0.1779147 0 0 0 -0.05393546 0 -0.06164382 0 0 0.01685196 0 -0.08828998 -0.1088744 0 0.07125468 0 -0.07141057 0 -0.07897564 0 0.4342349 0 0 0.4331065 0 -0.0661183 0.4469137 0.3052976 0 -0.351153 -0.07141057 -0.05215631 -0.0661183 0 0.4453025 0 0 0 0 -0.06572044 -0.1452277 0.4523044 0 0.3009374 0.4383393 0.0174858 0.01601678 0.0174858
-0.1330605 -0.105631 -0.04853306 0.8279883 -0.07956307 0 0 -0.08557994 0 0.8241144 0.8208724 0.4275759 0.9986848 -0.08173653 0 0.8279883 1.01 0.8279883 0 0.9973701 -0.3147363 0 0.4768721 -0.07093465 -0.2644804 0.4176154 0.8149252 0.8149252 -0.3501026 0 0 -0.3475245 0.3745536 0.9732719 -0.3508673 0.4743848 0 0 0 0.8027588 -0.09652409 0.4111287 0.8146187 0.4149489 0 0.4149489 0.4149489 -0.3508673 0.4149489 0 0.4149489 0 -0.0415185 -0.05471303 -0.3508673 -0.3518052 -0.3505768 0.9731078 -0.0415185 -0.101156 -0.0965858 0 -0.3507198 0.804166 -0.05471303 0.4143596 0.4143596 0 0.9732719 0.4090594 0 0.4143596 0.9729369 0.4143596 0.4146541 0.4534956 0.4743848 -0.09528306 -0.1046517 0 0.452258 0 -0.1078216 0 0 0.4466957 0.4563606 -0.06138371 0 0 0.4501071 0 0.4122531 0.4355064 -0.06138371 0.9352484 0.4484475 0 -0.1046517 0.4676038 -0.1433852 -0.1275251 -0.1272975 -0.1273146 -0.1456011 0 -0.1046517 0.104133 0 0 -0.1046517 -0.09797021 -0.1448048 0.3709371 -0.3030599 -0.1104793 -0.1535391 -0.1079235 -0.1085766 -0.1528978 -0.1046517 0.9641354 -0.1046517 -0.1046517 -0.1046517 0.8008159 -0.1046517 -0.1059763 -0.1535391 -0.1046517 -0.1046517 -0.1535391 0 -0.1183459 -0.1046517 -0.1046517 -0.1061556 -0.1046517 -0.07534582 -0.1046517 0.3933548 0.2311687 -0.1046517 -0.1243918 -0.07695779 0.7691564 -0.1046517 0 -0.1186362 0.8008159 -0.1046517 0 0 0.6139094 0.609069 -0.1186362 0.7669086 -0.1046517 0 -0.1186362 0.7669086 -0.1150675 0.6139094 0 0.616819 0.6137083 0 0 -0.16147 0.6139094 -0.08834177 0 0.6134455 -0.1083546 -0.1083064 -0.10657 -0.1046517 0 0 0.6339803 0 -0.1046517 -0.1179722 -0.1260421 0.7286165 0 -0.1179722 0.7623319 -0.1179722 -0.1083546 -0.04640088 0.610161 0.0147096 0.6116643 -0.1082406 -0.1031211 -0.1108655 -0.06168408 0.7962304 -0.1225454 -0.0874879 0.692787 -0.04774416 0 -0.1179722 0.2935026 0.05890205 0 0 -0.1084151 0 0 0 0 0 -0.2205649 0 0 0 -0.03717582 0 -0.080883 0 0 -0.00334465 0 -0.1105378 -0.1427911 0 0.04305231 0 0.3110328 0 -0.08959004 0 0.5847698 0 0 0.5619246 0 -0.08287713 0.5926573 0.4066308 0 -0.3629992 0.3110328 -0.06513452 -0.08287713 0 0.5911255 0 0 0 0 0.313468 -0.042398 0.592771 0 0.4011421 0.586366 -0.0005807711 0.009061116 -0.0005807711
-0.1100307 -0.088124 -0.03623923 1 -0.06728644 0 0 -0.07410744 0 0.9956893 0.9913636 0.3260018 0.8291483 -0.06624703 0 1 0.8279883 1.01 0 0.8275022 -0.2646001 0 0.3989755 -0.05554447 -0.2313368 0.3434509 0.9836187 0.9836187 -0.2870468 0 0 -0.282777 0.3042875 0.796257 -0.2849704 -0.08463169 0 0 0 0.9701316 -0.07304565 0.3372442 0.9408844 0.3415321 0 0.3415321 0.3415321 -0.2849704 0.3415321 0 0.3415321 0 -0.03850595 -0.04536088 -0.2849704 -0.2858127 -0.2845911 0.796016 -0.03850595 -0.09279563 -0.08798291 0 -0.2848506 0.9712041 -0.04536088 0.3412055 0.3412055 0 0.796257 0.3429677 0 0.3412055 0.7959795 0.3412055 0.3413687 0.3737029 -0.08463169 -0.291458 -0.08731045 0 0.3727532 0 -0.09078269 0 0 0.3744974 0.3748699 -0.05900308 0 0 0.3710739 0 0.3395632 0.3528412 -0.05900308 0.7680823 0.3699341 0 -0.08731045 -0.08589465 -0.1250856 -0.1122034 -0.1119913 -0.112181 -0.1258155 0 -0.08731045 0.08763284 0 0 -0.08731045 -0.08763516 -0.1251552 0.3017407 -0.2419694 -0.09855138 -0.1330647 -0.09598443 -0.09689843 -0.1322434 -0.08731045 0.7919029 -0.08731045 -0.08731045 -0.08731045 0.9668346 -0.08731045 -0.08841145 -0.1330647 -0.08731045 -0.08731045 -0.1330647 0 -0.1044588 -0.08731045 -0.08731045 -0.107894 -0.08731045 -0.06459352 -0.08731045 0.3337909 0.2788526 -0.08731045 -0.1036797 -0.07278449 0.6430749 -0.08731045 0 -0.1061448 0.9668346 -0.08731045 0 0 0.510069 0.506074 -0.1061448 0.6412931 -0.08731045 0 -0.1061448 0.6412931 -0.09996293 0.510069 0 0.5119838 0.5099018 0 0 -0.1404732 0.510069 -0.07562037 0 0.5094322 -0.07155185 -0.08730741 -0.09267631 -0.08731045 0 0 0.4668138 0 -0.08731045 -0.1056228 -0.08657372 0.6237839 0 -0.1056228 0.6357422 -0.1056228 -0.07155185 -0.0339641 0.5052217 0.04465297 0.5065788 -0.07159008 -0.08537938 -0.09259646 -0.05022534 0.9613887 -0.09790584 -0.07488086 0.5779382 -0.04352381 0 -0.1056228 -0.1274214 -0.1884979 0 0 -0.07148923 0 0 0 0 0 -0.1779147 0 0 0 -0.05393546 0 -0.06164382 0 0 0.01685196 0 -0.08828998 -0.1088744 0 0.07125468 0 -0.07141057 0 -0.07897564 0 0.4342349 0 0 0.4331065 0 -0.0661183 0.4469137 0.3052976 0 -0.351153 -0.07141057 -0.05215631 -0.0661183 0 0.4453025 0 0 0 0 -0.06572044 -0.1452277 0.4523044 0 0.3009374 0.4383393 0.0174858 0.01601678 0.0174858
0 0 0 0 0 0 0 0 0 0 0 0 0 0 0 0 0 0 1.01 0 0 0 0 0 0 0 0 0 0 0 0 0 0 0 0 0 0 0 0 0 0 0 0 0 0 0 0 0 0 0 0 0 0 0 0 0 0 0 0 0 0 0 0 0 0 0 0 0 0 0 0 0 0 0 0 0 0 0 0 0 0 0 0 0 0 0 0 0 0 0 0 0 0 0 0 0 0 0 0 0 0 0 0 0 0 0 0 0 0 0 0 0 0 0 0 0 0 0 0 0 0 0 0 0 0 0 0 0 0 0 0 0 0 0 0 0 0 0 0 0 0 0 0 0 0 0 0 0 0 0 0 0 0 0 0 0 0 0 0 0 0 0 0 0 0 0 0 0 0 0 0 0 0 0 0 0 0 0 0 0 0 0 0 0 0 0 0 0 0 0 0 0 0 0 0 0 0 0 0 0 0 0 0 0 0 0 0 0 0 0 0 0 0 0 0 0 0 0 0 0 0 0 0 0 0 0 0 0 0 0 0 0 0 0 0 0 0 0 0 0 0 0 0 0 0 0 0 0 0 0 0 0 0 0 0 0 0 0 0 0 0 0 0
-0.1332901 -0.1050635 -0.04817631 0.8275022 -0.07908274 0 0 -0.08513217 0 0.823603 0.8203585 0.4285019 0.9986814 -0.08115392 0 0.8275022 0.9973701 0.8275022 0 1.01 -0.3154521 0 0.4762151 -0.07050915 -0.2655423 0.4165757 0.8143415 0.8143415 -0.3511532 0 0 -0.3485009 0.3733049 0.9731653 -0.3518186 0.4751494 0 0 0 0.8021439 -0.0958521 0.4100929 0.8140252 0.4139279 0 0.4139279 0.4139279 -0.3518186 0.4139279 0 0.4139279 0 -0.04120125 -0.05438581 -0.3518186 -0.3527489 -0.3515313 0.9730002 -0.04120125 -0.101673 -0.09718669 0 -0.3516706 0.8035458 -0.05438581 0.4133423 0.4133423 0 0.9731653 0.4080205 0 0.4133423 0.9728309 0.4133423 0.4136349 0.4522659 0.4751494 -0.09609508 -0.1040848 0 0.4510322 0 -0.1072373 0 0 0.4454479 0.4550948 -0.06283889 0 0 0.4488921 0 0.4112464 0.4342367 -0.06283889 0.9352011 0.4472397 0 -0.1040848 0.46892 -0.1434722 -0.1277768 -0.1275271 -0.1275475 -0.1456448 0 -0.1040848 0.1034296 0 0 -0.1040848 -0.09853361 -0.1448506 0.3697115 -0.3044514 -0.110896 -0.1535115 -0.108353 -0.1090105 -0.1528676 -0.1040848 0.9643518 -0.1040848 -0.1040848 -0.1040848 0.8001994 -0.1040848 -0.1054077 -0.1535115 -0.1040848 -0.1040848 -0.1535115 0 -0.1186394 -0.1040848 -0.1040848 -0.1064451 -0.1040848 -0.07489639 -0.1040848 0.3938034 0.2321271 -0.1040848 -0.1237123 -0.07812438 0.7694561 -0.1040848 0 -0.1189764 0.8001994 -0.1040848 0 0 0.6142435 0.6094279 -0.1189764 0.7672137 -0.1040848 0 -0.1189764 0.7672137 -0.1146781 0.6142435 0 0.6171298 0.6140426 0 0 -0.1613851 0.6142435 -0.087772 0 0.6137773 -0.1081751 -0.1076868 -0.1058747 -0.1040848 0 0 0.6336318 0 -0.1040848 -0.1183382 -0.1257244 0.7287458 0 -0.1183382 0.7626194 -0.1183382 -0.1081751 -0.04608168 0.6104709 0.01538862 0.6119664 -0.1080555 -0.1025492 -0.1102631 -0.0612323 0.7955891 -0.1223812 -0.08693516 0.6933008 -0.04869431 0 -0.1183382 0.29492 0.05976729 0 0 -0.1082335 0 0 0 0 0 -0.2197398 0 0 0 -0.03672067 0 -0.08042012 0 0 -0.002696096 0 -0.1097838 -0.1422475 0 0.04368181 0 0.311624 0 -0.08909785 0 0.5835145 0 0 0.5610105 0 -0.08242189 0.5914741 0.4055765 0 -0.3632626 0.311624 -0.06474361 -0.08242189 0 0.5899349 0 0 0 0 0.3140729 -0.04156326 0.5916524 0 0.4001025 0.5885204 -0.0001011225 0.009570403 -0.0001011225
-0.1686971 0.3038393 0.15521 -0.2646001 -0.09767197 0 0 0.2384422 0 -0.2636048 -0.2596083 0.6033709 -0.3163129 -0.1255003 0 -0.2646001 -0.3147363 -0.2646001 0 -0.3154521 1.01 0 0.6651382 0.181054 0.8778352 0.4677227 -0.2582104 -0.2582104 0.7274769 0 0 0.7124123 0.4341898 -0.2976557 0.7063333 -0.1330295 0 0 0 -0.2562976 -0.1453429 0.4645085 -0.2538133 0.4635241 0 0.4635241 0.4635241 0.7063333 0.4635241 0 0.4635241 0 0.06864473 0.15131 0.7063333 0.7036773 0.7065422 -0.297499 0.06864473 -0.08337935 -0.07191473 0 0.7060363 -0.2552599 0.15131 0.4628936 0.4628936 0 -0.2976557 0.4639488 0 0.4628936 -0.297688 0.4628936 0.4618913 0.3467137 -0.1330295 0.5322904 0.3022818 0 0.3495777 0 0.3116512 0 0 0.3506167 0.3320651 -0.09107125 0 0 0.3486081 0 0.4608044 0.3535216 -0.09107125 -0.3076001 0.3468061 0 0.3022818 -0.1314618 0.1560855 0.09697471 0.09236949 0.09274807 0.143919 0 0.3022818 0.1097612 0 0 0.3022818 -0.07954201 0.1432032 0.4275557 0.5992663 -0.09429232 0.1245833 -0.09246027 -0.09167788 0.1248347 0.3022818 -0.2963552 0.3022818 0.3022818 0.3022818 -0.2544627 0.3022818 0.3031453 0.1245833 0.3022818 0.3022818 0.1245833 0 -0.1074926 0.3022818 0.3022818 -0.1053148 0.3022818 -0.09124124 0.3022818 -0.4153523 -0.04514986 0.3022818 0.2613208 -0.1023464 -0.3100377 0.3022818 0 -0.102151 -0.2544627 0.3022818 0 0 -0.2190321 -0.2063822 -0.102151 -0.3069771 0.3022818 0 -0.102151 -0.3069771 0.3817356 -0.2190321 0 -0.2203852 -0.2189066 0 0 0.1089394 -0.2190321 -0.04466524 0 -0.2190877 -0.07587465 0.2644324 -0.1534598 0.3022818 0 0 -0.2725206 0 0.3022818 -0.09736675 -0.1054858 -0.2945922 0 -0.09736675 -0.3040702 -0.09736675 -0.07587465 -0.07198145 -0.213867 0.1194099 -0.2125315 -0.07624892 0.3006196 0.316581 -0.0953989 -0.251052 -0.1530367 -0.03771536 -0.1696787 -0.06794859 0 -0.09736675 0.1043592 -0.03878536 0 0 -0.07667972 0 0 0 0 0 0.1209336 0 0 0 0.1652059 0 0.2204735 0 0 0.124791 0 -0.03899456 0.02933387 0 0.05581563 0 -0.07222694 0 0.2410123 0 -0.1737237 0 0 -0.1371041 0 -0.01302778 -0.1763512 -0.1632241 0 0.3064646 -0.07222694 0.1700021 -0.01302778 0 -0.1759531 0 0 0 0 -0.07328099 -0.1896467 -0.1733781 0 -0.1651509 -0.1729596 0.07930975 0.07358939 0.07930975
0 0 0 0 0 0 0 0 0 0 0 0 0 0 0 0 0 0 0 0 0 1.01 0 0 0 0 0 0 0 0 0 0 0 0 0 0 0 0 0 0 0 0 0 0 0 0 0 0 0 0 0 0 0 0 0 0 0 0 0 0 0 0 0 0 0 0 0 0 0 0 0 0 0 0 0 0 0 0 0 0 0 0 0 0 0 0 0 0 0 0 0 0 0 0 0 0 0 0 0 0 0 0 0 0 0 0 0 0 0 0 0 0 0 0 0 0 0 0 0 0 0 0 0 0 0 0 0 0 0 0 0 0 0 0 0 0 0 0 0 0 0 0 0 0 0 0 0 0 0 0 0 0 0 0 0 0 0 0 0 0 0 0 0 0 0 0 0 0 0 0 0 0 0 0 0 0 0 0 0 0 0 0 0 0 0 0 0 0 0 0 0 0 0 0 0 0 0 0 0 0 0 0 0 0 0 0 0 0 0 0 0 0 0 0 0 0 0 0 0 0 0 0 0 0 0 0 0 0 0 0 0 0 0 0 0 0 0 0 0 0 0 0 0 0 0 0 0 0 0 0 0 0 0 0 0 0 0 0 0 0 0 0 0
