1.01 0 0 0 0 0 0 0 0 0 0 0 0 0 0 0 0 0 0 0 0 0 0 0 0 0 0 0 0 0 0 0 0 0 0 0 0 0 0 0 0 0 0 0 0 0 0 0 0 0 0 0 0 0 0 0 0 0 0 0 0 0 0 0 0 0 0 0 0 0 0 0 0 0 0 0 0 0 0 0 0 0 0 0 0 0 0 0 0 0 0 0 0 0 0 0 0 0 0 0 0 0 0 0 0 0 0 0 0 0 0 0 0 0 0 0 0 0 0 0 0 0 0 0 0 0 0 0 0 0 0 0 0 0 0 0 0 0 0 0 0
0 1.01 0 0 0 0 0 0 0 0 0 0 0 0 0 0 0 0 0 0 0 0 0 0 0 0 0 0 0 0 0 0 0 0 0 0 0 0 0 0 0 0 0 0 0 0 0 0 0 0 0 0 0 0 0 0 0 0 0 0 0 0 0 0 0 0 0 0 0 0 0 0 0 0 0 0 0 0 0 0 0 0 0 0 0 0 0 0 0 0 0 0 0 0 0 0 0 0 0 0 0 0 0 0 0 0 0 0 0 0 0 0 0 0 0 0 0 0 0 0 0 0 0 0 0 0 0 0 0 0 0 0 0 0 0 0 0 0 0 0 0
0 0 1.01 -0.04303791 0 0.1249181 0 0.1190154 -0.04579682 0.1254449 0.1254449 -0.03209212 0 0.1081863 -0.01896424 -0.01429226 -0.05291332 0 0.1402611 -0.09930642 0 -0.08237918 0 0.1149038 -0.04586093 -0.05121447 -0.03209212 -0.09961636 0.257963 0.1087762 -0.04030641 -0.03816792 0 -0.04158295 -0.04158295 -0.04781946 -0.1423346 -0.06223136 -0.05968115 -0.04158295 -0.04273025 0.106876 -0.06094113 -0.04020611 0 0 -0.009013786 -0.08498189 -0.09263798 0.03765889 -0.02771931 0.1273134 0.2750263 0 0 0 -0.03307941 -0.04982623 -0.04966506 -0.03918503 0 -0.06401993 -0.07875918 -0.05154388 0.001437951 -0.04747689 0 -0.05133822 0 -0.05846499 -0.03258918 -0.1043808 -0.08170456 -0.04578852 -0.03990776 -0.1125463 -0.05276997 0 -0.02136591 0 -0.1368147 -0.02916812 -0.06717337 -0.02874094 -0.05918859 0 0.008937439 -0.02733477 0 0.02517882 -0.145505 -0.06277923 -0.02709997 -0.0211953 -0.0985401 -0.0328031 -0.05126013 0.3515813 -0.06359945 0.535436 -0.1417875 0.08790983 -0.1866803 -0.03297201 -0.02808532 0 -0.06872382 -0.03472162 -0.03456919 -0.06797789 0 -0.02795242 0 -0.09122574 -0.09049081 -0.05409839 0 0 0.05102403 0 0 -0.05367716 -0.05494079 -0.0748275 0 0 -0.1776208 -0.04876258 -0.04237547 -0.03292387 -0.05275185 -0.0645678 -0.07974574 -0.0286038 -0.07958433 -0.0322937 -0.1114651 -0.04594005 0 0 0
0 0 -0.04303791 1.01 0 0.08679976 0 0.07307185 -0.01596376 0.0873977 0.0873977 -0.00489752 0 0.06756727 -0.004127348 -0.01379528 -0.04817523 0 0.09204364 -0.0389065 0 -0.04774636 0 0.07134364 -0.0232279 -0.0489314 -0.00489752 -0.03846057 0.1554479 0.07040864 -0.02302821 -0.02674531 0 -0.02915338 -0.02915338 -0.02867612 -0.08074143 -0.04312919 -0.04924381 -0.02915338 -0.02975831 0.0665256 -0.04332545 -0.01280588 0 0 -0.02907873 -0.03864542 0.3911482 -0.07976475 -0.02086466 0.04824064 -0.05114021 0 0 0 -0.01109837 -0.02368665 -0.02782618 -0.02630806 0 -0.0219025 -0.05128942 -0.02739221 -0.03782629 -0.0334629 0 -0.02927894 0 -0.0318269 -0.009349426 0.08015051 -0.04454385 -0.0329321 -0.02419777 -0.07993753 -0.02952563 0 -0.02124601 0 -0.05242926 -0.01318816 -0.02694681 -0.02521523 -0.0268189 0 -0.002827751 -0.002912968 0 -0.02243762 -0.0808894 -0.03996122 -0.008519542 -0.02115963 -0.04885542 -0.02751922 -0.02456092 -0.03441801 0.1557436 -0.05533981 -0.07959135 -0.04798593 -0.009405965 -0.02760201 -0.005716369 0 -0.04810165 -0.0158072 -0.01571536 -0.02688848 0 -0.02603549 0 -0.049171 -0.04802336 -0.03141701 0 0 0.03700829 0 0 -0.03117736 -0.03354061 0.132274 0 0 0.03501863 -0.01941253 0.1118979 -0.01041443 -0.03448984 -0.03952989 -0.0477717 -0.01203779 -0.04768048 -0.02726975 -0.05253936 -0.01889557 0 0 0
0 0 0 0 1.01 0 0 0 0 0 0 0 0 0 0 0 0 0 0 0 0 0 0 0 0 0 0 0 0 0 0 0 0 0 0 0 0 0 0 0 0 0 0 0 0 0 0 0 0 0 0 0 0 0 0 0 0 0 0 0 0 0 0 0 0 0 0 0 0 0 0 0 0 0 0 0 0 0 0 0 0 0 0 0 0 0 0 0 0 0 0 0 0 0 0 0 0 0 0 0 0 0 0 0 0 0 0 0 0 0 0 0 0 0 0 0 0 0 0 0 0 0 0 0 0 0 0 0 0 0 0 0 0 0 0 0 0 0 0 0 0
0 0 0.1249181 0.08679976 0 1.01 0 0.7068771 0.0519084 0.9815923 0.9815923 0.03562871 0 0.7842646 0.02764172 0.04003503 -0.5004834 0 0.8909165 0.1770897 0 0.192806 0 0.7505958 0.06481307 -0.4958923 0.03562871 0.1785112 0.5138461 0.763346 -0.2689705 0.06902514 0 0.06299186 0.06299186 0.07991839 0.2652388 0.1475001 0.1196564 0.06299186 0.06453039 0.776348 0.1451261 0.09557828 0 0 -0.3300308 -0.0313775 -0.06882979 0.08432423 0.0609257 0.1027325 0.1330266 0 0 0 0.07960947 -0.2469953 -0.003043471 -0.02144809 0 0.1013478 0.1404671 0.1042099 0.1033854 0.07797998 0 0.1033801 0 0.1117285 0.07958464 0.1772381 0.1195247 0.09039861 -0.04242321 0.145001 0.1090427 0 -0.02963785 0 0.1576653 0.07357012 -0.09015473 0.07728526 -0.1812809 0 0.05579548 0.05291867 0 -0.268661 0.1902776 0.122473 0.06306536 -0.03005724 0.1441983 0.06060007 -0.2508995 -0.1124089 0.146777 -0.002531803 0.1627091 0.1641663 0.2790221 0.06093394 0.05928413 0 0.05868285 0.0413387 0.04101107 -0.08988311 0 0.04441377 0 0.1355097 0.1337389 0.1111757 0 0 0.3048693 0 0 0.1109602 0.1107808 0.1636966 0 0 0.1655292 0.007599106 0.04148369 0.02188603 0.04659264 0.05554821 -0.02031304 0.05499851 -0.02026317 0.06058826 0.0426001 0.09611457 0 0 0
0 0 0 0 0 0 1.01 0 0 0 0 0 0 0 0 0 0 0 0 0 0 0 0 0 0 0 0 0 0 0 0 0 0 0 0 0 0 0 0 0 0 0 0 0 0 0 0 0 0 0 0 0 0 0 0 0 0 0 0 0 0 0 0 0 0 0 0 0 0 0 0 0 0 0 0 0 0 0 0 0 0 0 0 0 0 0 0 0 0 0 0 0 0 0 0 0 0 0 0 0 0 0 0 0 0 0 0 0 0 0 0 0 0 0 0 0 0 0 0 0 0 0 0 0 0 0 0 0 0 0 0 0 0 0 0 0 0 0 0 0 0
0 0 0.1190154 0.07307185 0 0.7068771 0 1.01 0.04702264 0.713431 0.713431 0.03196633 0 0.917002 0.02999938 0.02965787 0.1183781 0 0.6413551 0.100529 0 0.1640328 0 0.9527837 -0.1445729 0.1190748 0.03196633 0.1017084 0.4210303 0.8954562 0.06943081 -0.1441962 0 0.05943555 0.05943555 -0.1013915 0.2045645 0.11808 0.1085856 0.05943555 0.06046207 0.9100094 0.1163703 0.07964439 0 0 0.07620286 0.02941953 0.07135186 0.05876554 0.0476273 0.2225251 0.2207773 0 0 0 0.05999631 0.06845965 -0.1620963 0.06753444 0 0.1057562 0.07883734 0.08958645 0.07056326 0.06502226 0 0.08878405 0 0.09049491 0.06145096 0.1709466 0.1155196 -0.0696138 -0.06255728 0.1113551 0.09414559 0 -0.04971409 0 0.05875731 0.06064691 0.1018661 0.06674606 0.07982236 0 0.04618002 0.0354175 0 0.06561471 0.1179412 0.1071508 0.05443988 -0.05009956 0.1454035 0.04541182 0.05652566 0.02222856 0.127092 0.04298622 0.1043445 0.2879184 0.2087235 0.04570395 0.0511906 0 0.04483985 0.0279561 0.02767019 0.1011093 0 0.0348305 0 0.1386994 0.1374579 0.09551309 0 0 0.3578068 0 0 0.09483089 0.09450937 0.04232598 0 0 0.1821351 0.0268829 0.07029213 -0.02996342 0.0286942 0.03103816 0.1279061 0.05178274 0.1281268 0.0456276 0.1738061 0.08324629 0 0 0
0 0 -0.04579682 -0.01596376 0 0.0519084 0 0.04702264 1.01 0.05120669 0.05120669 -0.01926804 0 0.04259139 -0.01661247 -0.009684498 -0.02415875 0 0.06026911 -0.05337527 0 -0.0442526 0 0.04293196 -0.006974705 -0.02329971 -0.01926804 -0.0537996 0.1191889 0.04486987 -0.005278671 -0.01147945 0 -0.02790583 -0.02790583 -0.01196313 -0.06661546 -0.02916054 -0.02436689 -0.02790583 -0.02837989 0.04163281 -0.02815861 -0.02186264 0 0 -0.01030026 -0.04001806 -0.04094619 -0.0724912 -0.01026303 0.08359322 0.1520624 0 0 0 -0.02554301 -0.01721618 -0.03758823 -0.01595637 0 -0.03554559 0.006901512 -0.03493524 -0.03202608 0.2647174 0 0.2853454 0 0.1906633 -0.009354451 -0.06086066 0.009036152 -0.03240147 -0.008432672 0.1815641 0.2844984 0 -0.01296632 0 0.1482134 -0.02531101 -0.01742276 -0.01154416 -0.01460703 0 -0.01310352 -0.01277667 0 0.00018499 0.06404489 0.2520041 -0.00385239 -0.01288804 -0.00495731 -0.02569379 -0.01529131 -0.07473815 -0.03996143 -0.04707689 0.06517015 0.08496431 0.1573766 -0.02575901 -0.001365158 0 -0.05322171 -0.005964904 -0.005879401 -0.01737186 0 -0.02335342 0 -0.04898863 -0.04805894 0.278652 0 0 0.02255062 0 0 0.2794543 0.2716391 -0.03492792 0 0 0.01612163 -0.0134614 -0.01270724 -0.01507735 -0.04179657 -0.04148482 0.1875255 -0.008053369 0.1877045 -0.02549734 0.2483208 -0.02851796 0 0 0
0 0 0.1254449 0.0873977 0 0.9815923 0 0.713431 0.05120669 1.01 1 0.03635198 0 0.7907985 0.02490809 0.03739 -0.5212575 0 0.9087456 0.2075352 0 0.193095 0 0.7572931 0.06315091 -0.5166077 0.03635198 0.2088964 0.5104764 0.7706499 -0.296664 0.06841642 0 0.06295597 0.06295597 0.07879306 0.2621257 0.1451183 0.1189984 0.06295597 0.06446396 0.7831216 0.1422946 0.09490017 0 0 -0.3341136 -0.04837161 -0.0825812 0.08069409 0.06110301 0.09006834 0.1201522 0 0 0 0.07791085 -0.2749997 -0.006425392 -0.02284775 0 0.1018984 0.139485 0.1051296 0.1009036 0.07825816 0 0.1008039 0 0.111316 0.07871509 0.1778818 0.1190244 0.09049334 -0.04467175 0.139818 0.106492 0 -0.03196562 0 0.1749965 0.07197249 -0.1095489 0.07728872 -0.2054219 0 0.05587818 0.05335336 0 -0.2707294 0.2131943 0.1207478 0.06368665 -0.03238458 0.1423862 0.06104491 -0.2786795 -0.1173006 0.1480534 -0.004787088 0.1858011 0.1711473 0.299099 0.06137441 0.06005037 0 0.09595225 0.04199116 0.04166752 -0.1092797 0 0.0442327 0 0.1336558 0.1319305 0.1091738 0 0 0.3065983 0 0 0.1083704 0.1081048 0.1645586 0 0 0.1776189 0.006354351 0.04119756 0.01988829 0.09786353 0.100386 -0.03703582 0.05901331 -0.03698751 0.06105232 0.02862075 0.09784274 0 0 0
0 0 0.1254449 0.0873977 0 0.9815923 0 0.713431 0.05120669 1 1.01 0.03635198 0 0.7907985 0.02490809 0.03739 -0.5212575 0 0.9087456 0.2075352 0 0.193095 0 0.7572931 0.06315091 -0.5166077 0.03635198 0.2088964 0.5104764 0.7706499 -0.296664 0.06841642 0 0.06295597 0.06295597 0.07879306 0.2621257 0.1451183 0.1189984 0.06295597 0.06446396 0.7831216 0.1422946 0.09490017 0 0 -0.3341136 -0.04837161 -0.0825812 0.08069409 0.06110301 0.09006834 0.1201522 0 0 0 0.07791085 -0.2749997 -0.006425392 -0.02284775 0 0.1018984 0.139485 0.1051296 0.1009036 0.07825816 0 0.1008039 0 0.111316 0.07871509 0.1778818 0.1190244 0.09049334 -0.04467175 0.139818 0.106492 0 -0.03196562 0 0.1749965 0.07197249 -0.1095489 0.07728872 -0.2054219 0 0.05587818 0.05335336 0 -0.2707294 0.2131943 0.1207478 0.06368665 -0.03238458 0.1423862 0.06104491 -0.2786795 -0.1173006 0.1480534 -0.004787088 0.1858011 0.1711473 0.299099 0.06137441 0.06005037 0 0.09595225 0.04199116 0.04166752 -0.1092797 0 0.0442327 0 0.1336558 0.1319305 0.1091738 0 0 0.3065983 0 0 0.1083704 0.1081048 0.1645586 0 0 0.1776189 0.006354351 0.04119756 0.01988829 0.09786353 0.100386 -0.03703582 0.05901331 -0.03698751 0.06105232 0.02862075 0.09784274 0 0 0
0 0 -0.03209212 -0.00489752 0 0.03562871 0 0.03196633 -0.01926804 0.03635198 0.03635198 1.01 0 0.03028226 -0.009589436 -0.009232207 -0.0170386 0 0.03659748 -0.01986205 0 0.2188612 0 0.029754 -0.009490123 -0.01476344 1 -0.02012168 0.06735352 0.02835249 -0.009404614 -0.003252319 0 -0.01131327 -0.01131327 -0.01009029 -0.0444872 -0.01190629 -0.01640969 -0.01131327 -0.01163183 0.02976393 -0.01128223 0.3718467 0 0 -0.01146191 -0.02742894 0.2033294 0.08520127 -0.009594514 -0.05607503 -0.05688402 0 0 0 -0.01168323 -0.008582573 -0.01383192 -0.00106406 0 0.2620012 0.007993636 -0.00705338 -0.0233376 -0.01148097 0 -0.01077413 0 -0.01371262 -0.01191603 -0.03156194 0.007689099 -0.009386701 -0.003306356 0.10461 -0.0109004 0 -0.006041848 0 0.09457117 -0.00955517 -0.01952658 -0.006887331 -0.01518825 0 0.675134 -0.01274883 0 -0.006688575 0.1073975 -0.01320646 0.5448146 -0.005994891 -0.03975573 -0.00196604 -0.009038344 -0.01892072 -0.01649184 -0.006428558 -0.04225051 0.05761896 0.08351249 -0.002023792 0.5694391 0 -0.01004337 0.3713578 0.3718489 -0.01950095 0 -0.002720033 0 -0.03641018 -0.03802085 -0.01188262 0 0 0.01452777 0 0 -0.01176021 -0.01296619 -0.01614943 0 0 0.096548 -0.02116071 -0.002794401 -0.01056862 -0.006926047 -0.01461941 -0.01460626 -0.007186642 -0.01455833 -0.001791724 -0.03552429 -0.004233613 0 0 0
0 0 0 0 0 0 0 0 0 0 0 0 1.01 0 0 0 0 0 0 0 0 0 0 0 0 0 0 0 0 0 0 0 0 0 0 0 0 0 0 0 0 0 0 0 0 0 0 0 0 0 0 0 0 0 0 0 0 0 0 0 0 0 0 0 0 0 0 0 0 0 0 0 0 0 0 0 0 0 0 0 0 0 0 0 0 0 0 0 0 0 0 0 0 0 0 0 0 0 0 0 0 0 0 0 0 0 0 0 0 0 0 0 0 0 0 0 0 0 0 0 0 0 0 0 0 0 0 0 0 0 0 0 0 0 0 0 0 0 0 0 0
0 0 0.1081863 0.06756727 0 0.7842646 0 0.917002 0.04259139 0.7907985 0.7907985 0.03028226 0 1.01 0.02371593 0.02817353 0.1081716 0 0.718056 0.1570445 0 0.1513243 0 0.9628445 0.05041364 0.1091503 0.03028226 0.1584074 0.40626 0.9779004 0.06084339 0.05783206 0 0.05442312 0.05442312 0.063413 0.21163 0.1094238 0.09480695 0.05442312 0.05523482 0.9921022 0.1075221 0.07494669 0 0 0.07183675 0.1050498 0.1356334 0.02865817 0.04447113 0.1977815 0.1969462 0 0 0 0.06263198 0.06429984 -0.03821891 0.06118954 0 0.09614745 0.09783511 0.07908374 0.0650992 0.06005006 0 0.08278823 0 0.08826908 0.06392229 0.1536111 0.1010184 0.0675231 -0.07641037 0.1495567 0.08839149 0 -0.06455296 0 0.1621961 0.0551099 0.09970321 0.06285767 0.07500915 0 0.04392204 0.03676979 0 0.05672701 0.1736248 0.1023631 0.0523206 -0.06493094 0.1263857 0.04171505 0.05218375 0.04902268 0.1183508 0.02149928 0.161193 0.3541816 0.2517134 0.04198421 0.04993447 0 0.06330875 0.01948137 0.01921072 0.09892291 0 0.03044197 0 0.1196453 0.1183247 0.0897494 0 0 0.3885132 0 0 0.08912474 0.08914713 0.1358324 0 0 0.2310177 0.02086498 0.06110519 0.05427968 0.06575766 0.06092206 0.1194736 0.04281535 0.1197477 0.04207063 0.1624109 0.07425118 0 0 0
0 0 -0.01896424 -0.004127348 0 0.02764172 0 0.02999938 -0.01661247 0.02490809 0.02490809 -0.009589436 0 0.02371593 1.01 0.04182007 -0.007587437 0 0.02631569 -0.03373375 0 -0.02094547 0 0.02656197 -0.01114764 -0.007958499 -0.009589436 -0.03393532 -0.07061464 0.02316827 -0.00409772 -0.01663998 0 -0.001253832 -0.001253832 -0.01499759 -0.04385421 -0.02618154 -0.001716403 -0.001253832 -0.001608128 0.01652162 -0.02579114 -0.0178906 0 0 -0.005292726 -0.03182193 -0.01790182 -0.02410459 0.0007797764 -0.05020813 -0.0479688 0 0 0 -0.01276298 -0.008667258 -0.02217678 -0.01236794 0 -0.01781546 0.1890168 -0.008055875 -0.02160726 -0.006109371 0 -0.003313841 0 -0.01357238 -0.01294579 -0.02365612 0.1942371 -0.008008103 -0.01048868 -0.03909185 -0.003435055 0 -0.01226761 0 -0.05275089 -0.01115345 -0.01587896 -0.01286395 -0.009662431 0 -0.01262099 -0.01099176 0 0.009747868 0.0949932 -0.008621379 -0.008751072 -0.01223578 0.1505311 0.003196245 -0.009045619 -0.03317904 -0.01158975 -0.02425747 0.09915372 0.04284147 0.07797378 0.003138808 -0.01479724 0 -0.02033043 -0.01292772 -0.01289691 -0.01585649 0 0.008958423 0 0.1592922 0.160499 -0.004401495 0 0 0.009056733 0 0 -0.004284435 -0.005436019 -0.01831129 0 0 -0.04292299 -0.001085574 -0.01332091 -0.01198039 -0.01711192 -0.01909947 -0.006707476 -0.01237995 -0.006663496 0.003369694 -0.01912401 -0.007114229 0 0 0
0 0 -0.01429226 -0.01379528 0 0.04003503 0 0.02965787 -0.009684498 0.03739 0.03739 -0.009232207 0 0.02817353 0.04182007 1.01 -0.02161727 0 0.04134744 -0.02932917 0 -0.0164391 0 0.02857655 0.001793842 -0.02191057 -0.009232207 -0.02952745 0.06214361 0.02967163 -0.01379874 -0.009758336 0 -0.01177471 -0.01177471 -0.00387604 0.071764 -0.01545915 -0.003827557 -0.01177471 -0.01201681 0.02776194 -0.01499288 0.001635966 0 0 -0.01789182 -0.01906284 -0.02957875 -0.02712253 -0.004431812 -0.004046072 -0.007492276 0 0 0 -0.0009250669 -0.007814847 -0.01207179 -0.005774131 0 -0.01305956 0.1345277 -0.01115854 -0.00109072 -0.02021361 0 0.07320595 0 -0.01608191 -0.001176729 -0.02142756 0.1386721 -0.01647024 -0.009792947 0.01263369 0.07688305 0 -0.01152874 0 0.002655945 0.001575912 -0.003946865 -0.01777785 -0.004087241 0 -0.003994815 -0.001289798 0 -0.01763881 0.06093775 0.06433544 -0.001302559 -0.01149775 0.107047 -0.01542288 -0.00818521 -0.04376967 -0.01356544 -0.02245094 0.06236776 0.04156697 0.08028376 -0.01544927 -8.778099e-05 0 -0.02708285 -0.006491669 -0.006454983 -0.003920733 0 -0.01300916 0 0.1142772 0.1152808 0.07434436 0 0 0.003449044 0 0 0.07461207 0.07199968 -0.01368253 0 0 0.09100941 -0.005986867 -0.006980238 -0.01715938 -0.01972229 -0.01773476 0.0443888 -0.01191877 0.04445405 -0.01534349 0.02462642 -0.01578545 0 0 0
0 0 -0.05291332 -0.04817523 0 -0.5004834 0 0.1183781 -0.02415875 -0.5212575 -0.5212575 -0.0170386 0 0.1081716 -0.007587437 -0.02161727 1.01 0 -0.4742617 -0.1186021 0 -0.1029569 0 0.1109098 -0.03113597 0.9883456 -0.0170386 -0.1189187 -0.2642679 0.1101565 0.5650229 -0.03087082 0 -0.0267907 -0.0267907 -0.03872314 -0.1321577 -0.0831191 -0.06175203 -0.0267907 -0.02811104 0.1096245 -0.08117167 -0.0501362 0 0 0.6409329 0.2235648 0.3214879 -0.09138251 -0.03760032 0.1304314 0.077653 0 0 0 -0.0396234 0.5347205 -0.04203082 0.1216983 0 -0.03220133 -0.09097913 -0.06101599 -0.07380721 -0.04383452 0 -0.04889852 0 -0.05835382 -0.03913665 -0.07591361 -0.05336802 -0.05330152 -0.02325473 -0.0198447 -0.0503317 0 -0.02822444 0 -0.05616612 -0.04042858 0.3164019 -0.03830605 0.437877 0 -0.02979548 -0.03560947 0 0.5172954 -0.1021647 -0.0540831 -0.0308397 -0.02805783 -0.0562026 -0.04131137 0.5238382 0.257789 -0.0761625 0.03738672 -0.07491176 0.2158808 -0.1336637 -0.04147193 -0.02824792 0 -0.06276238 -0.04138535 -0.04123643 0.3148816 0 -0.02967532 0 -0.05136908 -0.05040018 -0.05280194 0 0 0.04125284 0 0 -0.05236632 -0.05191998 -0.07871703 0 0 0.03506164 0.01975186 0.01775218 0.04282753 -0.06689152 -0.07706642 0.2252796 -0.03641047 0.2255829 -0.04082736 0.1782619 -0.05584928 0 0 0
0 0 0 0 0 0 0 0 0 0 0 0 0 0 0 0 0 1.01 0 0 0 0 0 0 0 0 0 0 0 0 0 0 0 0 0 0 0 0 0 0 0 0 0 0 0 0 0 0 0 0 0 0 0 0 0 0 0 0 0 0 0 0 0 0 0 0 0 0 0 0 0 0 0 0 0 0 0 0 0 0 0 0 0 0 0 0 0 0 0 0 0 0 0 0 0 0 0 0 0 0 0 0 0 0 0 0 0 0 0 0 0 0 0 0 0 0 0 0 0 0 0 0 0 0 0 0 0 0 0 0 0 0 0 0 0 0 0 0 0 0 0
0 0 0.1402611 0.09204364 0 0.8909165 0 0.6413551 0.06026911 0.9087456 0.9087456 0.03659748 0 0.718056 0.02631569 0.04134744 -0.4742617 0 1.01 0.2236911 0 0.2114223 0 0.6851906 0.07253331 -0.4699109 0.03659748 0.2252418 0.5642001 0.6983179 -0.274099 0.07575446 0 0.06741167 0.06741167 0.08985453 0.2934305 0.1571009 0.1311297 0.06741167 0.06920861 0.7106644 0.1538448 0.1034512 0 0 -0.3023123 -0.02266903 -0.05993036 0.03100419 0.07244965 0.1206356 0.13363 0 0 0 0.0836853 -0.2505415 0.01119745 -0.01083057 0 0.1153773 0.005352805 -0.11614 0.1215091 0.08920885 0 0.1093381 0 0.123298 0.08470418 0.1344238 -0.01761405 0.1046972 -0.03132211 0.1477991 0.1142767 0 -0.01869835 0 0.1726327 0.07828372 -0.08682851 0.08887297 -0.1812453 0 0.05746139 0.06108626 0 -0.2492446 0.2334051 0.1300347 0.0690818 -0.01913752 0.1706035 0.0705334 -0.2535651 -0.0825547 0.06160251 0.02174266 0.2057807 0.1891849 0.2793272 0.07088889 0.06544855 0 0.08755393 0.04972876 0.0493784 -0.08660146 0 0.05267345 0 0.1604721 0.1590187 0.1177965 0 0 0.2798043 0 0 0.1169122 0.09460333 0.08954684 0 0 0.1598004 -0.02254979 0.05685694 -0.08020569 0.07154085 0.0824096 -0.01305902 0.06104853 -0.01306001 0.07040971 0.03996137 -0.0387273 0 0 0
0 0 -0.09930642 -0.0389065 0 0.1770897 0 0.100529 -0.05337527 0.2075352 0.2075352 -0.01986205 0 0.1570445 -0.03373375 -0.02932917 -0.1186021 0 0.2236911 1.01 0 -0.1296827 0 0.1615972 -0.04919753 -0.1199374 -0.01986205 0.9962935 -0.3774046 0.1568412 -0.06848337 -0.04456171 0 -0.05765127 -0.05765127 -0.05802185 -0.2139058 0.7085738 -0.09038043 -0.05765127 -0.05721892 0.1564552 0.6991693 -0.06563368 0 0 -0.07549756 0.04891135 0.1124392 -0.1438302 -0.05426734 -0.221153 -0.2141066 0 0 0 -0.05961406 -0.06562179 0.137385 0.003647094 0 0.04021207 -0.0519514 0.02677595 -0.1016454 -0.07167628 0 -0.07926066 0 -0.09471834 -0.05878271 -0.06430797 -0.04258675 0.127572 -0.06227658 -0.1170297 -0.08060698 0 -0.01605626 0 0.05082093 -0.05401963 -0.09807168 -0.04187679 -0.07716226 0 -0.01852987 0.2261512 0 -0.05884946 0.05034787 -0.08497123 -0.04661959 -0.01687052 -0.08207212 -0.05091313 -0.06675624 -0.07665379 -0.05690798 -0.08912392 0.06426324 -0.1211281 -0.01615076 -0.05115048 -0.04194291 0 0.2221902 -0.05596322 -0.05680986 -0.09793671 0 -0.0463487 0 -0.07581951 -0.0750392 -0.07803258 0 0 0.06513484 0 0 -0.0781495 -0.07843818 -0.006735403 0 0 -0.06193446 -0.05740701 -0.05251964 -0.05923196 0.2657758 0.2050321 -0.1115871 -0.03258114 -0.1124342 -0.05141097 -0.09654973 0.05118117 0 0 0
0 0 0 0 0 0 0 0 0 0 0 0 0 0 0 0 0 0 0 0 1.01 0 0 0 0 0 0 0 0 0 0 0 0 0 0 0 0 0 0 0 0 0 0 0 0 0 0 0 0 0 0 0 0 0 0 0 0 0 0 0 0 0 0 0 0 0 0 0 0 0 0 0 0 0 0 0 0 0 0 0 0 0 0 0 0 0 0 0 0 0 0 0 0 0 0 0 0 0 0 0 0 0 0 0 0 0 0 0 0 0 0 0 0 0 0 0 0 0 0 0 0 0 0 0 0 0 0 0 0 0 0 0 0 0 0 0 0 0 0 0 0
0 0 -0.08237918 -0.04774636 0 0.192806 0 0.1640328 -0.0442526 0.193095 0.193095 0.2188612 0 0.1513243 -0.02094547 -0.0164391 -0.1029569 0 0.2114223 -0.1296827 0 1.01 0 0.1563164 -0.0486795 -0.08859551 0.2188612 -0.1303397 0.3565039 0.1564745 -0.06515712 -0.03571923 0 -0.04614274 -0.04614274 -0.04961993 -0.1662706 -0.09254933 -0.08208293 -0.04614274 -0.04533523 0.150425 -0.09389642 0.5095143 0 0 -0.06026353 -0.06978692 0.07501097 -0.07880189 0.1305922 0.2458532 -0.1172984 0 0 0 0.3544559 -0.04957821 -0.0559496 -0.04240761 0 0.08879798 0.2079784 0.08122418 0.0589136 -0.05178008 0 -0.03420233 0 0.2002402 0.3506712 0.1075824 0.2215182 -0.051025 -0.03850755 0.142701 -0.03481272 0 -0.04452771 0 0.127734 0.3884945 0.1751252 0.3808228 -0.0651194 0 0.2397027 -0.03935447 0 -0.0577248 0.09017351 -0.01006484 0.2961116 -0.04433302 0.059106 -0.03588693 -0.05155033 -0.1514746 0.2669575 -0.06808929 0.009271461 0.1508839 0.1956483 -0.03477913 0.3127686 0 -0.0302675 0.216539 0.2170392 0.1753476 0 -0.03134357 0 0.07046701 0.07221217 -0.03802859 0 0 0.06582357 0 0 -0.03743487 -0.04014996 0.2218429 0 0 0.3227356 -0.02919655 -0.04284771 -0.04737714 0.01639187 -0.003333034 -0.07094034 0.2482818 -0.07072234 -0.03521487 -0.09216625 0.105187 0 0 0
0 0 0 0 0 0 0 0 0 0 0 0 0 0 0 0 0 0 0 0 0 0 1.01 0 0 0 0 0 0 0 0 0 0 0 0 0 0 0 0 0 0 0 0 0 0 0 0 0 0 0 0 0 0 0 0 0 0 0 0 0 0 0 0 0 0 0 0 0 0 0 0 0 0 0 0 0 0 0 0 0 0 0 0 0 0 0 0 0 0 0 0 0 0 0 0 0 0 0 0 0 0 0 0 0 0 0 0 0 0 0 0 0 0 0 0 0 0 0 0 0 0 0 0 0 0 0 0 0 0 0 0 0 0 0 0 0 0 0 0 0 0
0 0 0.1149038 0.07134364 0 0.7505958 0 0.9527837 0.04293196 0.7572931 0.7572931 0.029754 0 0.9628445 0.02656197 0.02857655 0.1109098 0 0.6851906 0.1615972 0 0.1563164 0 1.01 -0.1518788 0.1114625 0.029754 0.1630167 0.422245 0.9414254 0.06386469 -0.1510062 0 0.05861996 0.05861996 -0.1071708 0.219969 0.1105727 0.09926571 0.05861996 0.05951135 0.955334 0.108492 0.0751004 0 0 0.07256848 0.1069236 0.1425985 0.04550322 0.04416308 0.2095416 0.207416 0 0 0 0.065741 0.06506547 -0.03201245 0.063116 0 0.1002011 0.1054166 0.08297171 0.06660274 0.06114325 0 0.08286766 0 0.09131927 0.0670786 0.1621137 0.107493 0.06921265 -0.06856535 0.1563621 0.08837556 0 -0.05638272 0 0.1151864 0.05768829 0.1034417 0.06697941 0.07719457 0 0.04379527 0.0355507 0 0.05994989 0.1249104 0.101578 0.05032233 -0.05676258 0.1369916 0.04394262 0.05249666 0.06486616 0.1214528 0.03365557 0.1121704 0.3272788 0.2095398 0.04422161 0.04741853 0 0.07193501 0.02177346 0.02149382 0.102672 0 0.03266014 0 0.1300647 0.128598 0.09008604 0 0 0.3738377 0 0 0.08943013 0.08991797 0.03827031 0 0 0.1861768 0.02391252 0.06448388 -0.03466835 0.0699548 0.06644043 0.1212381 0.04688879 0.1214877 0.04423848 0.1674794 0.07707888 0 0 0
0 0 -0.04586093 -0.0232279 0 0.06481307 0 -0.1445729 -0.006974705 0.06315091 0.06315091 -0.009490123 0 0.05041364 -0.01114764 0.001793842 -0.03113597 0 0.07253331 -0.04919753 0 -0.0486795 0 -0.1518788 1.01 -0.03183876 -0.009490123 -0.04964466 -0.1323784 0.05166267 -0.023214 0.5793758 0 -0.01559913 -0.01559913 0.8491421 -0.06775356 -0.03141613 -0.04140778 -0.01559913 -0.01621398 0.05056336 -0.03039101 -0.01736791 0 0 -0.01748471 -0.02916142 -0.04783876 -0.0807712 -0.00632098 -0.08302232 -0.07719351 0 0 0 -0.02177347 -0.01133595 -0.01908096 -0.006500498 0 -0.03026777 -0.04756553 -0.03096246 -0.03090765 -0.0070823 0 -0.0191721 0 -0.02081001 -0.02218522 -0.05340377 -0.04627936 -0.004479061 -0.0164387 -0.06145315 -0.01939872 0 -0.02054424 0 0.07871915 -0.01802874 0.2324324 -0.02462925 0.3162479 0 -0.01040285 0.004211964 0 -0.02154144 0.0953227 -0.02207639 -0.009067565 -0.02047198 -0.05895627 0.001310644 -0.009595213 -0.08039053 -0.02639146 -0.06021281 0.1003628 0.1039178 0.0645442 0.001199573 -0.00670951 0 -0.03489205 -0.01373547 -0.01365592 0.2325844 0 -0.009692739 0 -0.05855117 -0.05762111 -0.02116208 0 0 0.02930631 0 0 -0.02094241 -0.02310666 0.2473686 0 0 0.2005297 0.4032281 -0.02832038 0.2385173 -0.02947171 0.2187819 -0.02034647 -0.01758674 -0.02025792 0.001645983 -0.05121242 -0.02343694 0 0 0
0 0 -0.05121447 -0.0489314 0 -0.4958923 0 0.1190748 -0.02329971 -0.5166077 -0.5166077 -0.01476344 0 0.1091503 -0.007958499 -0.02191057 0.9883456 0 -0.4699109 -0.1199374 0 -0.08859551 0 0.1114625 -0.03183876 1.01 -0.01476344 -0.1202622 -0.255553 0.1112021 0.5615259 -0.02999489 0 -0.02756009 -0.02756009 -0.03953422 -0.1324539 -0.08371153 -0.06294123 -0.02756009 -0.02888413 0.1111394 -0.08175073 -0.02444128 0 0 0.6369269 0.2219866 0.3193384 -0.09318605 -0.03827552 0.1348499 0.07674573 0 0 0 -0.01007865 0.5313815 -0.04407993 0.1202658 0 -0.0318944 -0.09116912 -0.06195634 -0.07278425 -0.04342143 0 -0.04999216 0 -0.03811367 -0.009802752 -0.07578633 -0.05365341 -0.05414176 -0.03482271 -0.01031173 -0.0514225 0 -0.03901069 0 -0.05065906 -0.008290007 0.3320099 -0.03763317 0.4336584 0 -0.02825768 -0.03598875 0 0.5140867 -0.1058576 -0.05530308 -0.02977484 -0.03885591 -0.05662842 -0.04191145 0.5205354 0.2557249 -0.07568984 0.03841481 -0.07907109 0.2179215 -0.1373206 -0.04207263 -0.02709072 0 -0.06933889 -0.04070027 -0.04054917 0.3305045 0 -0.03020459 0 -0.05164335 -0.05065332 -0.05390603 0 0 0.04446016 0 0 -0.05346884 -0.05305938 -0.07711985 0 0 0.03763437 0.01876999 0.01675071 0.04322991 -0.06892678 -0.07996622 0.222401 -0.03685417 0.2227044 -0.04142556 0.1772534 -0.05664811 0 0 0
0 0 -0.03209212 -0.00489752 0 0.03562871 0 0.03196633 -0.01926804 0.03635198 0.03635198 1 0 0.03028226 -0.009589436 -0.009232207 -0.0170386 0 0.03659748 -0.01986205 0 0.2188612 0 0.029754 -0.009490123 -0.01476344 1.01 -0.02012168 0.06735352 0.02835249 -0.009404614 -0.003252319 0 -0.01131327 -0.01131327 -0.01009029 -0.0444872 -0.01190629 -0.01640969 -0.01131327 -0.01163183 0.02976393 -0.01128223 0.3718467 0 0 -0.01146191 -0.02742894 0.2033294 0.08520127 -0.009594514 -0.05607503 -0.05688402 0 0 0 -0.01168323 -0.008582573 -0.01383192 -0.00106406 0 0.2620012 0.007993636 -0.00705338 -0.0233376 -0.01148097 0 -0.01077413 0 -0.01371262 -0.01191603 -0.03156194 0.007689099 -0.009386701 -0.003306356 0.10461 -0.0109004 0 -0.006041848 0 0.09457117 -0.00955517 -0.01952658 -0.006887331 -0.01518825 0 0.675134 -0.01274883 0 -0.006688575 0.1073975 -0.01320646 0.5448146 -0.005994891 -0.03975573 -0.00196604 -0.009038344 -0.01892072 -0.01649184 -0.006428558 -0.04225051 0.05761896 0.08351249 -0.002023792 0.5694391 0 -0.01004337 0.3713578 0.3718489 -0.01950095 0 -0.002720033 0 -0.03641018 -0.03802085 -0.01188262 0 0 0.01452777 0 0 -0.01176021 -0.01296619 -0.01614943 0 0 0.096548 -0.02116071 -0.002794401 -0.01056862 -0.006926047 -0.01461941 -0.01460626 -0.007186642 -0.01455833 -0.001791724 -0.03552429 -0.004233613 0 0 0
0 0 -0.09961636 -0.03846057 0 0.1785112 0 0.1017084 -0.0537996 0.2088964 0.2088964 -0.02012168 0 0.1584074 -0.03393532 -0.02952745 -0.1189187 0 0.2252418 0.9962935 0 -0.1303397 0 0.1630167 -0.04964466 -0.1202622 -0.02012168 1.01 -0.3736052 0.1582395 -0.06898421 -0.04499869 0 -0.05811582 -0.05811582 -0.05854381 -0.2084868 0.7054146 -0.08982478 -0.05811582 -0.0576899 0.1578105 0.6960212 -0.06535045 0 0 -0.07524374 0.05595797 0.111539 -0.144847 -0.05470847 -0.2168204 -0.2103939 0 0 0 -0.05904683 -0.06611269 0.1365386 0.003100484 0 0.03985933 -0.05309152 0.02600072 -0.09305771 -0.07220691 0 -0.07995405 0 -0.09474145 -0.05822785 -0.0644579 -0.04424132 0.1267436 -0.06269058 -0.1127692 -0.08130073 0 -0.01657139 0 0.05367502 -0.05333917 -0.09817255 -0.04342674 -0.07774976 0 -0.01888179 0.2255196 0 -0.05826033 0.04734175 -0.08508212 -0.0470186 -0.01738381 -0.08390258 -0.05132307 -0.06725322 -0.07712943 -0.05651348 -0.08978251 0.06130606 -0.1243253 -0.01897447 -0.05156091 -0.04232839 0 0.2201764 -0.05644154 -0.05728632 -0.09803699 0 -0.04668992 0 -0.07760142 -0.07681302 -0.07874462 0 0 0.06572465 0 0 -0.07885923 -0.07916879 -0.007813346 0 0 -0.06358488 -0.05787464 -0.05301122 -0.05968458 0.2652795 0.2044147 -0.1125784 -0.03290702 -0.1134235 -0.05181777 -0.09794237 0.05047353 0 0 0
0 0 0.257963 0.1554479 0 0.5138461 0 0.4210303 0.1191889 0.5104764 0.5104764 0.06735352 0 0.40626 -0.07061464 0.06214361 -0.2642679 0 0.5642001 -0.3774046 0 0.3565039 0 0.422245 -0.1323784 -0.255553 0.06735352 -0.3736052 1.01 0.3876622 -0.1541469 -0.1249133 0 -0.1520028 -0.1520028 -0.1524767 0.5379777 -0.2658223 -0.232648 -0.1520028 -0.1483541 0.4021261 -0.2633987 0.1783077 0 0 -0.161775 0.02442089 -0.03558105 0.09705227 -0.02220393 0.3054619 0.3090671 0 0 0 0.1058491 -0.1318899 -0.03979645 -0.02749903 0 0.1316043 0.1022021 -0.06396063 0.2454037 -0.04836306 0 0.1775879 0 0.03787954 0.1072879 0.2131702 0.07154279 -0.1540535 -0.1184688 0.2120499 0.1831821 0 -0.122431 0 0.1283925 0.1356913 -0.05942324 0.1435662 -0.1647679 0 0.08931314 -0.0791583 0 -0.139361 0.09940003 0.1943825 0.09449647 -0.1218723 0.2738707 -0.1126772 -0.1349211 0.0962451 0.09485841 0.1714602 0.07413211 0.2754859 0.2099414 -0.1116771 0.1069542 0 -0.1992003 0.09058938 0.09068252 -0.05945531 0 -0.08974924 0 0.2558456 0.2520784 0.1730429 0 0 0.1747569 0 0 0.1738317 0.1561394 0.0275579 0 0 0.1031033 -0.1262027 0.1176417 -0.06416116 -0.09424733 -0.1384598 0.007329793 0.105392 0.007681519 -0.1116303 0.1347954 -0.01895563 0 0 0
0 0 0.1087762 0.07040864 0 0.763346 0 0.8954562 0.04486987 0.7706499 0.7706499 0.02835249 0 0.9779004 0.02316827 0.02967163 0.1101565 0 0.6983179 0.1568412 0 0.1564745 0 0.9414254 0.05166267 0.1112021 0.02835249 0.1582395 0.3876622 1.01 0.05911048 0.05766918 0 0.0539791 0.0539791 0.06459295 0.2181334 0.1065048 0.09621456 0.0539791 0.05486342 0.9698446 0.1050191 0.075971 0 0 0.07559661 0.1077837 0.1370623 0.03654348 0.04476839 0.1740532 0.168457 0 0 0 0.06414135 0.06323567 -0.03459636 0.06259218 0 0.09987398 0.1012706 0.0816481 0.06907773 0.06069227 0 0.00913372 0 0.08984553 0.06545963 0.1595768 0.1045777 0.06767015 -0.07216874 0.1197356 0.01482656 0 -0.06111755 0 0.1369339 0.05629517 0.1010516 0.06537425 0.07546794 0 0.04343368 0.03887335 0 0.06030764 0.1804944 0.03545779 0.05287495 -0.06149797 0.1320152 0.04040238 0.0504889 0.05597547 0.1218329 0.02461809 0.1677594 0.3375859 0.2280514 0.04068103 0.05026298 0 0.06610393 0.02172026 0.0214457 0.1002781 0 0.02925869 0 0.1250865 0.1236793 0.01718066 0 0 0.3774122 0 0 0.016395 0.01808156 0.1382654 0 0 0.2052311 0.02399063 0.06179122 0.05777774 0.06831286 0.06433773 0.06404667 0.04368145 0.06428061 0.04071023 0.1223456 0.0757542 0 0 0
0 0 -0.04030641 -0.02302821 0 -0.2689705 0 0.06943081 -0.005278671 -0.296664 -0.296664 -0.009404614 0 0.06084339 -0.00409772 -0.01379874 0.5650229 0 -0.274099 -0.06848337 0 -0.06515712 0 0.06386469 -0.023214 0.5615259 -0.009404614 -0.06898421 -0.1541469 0.05911048 1.01 -0.02674572 0 -0.009906064 -0.009906064 -0.03084069 -0.08388707 -0.04439283 -0.03118302 -0.009906064 -0.01069227 0.06167606 -0.04328391 -0.02845764 0 0 -0.03290265 0.4774045 0.4577447 -0.06379095 -0.02340505 0.1312975 0.1534526 0 0 0 -0.01338004 0.2970299 -0.02780127 0.2476431 0 -0.04059651 -0.04533887 -0.02199979 -0.03911422 -0.02498432 0 -0.02087885 0 -0.02703986 -0.01160905 -0.0747422 -0.03966984 -0.03491918 -0.0162733 -0.07824232 -0.02114323 0 -0.01634438 0 -0.09372456 -0.01821515 0.1813328 -0.02280837 0.2420155 0 -0.01653952 -0.02639542 0 0.2461515 -0.09640596 -0.01576611 -0.02279725 -0.01625186 -0.06690257 -0.0247894 0.2879333 0.1737213 -0.05186526 0.1756946 -0.0914347 0.1112304 -0.1217287 -0.02487659 -0.02059587 0 -0.04924275 -0.03493073 -0.03486131 0.1784767 0 -0.01645155 0 -0.06260697 -0.06255686 -0.02320542 0 0 0.01954812 0 0 -0.02294924 -0.02065416 -0.04878063 0 0 -0.0149996 -0.01693763 -0.0287477 -0.02033863 -0.03605993 -0.04372868 0.127254 -0.0155558 0.1274243 -0.02452659 0.08463358 -0.02088016 0 0 0
0 0 -0.03816792 -0.02674531 0 0.06902514 0 -0.1441962 -0.01147945 0.06841642 0.06841642 -0.003252319 0 0.05783206 -0.01663998 -0.009758336 -0.03087082 0 0.07575446 -0.04456171 0 -0.03571923 0 -0.1510062 0.5793758 -0.02999489 -0.003252319 -0.04499869 -0.1249133 0.05766918 -0.02674572 1.01 0 -0.02519641 -0.02519641 0.8258746 -0.07399721 -0.03113273 -0.03182801 -0.02519641 -0.02569707 0.0569651 -0.03014698 -0.01284962 0 0 -0.01518825 -0.03351759 -0.05352033 -0.07511864 -0.01352097 0.02815834 0.0347419 0 0 0 -0.01465881 -0.01744395 -0.01695669 -0.02489204 0 -0.02904692 -0.04677369 -0.03302717 -0.02766962 0.3072851 0 -0.006669522 0 0.2185066 -0.01510017 -0.05218785 -0.04136757 0.2869634 -0.02732661 0.06915642 -0.006913482 0 -0.0304352 0 0.09484901 -0.01348394 -0.019607 -0.01179744 -0.01266181 0 -0.009182885 -0.008263524 0 -0.01992613 0.2188304 -0.008454444 -0.007484222 -0.03037817 -0.05453885 0.2674852 -0.01287099 -0.07542041 -0.03009401 -0.05539366 0.1854681 0.06984419 0.1436461 0.2669616 -0.005146552 0 0.07844683 -0.01755126 -0.01747926 -0.01955687 0 -0.01965808 0 -0.05195058 -0.05103101 -0.008858563 0 0 0.02965563 0 0 -0.008622965 -0.01094067 0.2545572 0 0 0.1595818 0.003570823 -0.02126937 0.2346009 -0.02687435 0.1246561 0.1032543 -0.02074237 0.1033955 0.2593559 -0.0361991 -0.02869792 0 0 0
0 0 0 0 0 0 0 0 0 0 0 0 0 0 0 0 0 0 0 0 0 0 0 0 0 0 0 0 0 0 0 0 1.01 0 0 0 0 0 0 0 0 0 0 0 0 0 0 0 0 0 0 0 0 0 0 0 0 0 0 0 0 0 0 0 0 0 0 0 0 0 0 0 0 0 0 0 0 0 0 0 0 0 0 0 0 0 0 0 0 0 0 0 0 0 0 0 0 0 0 0 0 0 0 0 0 0 0 0 0 0 0 0 0 0 0 0 0 0 0 0 0 0 0 0 0 0 0 0 0 0 0 0 0 0 0 0 0 0 0 0 0
0 0 -0.04158295 -0.02915338 0 0.06299186 0 0.05943555 -0.02790583 0.06295597 0.06295597 -0.01131327 0 0.05442312 -0.001253832 -0.01177471 -0.0267907 0 0.06741167 -0.05765127 0 -0.04614274 0 0.05861996 -0.01559913 -0.02756009 -0.01131327 -0.05811582 -0.1520028 0.0539791 -0.009906064 -0.02519641 0 1.01 1 -0.02077579 -0.08460337 -0.04959852 -0.03176642 1 0.9898281 0.05445223 -0.04725315 -0.02197479 0 0 -0.02436178 -0.04128508 -0.03701769 0.06491864 0.5337389 -0.03906462 0.08923176 0 0 0 -0.01746002 -0.01801025 -0.01299167 0.1110264 0 -0.04557731 -0.04083043 -0.01992674 -0.04912444 0.4358031 0 -0.02834545 0 0.3124031 -0.0179317 -0.06080427 -0.04299771 0.4094165 -0.02244107 0.1137205 -0.02856804 0 -0.02116065 0 -0.07049944 -0.01576234 0.03233469 -0.02257838 0.05625425 0 -0.009251912 -0.01151475 0 -0.01965102 0.08294847 -0.03149347 -0.01242812 -0.02370216 -0.06136336 0.5722112 -0.01885267 -0.04859662 -0.0343124 -0.05032345 0.08860667 0.02048592 0.04551895 0.5712019 -0.0164669 0 0.2154797 -0.01500152 -0.0149181 0.03241066 0 0.6771713 0 -0.05905177 -0.0580583 -0.03026815 0 0 0.02275147 0 0 -0.03005179 -0.02874059 -0.04124701 0 0 0.06382384 0.06736845 -0.0009788632 -0.001658426 -0.0261661 -0.02249389 0.2231696 -0.01577997 0.2233734 0.575268 -0.03687512 -0.020808 0 0 0
0 0 -0.04158295 -0.02915338 0 0.06299186 0 0.05943555 -0.02790583 0.06295597 0.06295597 -0.01131327 0 0.05442312 -0.001253832 -0.01177471 -0.0267907 0 0.06741167 -0.05765127 0 -0.04614274 0 0.05861996 -0.01559913 -0.02756009 -0.01131327 -0.05811582 -0.1520028 0.0539791 -0.009906064 -0.02519641 0 1 1.01 -0.02077579 -0.08460337 -0.04959852 -0.03176642 1 0.9898281 0.05445223 -0.04725315 -0.02197479 0 0 -0.02436178 -0.04128508 -0.03701769 0.06491864 0.5337389 -0.03906462 0.08923176 0 0 0 -0.01746002 -0.01801025 -0.01299167 0.1110264 0 -0.04557731 -0.04083043 -0.01992674 -0.04912444 0.4358031 0 -0.02834545 0 0.3124031 -0.0179317 -0.06080427 -0.04299771 0.4094165 -0.02244107 0.1137205 -0.02856804 0 -0.02116065 0 -0.07049944 -0.01576234 0.03233469 -0.02257838 0.05625425 0 -0.009251912 -0.01151475 0 -0.01965102 0.08294847 -0.03149347 -0.01242812 -0.02370216 -0.06136336 0.5722112 -0.01885267 -0.04859662 -0.0343124 -0.05032345 0.08860667 0.02048592 0.04551895 0.5712019 -0.0164669 0 0.2154797 -0.01500152 -0.0149181 0.03241066 0 0.6771713 0 -0.05905177 -0.0580583 -0.03026815 0 0 0.02275147 0 0 -0.03005179 -0.02874059 -0.04124701 0 0 0.06382384 0.06736845 -0.0009788632 -0.001658426 -0.0261661 -0.02249389 0.2231696 -0.01577997 0.2233734 0.575268 -0.03687512 -0.020808 0 0 0
0 0 -0.04781946 -0.02867612 0 0.07991839 0 -0.1013915 -0.01196313 0.07879306 0.07879306 -0.01009029 0 0.063413 -0.01499759 -0.00387604 -0.03872314 0 0.08985453 -0.05802185 0 -0.04961993 0 -0.1071708 0.8491421 -0.03953422 -0.01009029 -0.05854381 -0.1524767 0.06459295 -0.03084069 0.8258746 0 -0.02077579 -0.02077579 1.01 -0.08573425 -0.04282492 -0.04494697 -0.02077579 -0.02147067 0.06325653 -0.04168327 -0.02033981 0 0 -0.02119666 -0.04145228 -0.05989012 -0.0887436 -0.01449973 -0.0073156 -5.491215e-05 0 0 0 -0.01936044 -0.01824454 -0.01781071 -0.01776612 0 -0.03413193 -0.0549423 -0.03941358 -0.04138996 0.2532221 0 -0.01647342 0 0.1748409 -0.01988229 -0.05879641 -0.05180904 0.2405345 -0.02258585 0.03010277 -0.01675058 0 -0.02712905 0 0.04407312 -0.01693339 0.1946413 -0.01702512 0.2659062 0 -0.01397821 -0.003889541 0 -0.02359135 0.1568494 -0.02123665 -0.0153335 -0.02704841 -0.06212777 0.2290819 -0.01480426 -0.08978922 -0.03261552 -0.06659004 0.1321572 0.1034592 0.08903885 0.2285965 -0.01277786 0 0.0592104 -0.01948433 -0.01939538 0.1947883 0 -0.01732138 0 -0.06049924 -0.05937991 -0.01893059 0 0 0.03818794 0 0 -0.01866237 -0.02130326 0.1976931 0 0 0.2093288 0.3513701 -0.02978413 0.189066 -0.03317045 0.303741 0.07920823 -0.01977475 0.07935815 0.2225529 -0.05130269 -0.03228027 0 0 0
0 0 -0.1423346 -0.08074143 0 0.2652388 0 0.2045645 -0.06661546 0.2621257 0.2621257 -0.0444872 0 0.21163 -0.04385421 0.071764 -0.1321577 0 0.2934305 -0.2139058 0 -0.1662706 0 0.219969 -0.06775356 -0.1324539 -0.0444872 -0.2084868 0.5379777 0.2181334 -0.08388707 -0.07399721 0 -0.08460337 -0.08460337 -0.08573425 1.01 -0.1514424 -0.1204459 -0.08460337 -0.07989483 0.2094229 -0.1491756 -0.09187246 0 0 -0.08306666 0.2140175 -0.1548264 0.1872963 -0.07399655 0.003380157 0.1537991 0 0 0 -0.07184319 -0.06456231 -0.07770867 0.06712285 0 0.1897544 0.01481104 -0.104262 0.3275078 -0.0797214 0 -0.09409779 0 -0.1071836 -0.07268319 0.2915869 -0.01099429 -0.07381963 -0.06100292 0.02757855 -0.08593161 0 -0.07270684 0 -0.030519 -0.06360849 -0.1123767 -0.08230005 -0.08401878 0 -0.05325861 -0.02918215 0 -0.07668062 0.1741529 -0.03791697 -0.06356896 -0.07241878 0.3873524 -0.05802784 -0.06522238 0.05473873 -0.05507939 -0.02754396 0.1951043 0.09408825 0.09321157 -0.05835918 -0.06532406 0 -0.129063 0.001717711 0.001227063 -0.1121897 0 -0.03850855 0 0.3616437 0.365372 -0.08489449 0 0 0.07921054 0 0 -0.08522859 -0.09237069 -0.08481999 0 0 -0.1197098 -0.07560714 0.1887158 -0.07337783 -0.07591662 -0.098495 -0.1257066 -0.04352269 -0.1258256 -0.05702853 0.1130565 -0.0873148 0 0 0
0 0 -0.06223136 -0.04312919 0 0.1475001 0 0.11808 -0.02916054 0.1451183 0.1451183 -0.01190629 0 0.1094238 -0.02618154 -0.01545915 -0.0831191 0 0.1571009 0.7085738 0 -0.09254933 0 0.1105727 -0.03141613 -0.08371153 -0.01190629 0.7054146 -0.2658223 0.1065048 -0.04439283 -0.03113273 0 -0.04959852 -0.04959852 -0.04282492 -0.1514424 1.01 -0.06302012 -0.04959852 -0.04792156 0.109733 0.9881473 -0.04236299 0 0 -0.054877 -0.08980639 -0.04638291 -0.129838 -0.04227828 -0.1905336 -0.1703892 0 0 0 -0.03710859 -0.04156578 -0.03780429 0.0403219 0 -0.07597637 -0.07971171 -0.04457641 -0.07421232 -0.05521946 0 -0.04153904 0 -0.06701951 -0.036652 -0.1211082 -0.07738713 -0.05116405 -0.04360688 -0.1475632 -0.04297287 0 -0.04420551 0 -0.04010987 -0.03171672 -0.06506626 -0.03296715 -0.05313259 0 -0.01787683 0.318659 0 -0.04203255 -0.02860912 -0.04840671 -0.03439605 -0.04548211 -0.1126961 -0.04300974 -0.04181285 -0.1330288 -0.07727929 -0.0766257 -0.01965406 -0.2195944 -0.08148842 -0.04316684 -0.03021173 0 0.1212696 -0.04158766 -0.04283771 -0.064969 0 -0.0335582 0 -0.1089805 -0.1082379 -0.0417774 0 0 0.05518942 0 0 -0.04132197 -0.03925602 0.002699595 0 0 -0.1097184 -0.04813753 -0.04078161 -0.03696519 0.1246686 0.08237463 -0.07219848 -0.02197883 -0.07345684 -0.04413822 -0.1087458 -0.03938023 0 0 0
