1.01 0 -0.01472833 0 -0.02154554 0 0 0 -0.02669913 -0.008115672 -0.01650896 -0.0368058 -0.02479355 -0.008547485 0.2905617 -0.01538851 -0.05900383 -0.01608763 0.1530517 -0.02710674 -0.00826523 -0.01642342 -0.04233647 0 -0.01512096 -0.04122408 0.09854299 -0.01345466 0 -0.01650896 -0.01537634 -0.01455494 -0.01650896 -0.01608763 -0.01970035 -0.01836641 0 -0.01441945 0 0.1871631 -0.01675662 0.1558214 0.02471473 -0.02704038 -0.01449779 -0.02281133 0 0 0 -0.04248668 0 -0.03114964 -0.009827219 -0.01441945 -0.01441945 -0.02520801 -0.02520801 -0.03119818 0.1423565 -0.02281133 -0.003333948 -0.02522001 0.1837513 -0.02704038 -0.02199976 0.121902 -0.02531258 -0.02199976 -0.002422244 -0.01970035 0 -0.0146095 0 -0.02199976 -0.03122245 0 0.1799362 -0.03892389 0.1402745 -0.0421893 -0.04219407 0.005906954 0 -0.03247075 0.2931698 -0.02435154 0 -0.008115672 -0.02704038 -0.01689492 0.1318712 -0.03178231 -0.01494535 0.1202125 -0.02509505 -0.01434501 -0.0568168 0.2283566 -0.02281133 0.1203941 0 0 0.004520896 -0.02451725 0 0.2694497 -0.05608687 -0.02199976 0.1695554 0.1692071 -0.02451725 0 -0.0327245 -0.01504312 -0.02451725 0 -0.04155048 -0.02668191 -0.01663358 -0.01494535 0 -0.02199976 -0.01478928 0 0 -0.001798434 -0.01733121 -0.1205791 -0.03081325 -0.1028106 0 -0.03070766 -0.1397346 -0.03262897 -0.03236164 0.9966761 -0.007821829 -0.1028106 -0.03234016 -0.03234016 -0.03234016 -0.1028106 -0.02749836 -0.02281133 -0.01648375 -0.01165679 -0.01594039 -0.05287809 -0.01527829 -0.1028106 0 -0.1028106 -0.02281133 0.004235774 -0.05828067 0 -0.1028106 -0.002196327 -0.02281133 -0.02732166 -0.0339591 -0.1029929 0.01692152 -0.1028106 -0.01485918 -0.02272853 -0.1028106 -0.1028106 -0.1373016 -0.1029891 -0.1382877 -0.1028106 -0.1028106 -0.1028106 -0.03249981 -0.02281133 0 -0.008807082
0 1.01 0 0 0 0 0 0 0 0 0 0 0 0 0 0 0 0 0 0 0 0 0 0 0 0 0 0 0 0 0 0 0 0 0 0 0 0 0 0 0 0 0 0 0 0 0 0 0 0 0 0 0 0 0 0 0 0 0 0 0 0 0 0 0 0 0 0 0 0 0 0 0 0 0 0 0 0 0 0 0 0 0 0 0 0 0 0 0 0 0 0 0 0 0 0 0 0 0 0 0 0 0 0 0 0 0 0 0 0 0 0 0 0 0 0 0 0 0 0 0 0 0 0 0 0 0 0 0 0 0 0 0 0 0 0 0 0 0 0 0 0 0 0 0 0 0 0 0 0 0 0 0 0 0 0 0 0 0 0 0 0 0 0 0 0 0 0 0 0 0 0 0 0 0 0 0 0
-0.01472833 0 1.01 0 -0.05933021 0 0 0 -0.07445629 0.523972 -0.09629328 -0.1225922 -0.07897739 -0.0274911 0.8635371 -0.04028251 -0.1734285 -0.09020264 0.4352762 -0.05005507 -0.05248408 -0.08027733 -0.1038076 0 -0.06960278 -0.1143766 0.2831664 -0.05435213 0 -0.09629328 -0.09691261 -0.0706019 -0.09629328 -0.09020264 -0.05744617 -0.05563154 0 -0.0878372 0 0.5688363 -0.06668772 0.4428242 0.08401858 -0.05252085 -0.08801105 -0.05420384 0 0 0 -0.10462 0 -0.07601949 -0.03565638 -0.0878372 -0.0878372 -0.1107611 -0.1107611 -0.07617247 0.4086066 -0.05420384 -0.02866077 -0.1107764 0.5620411 -0.05252085 -0.06297974 0.357502 -0.06194137 -0.06297974 -0.03817563 -0.05744617 0 -0.07740529 0 -0.06297974 -0.07624892 0 0.55295 -0.100112 0.4054493 -0.09674168 -0.09677072 -0.02069233 0 -0.07888796 0.876034 -0.07908328 0 0.523972 -0.05252085 -0.0432084 0.3768152 -0.1218019 -0.05894672 0.3402671 -0.07325219 -0.05337903 -0.1384194 0.6884162 -0.05420384 0.3416325 0 0 0.4451429 -0.04223856 0 0.7963331 -0.143853 -0.06297974 0.5182946 0.5177215 -0.04223856 0 -0.1313307 -0.07514902 -0.04223856 0 -0.1224512 -0.07977573 -0.07350937 -0.05894672 0 -0.06297974 -0.06873471 0 0 -0.03839831 -0.05338618 -0.3528472 -0.1324173 -0.2844522 0 -0.07873116 -0.4151737 -0.08234894 -0.1282082 -0.01446795 -0.03206088 -0.2844522 -0.1286704 -0.1286704 -0.1286704 -0.2844522 -0.04863157 -0.05420384 -0.06066484 -0.04968491 -0.07368174 -0.1302068 -0.08411946 -0.2844522 0 -0.2844522 -0.05420384 0.03953201 -0.1633502 0 -0.2844522 0.04184519 -0.05420384 -0.05357962 -0.1312257 -0.2846083 -0.2843769 -0.2844522 -0.06892426 -0.06422717 -0.2844522 -0.2844522 -0.4130686 -0.284987 -0.4143037 -0.2844522 -0.2844522 -0.2844522 -0.1285818 -0.05420384 0 -0.04746296
0 0 0 1.01 0 0 0 0 0 0 0 0 0 0 0 0 0 0 0 0 0 0 0 0 0 0 0 0 0 0 0 0 0 0 0 0 0 0 0 0 0 0 0 0 0 0 0 0 0 0 0 0 0 0 0 0 0 0 0 0 0 0 0 0 0 0 0 0 0 0 0 0 0 0 0 0 0 0 0 0 0 0 0 0 0 0 0 0 0 0 0 0 0 0 0 0 0 0 0 0 0 0 0 0 0 0 0 0 0 0 0 0 0 0 0 0 0 0 0 0 0 0 0 0 0 0 0 0 0 0 0 0 0 0 0 0 0 0 0 0 0 0 0 0 0 0 0 0 0 0 0 0 0 0 0 0 0 0 0 0 0 0 0 0 0 0 0 0 0 0 0 0 0 0 0 0 0 0
-0.02154554 0 -0.05933021 0 1.01 0 0 0 -0.08167641 -0.03134437 -0.06124158 -0.1058058 -0.08297932 -0.02043858 -0.07386567 -0.04817753 -0.168504 -0.05730731 -0.1437076 -0.05403014 -0.0386967 -0.04750825 -0.02429547 0 -0.05241348 -0.1156246 0.2112075 -0.04298236 0 -0.06124158 -0.06226209 -0.05573263 -0.06124158 -0.05730731 -0.05814157 0.9198817 0 -0.05513237 0 -0.1188928 0.08556978 -0.1422552 0.08234368 -0.05979949 -0.05535444 -0.04947655 0 0 0 -0.0221707 0 -0.0858163 -0.02462755 -0.05513237 -0.05513237 -0.07857385 -0.07857385 -0.08528627 -0.1567507 -0.04947655 -0.02865333 -0.07860916 -0.1202102 -0.05979949 -0.05356079 -0.1823119 -0.06081621 -0.05356079 -0.03152966 -0.05814157 0 -0.04552121 0 -0.05356079 -0.08536166 0 -0.1215064 -0.09987989 -0.1584516 0.5232359 0.5234823 -0.01818493 0 -0.08656501 -0.07256264 -0.08167326 0 -0.03134437 -0.05979949 -0.06800609 -0.158537 -0.1048949 -0.05964753 -0.1940027 -0.07527649 -0.03910417 0.4681504 -0.1053256 -0.04947655 -0.1941211 0 0 -0.02904779 -0.02349168 0 -0.08448826 -0.0804711 -0.05356079 -0.1313837 -0.1309463 -0.02349168 0 -0.1045258 -0.05910608 -0.02349168 0 -0.1111589 -0.07573551 -0.05034544 -0.05964753 0 -0.05356079 -0.05144158 0 0 -0.03335154 0.8998433 0.1292538 -0.09703244 0.2248337 0 -0.08704609 0.1659632 0.5816865 -0.09277756 -0.02130549 -0.03010339 0.2248337 -0.09271196 -0.09271196 -0.09271196 0.2248337 -0.05533876 -0.04947655 -0.06134587 -0.02674425 -0.02805675 0.4065281 -0.04034035 0.2248337 0 0.2248337 -0.04947655 0.03629546 -0.1578148 0 0.2248337 0.03116338 -0.04947655 -0.06081428 -0.09345126 0.2249351 0.2270857 0.2248337 -0.05164819 -0.05393345 0.2248337 0.2248337 0.1667244 0.2243882 0.1657003 0.2248337 0.2248337 0.2248337 -0.09267362 -0.04947655 0 -0.04112019
0 0 0 0 0 1.01 0 0 0 0 0 0 0 0 0 0 0 0 0 0 0 0 0 0 0 0 0 0 0 0 0 0 0 0 0 0 0 0 0 0 0 0 0 0 0 0 0 0 0 0 0 0 0 0 0 0 0 0 0 0 0 0 0 0 0 0 0 0 0 0 0 0 0 0 0 0 0 0 0 0 0 0 0 0 0 0 0 0 0 0 0 0 0 0 0 0 0 0 0 0 0 0 0 0 0 0 0 0 0 0 0 0 0 0 0 0 0 0 0 0 0 0 0 0 0 0 0 0 0 0 0 0 0 0 0 0 0 0 0 0 0 0 0 0 0 0 0 0 0 0 0 0 0 0 0 0 0 0 0 0 0 0 0 0 0 0 0 0 0 0 0 0 0 0 0 0 0 0
0 0 0 0 0 0 1.01 0 0 0 0 0 0 0 0 0 0 0 0 0 0 0 0 0 0 0 0 0 0 0 0 0 0 0 0 0 0 0 0 0 0 0 0 0 0 0 0 0 0 0 0 0 0 0 0 0 0 0 0 0 0 0 0 0 0 0 0 0 0 0 0 0 0 0 0 0 0 0 0 0 0 0 0 0 0 0 0 0 0 0 0 0 0 0 0 0 0 0 0 0 0 0 0 0 0 0 0 0 0 0 0 0 0 0 0 0 0 0 0 0 0 0 0 0 0 0 0 0 0 0 0 0 0 0 0 0 0 0 0 0 0 0 0 0 0 0 0 0 0 0 0 0 0 0 0 0 0 0 0 0 0 0 0 0 0 0 0 0 0 0 0 0 0 0 0 0 0 0
0 0 0 0 0 0 0 1.01 0 0 0 0 0 0 0 0 0 0 0 0 0 0 0 0 0 0 0 0 0 0 0 0 0 0 0 0 0 0 0 0 0 0 0 0 0 0 0 0 0 0 0 0 0 0 0 0 0 0 0 0 0 0 0 0 0 0 0 0 0 0 0 0 0 0 0 0 0 0 0 0 0 0 0 0 0 0 0 0 0 0 0 0 0 0 0 0 0 0 0 0 0 0 0 0 0 0 0 0 0 0 0 0 0 0 0 0 0 0 0 0 0 0 0 0 0 0 0 0 0 0 0 0 0 0 0 0 0 0 0 0 0 0 0 0 0 0 0 0 0 0 0 0 0 0 0 0 0 0 0 0 0 0 0 0 0 0 0 0 0 0 0 0 0 0 0 0 0 0
-0.02669913 0 -0.07445629 0 -0.08167641 0 0 0 1.01 -0.04454532 -0.09546797 -0.1039626 0.9328359 -0.02549106 -0.0884 -0.05962282 -0.1658754 -0.08977777 -0.1867976 -0.06388293 -0.04821341 -0.07246676 -0.1166427 0 -0.05982191 0.6442984 0.2759476 -0.05234116 0 -0.09546797 -0.09717971 -0.06059966 -0.09546797 -0.08977777 -0.07717072 -0.07689139 0 -0.08877185 0 -0.1427922 -0.07026261 -0.1856273 -0.8982631 -0.04249791 -0.08897833 -0.0495928 0 0 0 -0.1014656 0 -0.1033661 -0.01981722 -0.08877185 -0.08877185 -0.108647 -0.108647 -0.1035301 -0.1988385 -0.0495928 -0.02949743 -0.1086729 -0.1456896 -0.04249791 -0.05823406 -0.2329282 -0.08268946 -0.05823406 -0.05347636 -0.07717072 0 -0.07069361 0 -0.05823406 -0.103612 0 -0.1467599 -0.09422573 -0.2014492 -0.130779 -0.1302794 0.01897461 0 -0.1053693 -0.08727113 0.9255036 0 -0.04454532 -0.04249791 -0.07418157 -0.21408 -0.1392604 -0.07789715 -0.2416454 0.9702315 -0.05192641 -0.1487886 -0.1081553 -0.0495928 -0.2413244 0 0 -0.03867207 -0.06606514 0 -0.09716846 -0.1409913 -0.05823406 -0.1538336 -0.1535327 -0.06606514 0 -0.1446915 -0.06703821 -0.06606514 0 -0.1082287 -0.08077078 -0.05958448 -0.07789715 0 -0.05823406 -0.0596316 0 0 -0.05203431 -0.07609542 -0.3232895 -0.07377351 -0.2708622 0 -0.103415 -0.4143613 -0.08768849 -0.1425776 -0.02858348 0.03544559 -0.2708622 -0.142507 -0.142507 -0.142507 -0.2708622 -0.03232871 -0.0495928 -0.08008715 -0.04279911 -0.07642136 -0.1337814 -0.09269577 -0.2708622 0 -0.2708622 -0.0495928 0.04201302 -0.1427727 0 -0.2708622 0.04525717 -0.0495928 -0.04268395 -0.1442999 -0.2714983 -0.2699823 -0.2708622 -0.059858 -0.05718777 -0.2708622 -0.2708622 -0.4080351 -0.268089 -0.4108502 -0.2708622 -0.2708622 -0.2708622 -0.1420214 -0.0495928 0 -0.03907344
-0.008115672 0 0.523972 0 -0.03134437 0 0 0 -0.04454532 1.01 -0.05475123 -0.05421629 -0.04605495 -0.0117001 0.4485463 -0.02184402 -0.07650525 -0.05646915 0.2214548 -0.02755564 -0.02933484 -0.04970462 -0.04410399 0 -0.04085908 -0.06666036 0.1370475 -0.02596719 0 -0.05475123 -0.05574984 -0.04037429 -0.05475123 -0.05646915 -0.03028583 -0.0299207 0 -0.05299924 0 0.2936726 -0.03480593 0.2269232 0.04773978 -0.0203511 -0.05308127 -0.0355625 0 0 0 -0.04686972 0 -0.0418495 -0.01384165 -0.05299924 -0.05299924 -0.06361105 -0.06361105 -0.04192949 0.2064218 -0.0355625 -0.02555957 -0.06361589 0.2901056 -0.0203511 -0.03265595 0.1798089 -0.03322696 -0.03265595 -0.02504665 -0.03028583 0 -0.04570672 0 -0.03265595 -0.04196946 0 0.2849598 -0.04683481 0.2047611 -0.05384302 -0.05385696 -0.00623665 0 -0.04404052 0.4558089 -0.04538332 0 1 -0.0203511 -0.04594667 0.1912446 -0.0728532 -0.0310763 0.1714789 -0.04203563 -0.02646439 -0.07290165 0.3617447 -0.0355625 0.1717592 0 0 -0.02022873 -0.02650698 0 0.4144621 -0.06853262 -0.03265595 0.267055 0.2665026 -0.02650698 0 -0.07234351 -0.04765806 -0.02650698 0 -0.05083848 -0.02869535 -0.04280062 -0.0310763 0 -0.03265595 -0.04042531 0 0 -0.02436068 -0.02828226 -0.1848502 -0.07520848 -0.1394027 0 -0.0431029 -0.2098566 -0.04654339 -0.07276226 -0.007979632 -0.01961734 -0.1394027 -0.07367807 -0.07367807 -0.07367807 -0.1394027 -0.01984321 -0.0355625 -0.03339347 -0.02618697 -0.04460668 -0.06811848 -0.05143149 -0.1394027 0 -0.1394027 -0.0355625 0.02728027 -0.07251069 0 -0.1394027 0.02974072 -0.0355625 -0.02096115 -0.07513348 -0.1389731 -0.1400801 -0.1394027 -0.04052136 -0.03385366 -0.1394027 -0.1394027 -0.2123185 -0.1396826 -0.2115181 -0.1394027 -0.1394027 -0.1394027 -0.07389906 -0.0355625 0 -0.02441644
-0.01650896 0 -0.09629328 0 -0.06124158 0 0 0 -0.09546797 -0.05475123 1.01 -0.1271025 -0.09978272 -0.02513437 -0.1056886 -0.04726661 -0.1978351 0.9495913 0.504981 -0.06718902 -0.06034856 0.8532806 -0.1340141 0 -0.07327608 -0.1325271 0.3189721 -0.000201964 0 1 0.9900967 -0.02662535 1 0.9495913 -0.06004457 -0.07844365 0 0.9080914 0 -0.1635215 -0.06848565 0.4608919 0.09996357 -0.0523176 0.9070856 -0.0492092 0 0 0 -0.129494 0 -0.114122 -0.03386721 0.9080914 0.9080914 0.8054669 0.8054669 -0.1131385 0.428024 -0.0492092 -0.01622867 0.8054129 -0.1650741 -0.0523176 0.08821086 0.3689612 -0.07328177 0.08821086 0.3848574 -0.06004457 0 0.8063076 0 0.08821086 -0.1126471 0 -0.1658797 -0.1221778 0.4230985 -0.1347293 -0.1352405 -0.02659753 0 -0.1171719 -0.1017547 -0.09884525 0 -0.05475123 -0.0523176 0.7537237 0.3863081 0.639668 -0.06190925 0.346854 -0.08571103 -0.05745483 -0.1732292 -0.1311625 -0.0492092 0.3474719 0 0 -0.03548904 -0.0694099 0 -0.1174094 -0.1253889 0.08821086 -0.183217 -0.1834269 -0.0694099 0 0.6336358 -0.07340122 -0.0694099 0 -0.06396779 -0.09399457 -0.07271556 -0.06190925 0 0.08821086 -0.07217937 0 0 0.3784994 -0.07716693 0.03082989 0.5948284 -0.2643316 0 -0.1159804 0.2175873 -0.0864127 0.6113279 -0.01619339 -0.03683169 -0.2643316 0.6114437 0.6114437 0.6114437 -0.2643316 -0.04918764 -0.0492092 -0.06502398 -0.04722895 0.7557536 -0.1400159 0.8570853 -0.2643316 0 -0.2643316 -0.0492092 0.03363729 -0.1284221 0 -0.2643316 0.03813961 -0.0492092 -0.05159907 0.6027435 -0.2646763 -0.2631163 -0.2643316 -0.07241561 0.08210242 -0.2643316 -0.2643316 0.2216295 -0.2646107 0.2205281 -0.2643316 -0.2643316 -0.2643316 0.6102236 -0.0492092 0 -0.05554191
-0.0368058 0 -0.1225922 0 -0.1058058 0 0 0 -0.1039626 -0.05421629 -0.1271025 1.01 -0.1134952 -0.03688328 -0.1354374 -0.07602067 0.6497964 -0.1217512 -0.2523396 -0.08111246 -0.06206536 -0.106819 -0.1618823 0 -0.08152133 -0.1726962 -0.3963732 0.4096998 0 -0.1271025 -0.1282855 -0.08518427 -0.1271025 -0.1217512 0.1111895 -0.100329 0 -0.1135056 0 -0.1942734 -0.0805694 -0.2465976 0.114053 -0.06798346 -0.113794 -0.07801809 0 0 0 -0.1577214 0 -0.1261662 -0.02183131 -0.1135056 -0.1135056 -0.1457865 -0.1457865 -0.1258983 -0.2687726 -0.07801809 -0.04218242 -0.1458222 -0.1951248 -0.06798346 -0.08508151 -0.2169911 0.08239077 -0.08508151 -0.05472576 0.1111895 0 -0.09786527 0 -0.08508151 -0.1255173 0 -0.160899 -0.1372269 -0.2699966 -0.1718616 -0.1718929 0.02433227 0 -0.1264869 -0.1347148 -0.1114868 0 -0.05421629 -0.06798346 -0.1028334 -0.2924164 -0.05817454 0.1188048 -0.2273537 -0.1029567 0.4382556 -0.2128112 -0.1670651 -0.07801809 -0.2274838 0 0 -0.05527295 -0.09269319 0 -0.1488068 0.5828473 -0.08508151 -0.2151276 -0.2123625 -0.09269319 0 -0.05905861 -0.09492474 -0.09269319 0 0.8360172 0.5450593 -0.04970167 0.1188048 0 -0.08508151 -0.08425938 0 0 -0.05252116 -0.1004274 0.2557855 -0.06471113 0.2901598 0 -0.1291669 0.2636078 -0.1456713 -0.05835516 -0.03646111 -0.03228671 0.2901598 -0.05863965 -0.05863965 -0.05863965 0.2901598 -0.0587282 -0.07801809 0.1142997 -0.0572361 -0.09993555 -0.2014826 -0.1142747 0.2901598 0 0.2901598 -0.07801809 0.04761609 0.5836365 0 0.2901598 0.04961581 -0.07801809 -0.0661384 -0.06213069 0.2891028 0.2904397 0.2901598 -0.08247604 -0.08639982 0.2901598 0.2901598 0.2648579 0.2900778 0.2642753 0.2901598 0.2901598 0.2901598 -0.05949936 -0.07801809 0 -0.05579008
-0.02479355 0 -0.07897739 0 -0.08297932 0 0 0 0.9328359 -0.04605495 -0.09978272 -0.1134952 1.01 -0.02964918 -0.09213772 -0.05892216 -0.1886149 -0.09542446 -0.1964437 -0.06899246 -0.05089452 -0.07901165 -0.1375082 0 -0.06506321 0.6958797 0.3057305 -0.05743862 0 -0.09978272 -0.1016752 -0.06644894 -0.09978272 -0.09542446 -0.07737693 -0.07624761 0 -0.09330096 0 -0.1506215 -0.07229292 -0.1945458 -0.9647074 -0.04694791 -0.09352056 -0.04961875 0 0 0 -0.1221528 0 -0.1100918 -0.02066359 -0.09330096 -0.09330096 -0.111413 -0.111413 -0.1102652 -0.2074938 -0.04961875 -0.03180954 -0.1114427 -0.1538879 -0.04694791 -0.05661601 -0.2421917 -0.08411449 -0.05661601 -0.05270126 -0.07737693 0 -0.07606558 0 -0.05661601 -0.1103519 0 -0.1559003 -0.1045798 -0.210437 -0.1364484 -0.1359741 -0.02506596 0 -0.1118715 -0.09128423 0.9937255 0 -0.04605495 -0.04694791 -0.07940336 -0.2234335 -0.1418704 -0.07826633 -0.2512182 0.9173817 -0.05631667 -0.1575739 -0.1143298 -0.04961875 -0.2508762 0 0 -0.04102574 -0.06966846 0 -0.1016015 -0.1652039 -0.05661601 -0.1625588 -0.1623332 -0.06966846 0 -0.1478637 -0.07273375 -0.06966846 0 -0.1191303 -0.08539995 -0.06447884 -0.07826633 0 -0.05661601 -0.06478103 0 0 -0.05111753 -0.07585218 -0.3140838 -0.07963459 -0.3014313 0 -0.1094684 -0.4489419 -0.09246834 -0.1447828 -0.02655651 0.02903023 -0.3014313 -0.1447077 -0.1447077 -0.1447077 -0.3014313 -0.03692177 -0.04961875 -0.08091854 -0.0467438 -0.08123716 -0.1437392 -0.09666239 -0.3014313 0 -0.3014313 -0.04961875 0.04375805 -0.1663218 0 -0.3014313 0.0475186 -0.04961875 -0.0472452 -0.1470057 -0.3021004 -0.3002353 -0.3014313 -0.06501925 -0.05507804 -0.3014313 -0.3014313 -0.4428013 -0.2984878 -0.4458437 -0.3014313 -0.3014313 -0.3014313 -0.1443032 -0.04961875 0 -0.040949
-0.008547485 0 -0.0274911 0 -0.02043858 0 0 0 -0.02549106 -0.0117001 -0.02513437 -0.03688328 -0.02964918 1.01 -0.02876732 -0.02795408 -0.04733011 -0.0231238 -0.05180508 -0.02932598 -0.01469842 -0.02437669 -0.02745785 0 -0.01962976 -0.04412959 -0.08535758 -0.01267849 0 -0.02513437 -0.0258471 -0.01886877 -0.02513437 -0.0231238 -0.0373692 -0.01734009 0 -0.01967837 0 -0.04059498 -0.02113312 -0.04961682 0.02941875 -0.01942867 -0.01974725 -0.005457667 0 0 0 -0.02736878 0 -0.02591835 -0.009464297 -0.01967837 -0.01967837 -0.02186825 -0.02186825 -0.02596751 -0.05017667 -0.005457667 -0.009329218 -0.02188174 -0.04199328 -0.01942867 -0.009266409 -0.06947984 -0.04140448 -0.009266409 -0.001877369 -0.0373692 0 -0.02068617 0 -0.009266409 -0.02599207 0 -0.04061785 -0.02294406 -0.05143801 0.2042294 0.2041082 -0.007523703 0 -0.02726449 -0.02770455 -0.02924244 0 -0.0117001 -0.01942867 -0.02513131 -0.05653746 -0.04056761 -0.03507232 -0.07186408 -0.02390396 -0.01361461 0.1559599 -0.03728993 -0.005457667 -0.07177132 0 0 -0.01513688 -0.009840439 0 -0.03087222 -0.04422904 -0.009266409 -0.0477161 -0.04788753 -0.009840439 0 0.0832431 -0.02164014 -0.009840439 0 -0.03485342 -0.02109222 -0.02097794 -0.03507232 0 -0.009266409 -0.01933184 0 0 -0.001258835 -0.02143372 -0.02755275 -0.04681985 0.08952429 0 -0.02742194 0.0589971 0.2498906 -0.04415615 -0.008475277 0.8143647 0.08952429 -0.04413575 -0.04413575 -0.04413575 0.08952429 -0.0192519 -0.005457667 -0.03620567 -0.01488087 -0.02664202 0.1689085 -0.02477729 0.08952429 0 0.08952429 -0.005457667 0.003669949 -0.04104725 0 0.08952429 0.005877623 -0.005457667 -0.01975475 -0.04562005 0.08928857 0.08740181 0.08952429 -0.01939595 -0.0101708 0.08952429 0.08952429 0.06049672 0.08938376 0.05989439 0.08952429 0.08952429 0.08952429 -0.04427351 -0.005457667 0 -0.01287012
0.2905617 0 0.8635371 0 -0.07386567 0 0 0 -0.0884 0.4485463 -0.1056886 -0.1354374 -0.09213772 -0.02876732 1.01 -0.04395152 -0.1987921 -0.09870945 0.5028674 -0.06053909 -0.05682671 -0.08806831 -0.1252533 0 -0.07774359 -0.1335468 0.3245258 -0.05950209 0 -0.1056886 -0.1062474 -0.07863182 -0.1056886 -0.09870945 -0.0661345 -0.06765285 0 -0.09696763 0 0.6530507 -0.07970716 0.5108537 0.09631406 -0.0558451 -0.09717546 -0.0639665 0 0 0 -0.1258204 0 -0.09549541 -0.04103202 -0.09696763 -0.09696763 -0.1246971 -0.1246971 -0.09566986 0.4708324 -0.0639665 -0.03282032 -0.1247169 0.6451456 -0.0558451 -0.07354644 0.4106287 -0.07411383 -0.07354644 -0.04131727 -0.0661345 0 -0.08585658 0 -0.07354644 -0.09575704 0 0.6335431 -0.118628 0.4671123 -0.1153225 -0.1153545 -0.02212613 0 -0.0669235 0.9797437 -0.09124458 0 0.4485463 -0.0558451 -0.0546755 0.4347827 -0.1391469 -0.06626996 0.3934795 -0.08734513 -0.05865332 -0.1618594 0.7737857 -0.0639665 0.394831 0 0 0.3887609 -0.05235956 0 0.8933296 -0.170212 -0.07354644 0.5952422 0.5944488 -0.05235956 0 -0.148762 -0.0842125 -0.05235956 0 -0.1338627 -0.08789581 -0.08153719 -0.06626996 0 -0.07354644 -0.0767233 0 0 -0.04107472 -0.06486212 -0.4040907 -0.1490445 -0.3282718 0 -0.06643121 -0.4779739 -0.0972679 -0.1452588 0.2898221 -0.03220271 -0.3282718 -0.1456484 -0.1456484 -0.1456484 -0.3282718 -0.05061002 -0.0639665 -0.06903417 -0.05811135 -0.08290234 -0.1505341 -0.09369167 -0.3282718 0 -0.3282718 -0.0639665 -0.2537816 -0.188523 0 -0.3282718 -0.2383973 -0.0639665 -0.05710545 -0.1492079 -0.3285639 -0.2908787 -0.3282718 -0.07694518 -0.0743687 -0.3282718 -0.3282718 -0.4741077 -0.3288905 -0.4760111 -0.3282718 -0.3282718 -0.3282718 -0.1456957 -0.0639665 0 -0.04664625
-0.01538851 0 -0.04028251 0 -0.04817753 0 0 0 -0.05962282 -0.02184402 -0.04726661 -0.07602067 -0.05892216 -0.02795408 -0.04395152 1.01 -0.1047875 -0.04258046 -0.1112308 -0.03843849 -0.03070536 -0.03908528 -0.06437949 0 -0.04471883 0.4064551 0.179796 -0.04002986 0 -0.04726661 -0.04784426 -0.04857462 -0.04726661 -0.04258046 0.779829 -0.04551649 0 -0.03833841 0 -0.09212383 -0.04118801 -0.1086092 0.05674042 -0.03676356 -0.03526791 -0.0343001 0 0 0 -0.05643038 0 -0.07916508 -0.0205795 -0.03833841 -0.03833841 -0.05600248 -0.05600248 -0.07925962 -0.1183523 -0.0343001 -0.01713438 -0.05602457 -0.09353998 -0.03676356 -0.04021741 0.2363323 0.7090458 -0.04021741 -0.01554219 0.779829 0 -0.03429679 0 -0.04021741 -0.07930688 0 -0.09381948 -0.05004755 -0.1196924 -0.08221684 -0.08303597 -0.01314819 0 -0.07884985 -0.04460673 -0.05805355 0 -0.02184402 -0.03676356 -0.03773991 -0.1239704 0.3993217 0.7738351 0.2314196 -0.05643462 -0.03554834 -0.1081627 -0.05939584 -0.0343001 0.2305987 0 0 -0.02230639 -0.04026762 0 -0.04597074 -0.09920521 -0.04021741 -0.09797229 -0.0983333 -0.04026762 0 0.3941847 -0.04773007 -0.04026762 0 -0.07486351 -0.05302654 -0.04482152 0.7738351 0 -0.04021741 -0.0441144 0 0 -0.01441407 -0.04477865 0.13056 0.3862901 -0.1931747 0 -0.07720087 0.1174694 -0.07164891 0.3967764 -0.01522896 -0.03312679 -0.1931747 0.3968448 0.3968448 0.3968448 -0.1931747 -0.02791901 -0.0343001 0.7559332 -0.03063048 -0.03346643 -0.1037847 -0.03683235 -0.1931747 0 -0.1931747 -0.0343001 0.005278724 -0.09834067 0 -0.1931747 0.01003444 -0.0343001 -0.03747539 0.3904601 -0.1866163 -0.1931234 -0.1931747 -0.04424555 -0.04179159 -0.1931747 -0.1931747 0.1206411 -0.1935381 0.1193669 -0.1931747 -0.1931747 -0.1931747 0.3958205 -0.0343001 0 -0.01210996
-0.05900383 0 -0.1734285 0 -0.168504 0 0 0 -0.1658754 -0.07650525 -0.1978351 0.6497964 -0.1886149 -0.04733011 -0.1987921 -0.1047875 1.01 -0.1893702 -0.3858327 -0.1230845 -0.09574491 -0.171191 0.6112225 0 -0.1301556 -0.2626778 -0.6058609 0.2579345 0 -0.1978351 -0.1992276 -0.1361364 -0.1978351 -0.1893702 0.02574565 -0.1566633 0 -0.1793789 0 -0.2944612 -0.1348208 -0.3785497 0.1931065 -0.1027752 -0.1798144 -0.1065484 0 0 0 0.5790583 0 -0.1974225 -0.05073093 -0.1793789 -0.1793789 -0.2208708 -0.2208708 -0.1973884 -0.4075544 -0.1065484 -0.05841408 -0.2209275 -0.2745551 -0.1027752 -0.1193077 -0.3735705 -0.0009432685 -0.1193077 -0.07460969 0.02574565 0 -0.160174 0 -0.1193077 -0.1971813 0 -0.250516 0.5712292 -0.3909452 -0.2613876 -0.2614368 0.1269679 0 -0.1986058 -0.1935626 -0.1864077 0 -0.07650525 -0.1027752 -0.1341726 -0.2932108 -0.1557453 0.03034027 -0.3181809 -0.1696401 0.2834 -0.3295055 -0.136189 -0.1065484 -0.318603 0 0 -0.07584393 -0.1317807 0 -0.09523196 0.8245369 -0.1193077 -0.2340476 -0.2326105 -0.1317807 0 -0.1555516 -0.1454037 -0.1317807 0 0.6192275 0.4540417 -0.1069139 0.03034027 0 -0.1193077 -0.1317243 0 0 -0.07296923 -0.1528723 0.3175329 -0.1656562 0.4235497 0 -0.2008373 0.3229481 -0.2185378 -0.1570104 -0.05848267 -0.05369955 0.4235497 -0.1571543 -0.1571543 -0.1571543 0.4235497 -0.09144635 -0.1065484 0.02369955 -0.08991721 -0.131812 -0.3063788 -0.1523443 0.4235497 0 0.4235497 -0.1065484 0.08460062 0.8702835 0 0.4235497 0.08959292 -0.1065484 -0.09723524 -0.1610614 0.4228458 0.3981419 0.4235497 -0.1305821 -0.1214994 0.4235497 0.4235497 0.3276798 0.4236499 0.3261519 0.4235497 0.4235497 0.4235497 -0.1554011 -0.1065484 0 0.2118717
-0.01608763 0 -0.09020264 0 -0.05730731 0 0 0 -0.08977777 -0.05646915 0.9495913 -0.1217512 -0.09542446 -0.0231238 -0.09870945 -0.04258046 -0.1893702 1.01 0.4806356 -0.06804529 -0.05619996 0.8985363 -0.1280936 0 -0.06806531 -0.1241427 0.3041551 0.004856927 0 0.9495913 0.9406811 -0.01965756 0.9495913 1 -0.05369722 -0.07565324 0 0.9556533 0 -0.1540098 -0.06424098 0.4333619 0.09496526 -0.0506893 0.9546254 -0.04433071 0 0 0 -0.1245328 0 -0.1082769 -0.0357464 0.9556533 0.9556533 0.758607 0.758607 -0.1072355 0.4031963 -0.04433071 -0.01147959 0.7586092 -0.1551655 -0.0506893 -0.05437847 0.348571 -0.06728827 -0.05437847 0.4053715 -0.05369722 0 0.8483457 0 -0.05437847 -0.1067151 0 -0.156401 -0.1174292 0.398746 -0.1308367 -0.1313656 -0.02487537 0 -0.1110094 -0.0949599 -0.09459624 0 -0.05646915 -0.0506893 0.7942499 0.3617614 0.6038136 -0.0554913 0.326218 -0.08013688 -0.05457573 -0.1658594 -0.1238463 -0.04433071 0.3268029 0 0 -0.03157763 -0.06710374 0 -0.1101501 -0.1155348 -0.05437847 -0.174279 -0.1748744 -0.06710374 0 0.5977621 -0.06672447 -0.06710374 0 -0.05435897 -0.08622994 -0.06705767 -0.0554913 0 -0.05437847 -0.06701668 0 0 0.3985838 -0.07388121 0.0713743 0.5596623 -0.2464615 0 -0.1115049 0.2068162 -0.08045789 0.5746879 -0.01578963 -0.03373653 -0.2464615 0.5747975 0.5747975 0.5747975 -0.2464615 -0.04791992 -0.04433071 -0.0582893 -0.04007778 0.795337 -0.1319622 0.90208 -0.2464615 0 -0.2464615 -0.04433071 0.02885755 -0.1179707 0 -0.2464615 0.033048 -0.04433071 -0.04980724 0.5668815 -0.2467573 -0.2452063 -0.2464615 -0.06724213 -0.05721017 -0.2464615 -0.2464615 0.2105089 -0.2466929 0.2091781 -0.2464615 -0.2464615 -0.2464615 0.5736903 -0.04433071 0 -0.05311383
0.1530517 0 0.4352762 0 -0.1437076 0 0 0 -0.1867976 0.2214548 0.504981 -0.2523396 -0.1964437 -0.05180508 0.5028674 -0.1112308 -0.3858327 0.4806356 1.01 -0.1204664 -0.1097165 0.4310223 -0.259036 0 -0.1465162 -0.2785541 0.6291162 -0.07530637 0 0.504981 0.4976755 -0.1185985 0.504981 0.4806356 -0.1412662 -0.1432912 0 0.4576333 0 0.7689373 -0.142313 0.98312 0.2022408 -0.1051015 0.4571195 -0.1150266 0 0 0 -0.2527248 0 0.5310328 -0.05885253 0.4576333 0.4576333 0.35636 0.35636 0.531184 0.9091771 -0.1150266 -0.04918846 0.3566438 0.7567238 -0.1051015 -0.0376976 0.7850587 -0.1557485 -0.0376976 0.1965986 -0.1412662 0 0.4051789 0 -0.0376976 0.5312596 0 0.7385182 -0.2361934 0.9004681 -0.2501062 -0.2501627 -0.05204607 0 0.5367141 0.4941751 -0.1954159 0 0.2214548 -0.1051015 0.3902838 0.8338508 0.2158131 -0.1426816 0.7490121 -0.1792394 -0.1097963 -0.331197 0.3255039 -0.1150266 0.750481 0 0 0.1938762 -0.129417 0 0.420724 -0.3125058 -0.0376976 0.6816912 0.6804538 -0.129417 0 0.2041985 -0.1534903 -0.129417 0 -0.2133845 -0.1766534 -0.1509804 -0.1426816 0 -0.0376976 -0.1443973 0 0 0.1948195 -0.1391537 -0.5174904 0.1914115 -0.6035318 0 0.5195719 -0.4698888 -0.1951426 0.2069096 0.1529737 -0.06671656 -0.6035318 0.2067902 0.2067902 0.2067902 -0.6035318 -0.09773992 -0.1150266 -0.1248814 -0.09988321 0.3735768 -0.2926735 0.4264602 -0.6035318 0 -0.6035318 -0.1150266 -0.1070945 -0.326986 0 -0.6035318 -0.1227695 -0.1150266 -0.1050278 0.1981934 -0.6044052 -0.5798312 -0.6035318 -0.1448548 -0.04184031 -0.6035318 -0.6035318 -0.4788711 -0.6045449 -0.4780981 -0.6035318 -0.6035318 -0.6035318 0.2055955 -0.1150266 0 -0.09784913
-0.02710674 0 -0.05005507 0 -0.05403014 0 0 0 -0.06388293 -0.02755564 -0.06718902 -0.08111246 -0.06899246 -0.02932598 -0.06053909 -0.03843849 -0.1230845 -0.06804529 -0.1204664 1.01 -0.03676134 -0.05778669 -0.07996362 0 -0.04544254 -0.09147062 -0.1973003 -0.02835562 0 -0.06718902 -0.06702426 -0.04403498 -0.06718902 -0.06804529 -0.04493662 -0.05012842 0 -0.0643105 0 -0.08792332 -0.04426016 -0.1176002 0.07143989 -0.03653619 -0.06444828 -0.0343835 0 0 0 -0.07737411 0 -0.05782131 -0.009100354 -0.0643105 -0.0643105 -0.07351004 -0.07351004 -0.05793885 -0.1270997 -0.0343835 -0.01155449 -0.07352873 -0.08933927 -0.03653619 -0.033581 -0.1380913 -0.03186134 -0.033581 -0.03457044 -0.04493662 0 -0.05332595 0 -0.033581 -0.0579976 0 -0.09241926 -0.07034078 -0.1283622 0.4655883 0.4653099 -0.01876172 0 -0.05675376 -0.0625416 -0.0698629 0 -0.02755564 -0.03653619 -0.05611933 -0.138763 -0.0890134 -0.04490452 -0.1412346 -0.06607997 -0.03002275 0.3619525 -0.07385305 -0.0343835 -0.1479511 0 0 -0.02299565 -0.0418908 0 -0.0622122 -0.1202546 -0.033581 -0.07674448 -0.07592619 -0.0418908 0 -0.09247416 -0.04608408 -0.0418908 0 -0.0890712 -0.06176163 -0.04511687 -0.04490452 0 -0.033581 -0.04473163 0 0 -0.03354383 -0.04898619 0.0234166 -0.07545008 0.152187 0 -0.0580104 0.1064788 -0.03328194 -0.07060567 -0.02695806 -0.02881465 0.152187 -0.07055561 -0.07055561 -0.07055561 0.152187 -0.03976456 -0.0343835 -0.0459748 -0.02993039 -0.05195689 0.3521272 -0.06220125 0.152187 0 0.152187 -0.0343835 0.0009643721 -0.1222676 0 0.152187 0.006598365 -0.0343835 -0.03737538 -0.02514552 0.1521678 0.1515939 0.152187 -0.04488432 0.001036326 0.152187 0.152187 0.1056806 0.1523646 0.1058746 0.152187 0.152187 0.152187 -0.07025408 -0.0343835 0 -0.01121929
-0.00826523 0 -0.05248408 0 -0.0386967 0 0 0 -0.04821341 -0.02933484 -0.06034856 -0.06206536 -0.05089452 -0.01469842 -0.05682671 -0.03070536 -0.09574491 -0.05619996 -0.1097165 -0.03676134 1.01 -0.04802433 -0.06182116 0 0.7466797 -0.0780054 -0.1728999 -0.02277278 0 -0.06034856 -0.06160271 0.7220629 -0.06034856 -0.05619996 -0.04100766 -0.03977421 0 -0.05227524 0 -0.08070321 -0.03193432 -0.1069343 0.05448941 -0.0284017 -0.05238924 -0.03579353 0 0 0 -0.05617133 0 -0.0518722 -0.0206102 -0.05227524 -0.05227524 -0.06838767 -0.06838767 -0.05196728 -0.1172978 -0.03579353 -0.01013934 -0.06839817 -0.08184251 -0.0284017 -0.04157428 -0.1369522 -0.04751674 -0.04157428 -0.02793347 -0.04100766 0 -0.0434293 0 -0.04157428 -0.05201481 0 -0.08172361 -0.05751235 -0.1183247 -0.07007181 -0.07008581 -0.01334346 0 -0.05344786 -0.05586947 -0.05116864 0 -0.02933484 -0.0284017 -0.04370552 -0.1275736 -0.08318655 -0.04051092 -0.1421825 -0.04743561 -0.01971134 -0.08607788 -0.06707083 -0.03579353 -0.1420032 0 0 -0.03388378 -0.0360879 0 -0.05913033 -0.08506323 -0.04157428 -0.09094338 -0.09052989 -0.0360879 0 -0.08324313 0.6918252 -0.0360879 0 -0.0609192 -0.04038582 0.730641 -0.04051092 0 -0.04157428 0.7502211 0 0 -0.02964826 -0.03923928 0.134815 -0.08863242 0.171587 0 -0.05375248 0.1154013 -0.05678288 -0.08584831 -0.008097788 -0.01229546 0.171587 -0.08580863 -0.08580863 -0.08580863 0.171587 -0.0298594 -0.03579353 -0.04322238 -0.02472884 -0.04451475 -0.08263484 -0.05370072 0.171587 0 0.171587 -0.03579353 0.02576842 -0.0918318 0 0.171587 0.02907589 -0.03579353 -0.02910272 -0.08466933 0.1711293 0.1726288 0.171587 0.7493826 -0.04296861 0.171587 0.171587 0.09816636 0.1713132 0.114453 0.171587 0.171587 0.171587 -0.08607656 -0.03579353 0 -0.01841777
-0.01642342 0 -0.08027733 0 -0.04750825 0 0 0 -0.07246676 -0.04970462 0.8532806 -0.106819 -0.07901165 -0.02437669 -0.08806831 -0.03908528 -0.171191 0.8985363 0.4310223 -0.05778669 -0.04802433 1.01 -0.1190987 0 -0.06135885 -0.1063084 0.2759068 0.01916694 0 0.8532806 0.8436555 -0.008068437 0.8532806 0.8985363 -0.04806174 -0.06866938 0 0.8420249 0 -0.1393791 -0.05978766 0.3784974 0.08014508 -0.04598997 0.8412548 -0.03820945 0 0 0 -0.1169039 0 -0.09919631 -0.03492266 0.8420249 0.8420249 0.6685139 0.6685139 -0.0980255 0.3523446 -0.03820945 -0.01283642 0.6686321 -0.1402167 -0.04598997 -0.04735208 0.3035563 -0.06152477 -0.04735208 -0.03697955 -0.04806174 0 0.9459735 0 -0.04735208 -0.09810043 0 -0.1420295 -0.1083105 0.3483999 -0.1188314 -0.1194047 -0.02453835 0 -0.1012995 -0.08467703 -0.07835266 0 -0.04970462 -0.04598997 0.8873538 0.3182639 0.5356933 -0.04968213 0.2873787 -0.06950168 -0.04603644 -0.1520112 -0.1105506 -0.03820945 0.287903 0 0 -0.02439229 -0.06318785 0 -0.09791602 -0.09329592 -0.04735208 -0.15734 -0.1578767 -0.06318785 0 0.529948 -0.06113902 -0.06318785 0 -0.03343344 -0.07505417 -0.06024733 -0.04968213 0 -0.04735208 -0.06041325 0 0 -0.03547519 -0.06738277 0.1522385 0.4904525 -0.2109379 0 -0.1017418 0.1859905 -0.06848136 0.5036254 -0.01616093 -0.03387251 -0.2109379 0.5037235 0.5037235 0.5037235 -0.2109379 -0.04212214 -0.03820945 -0.05174971 -0.0378284 0.8863862 -0.1147965 0.7909417 -0.2109379 0 -0.2109379 -0.03820945 0.02764811 -0.09721962 0 -0.2109379 0.03082277 -0.03820945 -0.04478102 0.4968215 -0.2111387 -0.210379 -0.2109379 -0.06061655 -0.04993129 -0.2109379 -0.2109379 0.1898778 -0.2110751 0.1888281 -0.2109379 -0.2109379 -0.2109379 0.5023214 -0.03820945 0 -0.04636531
-0.04233647 0 -0.1038076 0 -0.02429547 0 0 0 -0.1166427 -0.04410399 -0.1340141 -0.1618823 -0.1375082 -0.02745785 -0.1252533 -0.06437949 0.6112225 -0.1280936 -0.259036 -0.07996362 -0.06182116 -0.1190987 1.01 0 -0.08911881 -0.1715991 -0.4095994 -0.07622361 0 -0.1340141 -0.1348805 -0.09383894 -0.1340141 -0.1280936 -0.08216599 -0.1081796 0 -0.123337 0 -0.1968079 0.009123249 -0.2552984 0.1432553 -0.07232879 -0.1236293 -0.06575915 0 0 0 0.9370923 0 -0.1392119 -0.04202455 -0.123337 -0.123337 -0.1480257 -0.1480257 -0.1389661 -0.2725358 -0.06575915 -0.03663617 -0.148065 -0.1710734 -0.07232879 -0.07534583 -0.2837681 -0.08919769 -0.07534583 -0.04359007 -0.08216599 0 -0.1142931 0 -0.07534583 -0.1390824 0 -0.1741447 0.8417346 -0.2508922 -0.1558239 -0.1558673 0.1361843 0 -0.1403494 -0.1189553 -0.13653 0 -0.04410399 -0.07232879 -0.0775115 -0.1066996 -0.1539047 -0.08392539 -0.2044061 -0.1217832 -0.07094462 -0.1543794 -0.02000018 -0.06575915 -0.2047778 0 0 -0.04407156 -0.08386143 0 0.0175272 0.512421 -0.07534583 -0.101705 -0.1022897 -0.08386143 0 -0.1531139 -0.096488 -0.08386143 0 -0.04147227 0.03583431 -0.0912273 -0.08392539 0 -0.07534583 -0.08832217 0 0 -0.04347141 -0.1029863 0.1747934 -0.1608263 0.2820898 0 -0.1406062 0.1715666 -0.1460132 -0.1551376 -0.0419913 -0.04144579 0.2820898 -0.1550361 -0.1550361 -0.1550361 0.2820898 -0.06581786 -0.06575915 -0.08714248 -0.06326391 -0.07762042 -0.1903654 -0.08991541 0.2820898 0 0.2820898 -0.06575915 0.06474003 0.5137309 0 0.2820898 0.06755901 -0.06575915 -0.06724612 -0.1563655 0.2824317 0.2502178 0.2820898 -0.08863627 -0.07707915 0.2820898 0.2820898 0.1765303 0.2822455 0.1752687 0.2820898 0.2820898 0.2820898 -0.1513013 -0.06575915 0 0.3172697
0 0 0 0 0 0 0 0 0 0 0 0 0 0 0 0 0 0 0 0 0 0 0 1.01 0 0 0 0 0 0 0 0 0 0 0 0 0 0 0 0 0 0 0 0 0 0 0 0 0 0 0 0 0 0 0 0 0 0 0 0 0 0 0 0 0 0 0 0 0 0 0 0 0 0 0 0 0 0 0 0 0 0 0 0 0 0 0 0 0 0 0 0 0 0 0 0 0 0 0 0 0 0 0 0 0 0 0 0 0 0 0 0 0 0 0 0 0 0 0 0 0 0 0 0 0 0 0 0 0 0 0 0 0 0 0 0 0 0 0 0 0 0 0 0 0 0 0 0 0 0 0 0 0 0 0 0 0 0 0 0 0 0 0 0 0 0 0 0 0 0 0 0 0 0 0 0 0 0
-0.01512096 0 -0.06960278 0 -0.05241348 0 0 0 -0.05982191 -0.04085908 -0.07327608 -0.08152133 -0.06506321 -0.01962976 -0.07774359 -0.04471883 -0.1301556 -0.06806531 -0.1465162 -0.04544254 0.7466797 -0.06135885 -0.08911881 0 1.01 -0.1057654 -0.2300728 -0.03338684 0 -0.07327608 -0.07503251 0.9673155 -0.07327608 -0.06806531 -0.06069584 -0.05108018 0 -0.06386176 0 -0.113189 -0.05025011 -0.1435994 0.06827894 -0.03793343 -0.06402223 -0.04677846 0 0 0 -0.08533173 0 -0.07461999 -0.02557643 -0.06386176 -0.06386176 -0.08529133 -0.08529133 -0.07474499 -0.1570256 -0.04677846 -0.02523196 -0.08530894 -0.1143653 -0.03793343 -0.05369497 -0.1859443 -0.07013931 -0.05369497 -0.02717582 -0.06069584 0 -0.05654456 0 -0.05369497 -0.07480747 0 -0.1153394 -0.08290081 -0.1581392 -0.08382492 -0.08384818 -0.02063294 0 -0.07646779 -0.07585843 -0.06562252 0 -0.04085908 -0.03793343 -0.05718597 -0.1681075 -0.1082901 -0.0586508 -0.1892594 -0.06001594 -0.02979249 -0.1125738 -0.08886999 -0.04677846 -0.1895064 0 0 -0.03803336 -0.04567422 0 -0.07818314 -0.1181934 -0.05369497 -0.1243003 -0.1241747 -0.04567422 0 -0.1080736 0.9123651 -0.04567422 0 -0.07798251 -0.04678736 0.9639693 -0.0586508 0 -0.05369497 0.9944603 0 0 -0.02784838 -0.05059305 0.1474877 -0.1130224 0.225698 0 -0.07685529 0.153081 -0.07473555 -0.1096829 -0.0149108 -0.02091103 0.225698 -0.1096297 -0.1096297 -0.1096297 0.225698 -0.03869741 -0.04677846 -0.06008173 -0.03890256 -0.05681246 -0.104507 -0.06406755 0.225698 0 0.225698 -0.04677846 0.02927115 -0.1248594 0 0.225698 0.02865219 -0.04677846 -0.03886839 -0.1043227 0.2250884 0.225779 0.225698 0.9933475 -0.0555826 0.225698 0.225698 0.1406046 0.2253322 0.1528469 0.225698 0.225698 0.225698 -0.1099945 -0.04677846 0 -0.01994116
-0.04122408 0 -0.1143766 0 -0.1156246 0 0 0 0.6442984 -0.06666036 -0.1325271 -0.1726962 0.6958797 -0.04412959 -0.1335468 0.4064551 -0.2626778 -0.1241427 -0.2785541 -0.09147062 -0.0780054 -0.1063084 -0.1715991 0 -0.1057654 1.01 0.4197817 -0.09095333 0 -0.1325271 -0.1347947 -0.1085877 -0.1325271 -0.1241427 0.3194688 -0.1055703 0 -0.1187063 0 -0.2202181 -0.09845852 -0.2746791 -0.6787143 -0.07538871 -0.1175169 0.4117094 0 0 0 -0.1685826 0 -0.1620718 -0.02974242 -0.1187063 -0.1187063 0.1125056 0.1125056 -0.1623163 -0.1093867 0.4117094 -0.04389507 0.1122986 -0.2235781 -0.07538871 0.3482935 0.07591974 0.3771137 0.3482935 -0.06123443 0.3194688 0 -0.09967316 0 0.3482935 -0.1624385 0 -0.2259966 -0.1484697 -0.1132751 -0.1845467 -0.1845847 -0.03419981 0 -0.1646634 -0.1322292 0.7012101 0 -0.06666036 -0.07538871 -0.1030275 -0.1342053 0.2749732 0.315 0.06114847 0.6447555 -0.08824299 -0.227571 -0.1652609 0.4117094 0.06070057 0 0 -0.05116926 -0.1006862 0 -0.1427184 -0.2433556 0.3482935 -0.1825649 -0.1828449 -0.1006862 0 0.2614987 -0.1147418 -0.1006862 0 -0.1743958 -0.1236862 -0.105176 0.315 0 0.3482935 -0.1048905 0 0 -0.05991125 -0.1035149 -0.1333154 0.311061 -0.443592 0 -0.1622486 -0.2593414 -0.146061 0.2711228 -0.04240874 -0.006145343 -0.443592 0.2712544 0.2712544 0.2712544 -0.443592 -0.06190798 0.4117094 0.3024709 -0.05733742 -0.1022289 -0.2092709 -0.1196478 -0.443592 0 -0.443592 0.4117094 0.05061529 -0.244992 0 -0.443592 0.05627844 0.4117094 -0.07644276 0.2640734 -0.4412596 -0.4428836 -0.443592 -0.1052176 0.3422856 -0.443592 -0.443592 -0.2516947 -0.4414752 -0.2555669 -0.443592 -0.443592 -0.443592 0.2708596 0.4117094 0 -0.04953916
0.09854299 0 0.2831664 0 0.2112075 0 0 0 0.2759476 0.1370475 0.3189721 -0.3963732 0.3057305 -0.08535758 0.3245258 0.179796 -0.6058609 0.3041551 0.6291162 -0.1973003 -0.1728999 0.2759068 -0.4095994 0 -0.2300728 0.4197817 1.01 -0.1509492 0 0.3189721 0.3106373 -0.2081583 0.3189721 0.3041551 0.05633609 0.2565694 0 0.2888522 0 0.4828025 -0.2306296 0.6179514 -0.2887762 -0.1725699 0.2892001 0.1833369 0 0 0 -0.3970746 0 0.3250475 -0.09703364 0.2888522 0.2888522 0.3631123 0.3631123 0.3249428 0.6688829 0.1833369 -0.08658276 0.3632048 0.4684096 -0.1725699 0.2043585 0.6713703 0.08841729 0.2043585 0.1178546 0.05633609 0 0.2591395 0 0.2043585 0.3248905 0 0.4499165 -0.3587117 0.6573631 -0.09409685 -0.0940495 -0.08090886 0 0.3279156 0.3180201 0.3110944 0 0.1370475 -0.1725699 0.2433257 0.5834418 0.330413 0.05141767 0.6232856 0.2856921 -0.1786631 -0.2616944 0.1296846 0.1833369 0.6241726 0 0 0.1253316 -0.1958113 0 0.2395797 -0.5235159 0.2043585 0.4277077 0.4264211 -0.1958113 0 0.3106818 -0.2451185 -0.1958113 0 -0.366125 -0.2802016 -0.2330537 0.05141767 0 0.2043585 -0.227155 0 0 0.1161688 0.2516099 -0.5207481 0.3401288 -0.7655694 0 0.3138261 -0.5509114 0.01605269 0.3255761 0.09769379 -0.07411282 -0.7655694 0.3255906 0.3255906 0.3255906 -0.7655694 -0.1550942 0.1833369 0.05782958 -0.1463542 0.237754 -0.2060299 0.2679219 -0.7655694 0 -0.7655694 0.1833369 -0.04692203 -0.5363597 0 -0.7655694 -0.05899546 0.1833369 -0.17368 0.3118997 -0.7647114 -0.7429732 -0.7655694 -0.2278858 0.1957497 -0.7655694 -0.7655694 -0.5534087 -0.7650851 -0.5558886 -0.7655694 -0.7655694 -0.7655694 0.3240731 0.1833369 0 -0.1404764
-0.01345466 0 -0.05435213 0 -0.04298236 0 0 0 -0.05234116 -0.02596719 -0.000201964 0.4096998 -0.05743862 -0.01267849 -0.05950209 -0.04002986 0.2579345 0.004856927 -0.07530637 -0.02835562 -0.02277278 0.01916694 -0.07622361 0 -0.03338684 -0.09095333 -0.1509492 1.01 0 -0.000201964 -0.002352351 0.04508321 -0.000201964 0.004856927 -0.05277277 -0.04174382 0 0.01137928 0 -0.08592398 -0.03166478 -0.07216893 0.05848432 -0.03572808 0.01115486 -0.04173595 0 0 0 -0.07241795 0 -0.05618251 0.002683753 0.01137928 0.01137928 -0.01740276 -0.01740276 -0.05628797 -0.08586161 -0.04173595 -0.01841799 -0.01744977 -0.08823419 -0.03572808 -0.04456391 -0.1129715 -0.0578014 -0.04456391 -0.02886288 -0.05277277 0 0.02726244 0 -0.04456391 -0.05634069 0 -0.0922477 -0.06969215 -0.08805541 -0.07242453 -0.07244237 0.1121686 0 -0.05721819 -0.05917745 -0.05653354 0 -0.02596719 -0.03572808 0.02119914 -0.1018175 -0.04804154 -0.05245124 -0.1203503 -0.0499314 0.9501082 -0.09232349 -0.07763912 -0.04173595 -0.1201356 0 0 -0.02151464 -0.04733243 0 -0.06687767 0.2816343 -0.04456391 -0.09787348 -0.09149084 -0.04733243 0 -0.04720115 -0.0376504 -0.04733243 0 0.4014582 0.5878462 0.03992767 -0.05245124 0 -0.04456391 -0.03269702 0 0 -0.02789415 -0.04207257 0.1077893 -0.05144817 0.1513851 0 -0.05756157 0.1226448 -0.06871648 -0.04858393 -0.01328359 -0.01304133 0.1513851 -0.04853766 -0.04853766 -0.04853766 0.1513851 -0.02831003 -0.04173595 -0.05406099 -0.01974441 0.02374748 -0.08785145 0.009214849 0.1513851 0 0.1513851 -0.04173595 0.02310106 0.2825242 0 0.1513851 0.01866187 -0.04173595 -0.03647178 -0.05065439 0.1508908 0.1512451 0.1513851 -0.03284283 -0.04471737 0.1513851 0.1513851 0.1228551 0.1510757 0.1233694 0.1513851 0.1513851 0.1513851 -0.04890331 -0.04173595 0 -0.02973599
