1.01 0 0 0 0 0 0 0 0 0 0 0 0 0 0 0 0 0 0 0 0 0 0 0 0 0 0 0 0 0 0 0 0 0 0 0 0 0 0 0 0 0 0 0 0 0 0 0 0 0 0 0 0 0 0 0 0 0 0 0 0 0 0 0 0 0 0 0 0 0 0 0 0 0 0 0 0 0 0 0 0 0 0 0 0 0 0 0 0 0 0 0 0 0 0 0 0 0 0 0 0 0 0 0 0 0 0 0 0 0 0 0 0 0 0 0 0 0 0 0 0 0 0 0 0 0 0 0 0 0 0 0 0 0 0 0 0 0 0 0 0 0 0 0 0 0 0 0 0 0 0 0 0
0 1.01 0 0 0 0 0 0 0 0 0 0 0 0 0 0 0 0 0 0 0 0 0 0 0 0 0 0 0 0 0 0 0 0 0 0 0 0 0 0 0 0 0 0 0 0 0 0 0 0 0 0 0 0 0 0 0 0 0 0 0 0 0 0 0 0 0 0 0 0 0 0 0 0 0 0 0 0 0 0 0 0 0 0 0 0 0 0 0 0 0 0 0 0 0 0 0 0 0 0 0 0 0 0 0 0 0 0 0 0 0 0 0 0 0 0 0 0 0 0 0 0 0 0 0 0 0 0 0 0 0 0 0 0 0 0 0 0 0 0 0 0 0 0 0 0 0 0 0 0 0 0 0
0 0 1.01 0 0 0 0 0 0 0 0 0 -0.06705455 0.3388233 0 0.3388233 -0.01896581 -0.05940864 0 -0.1388608 0.06656206 -0.01104714 -0.1388608 0 0.3388233 0 -0.08492032 0 -0.01475928 0.3388233 -0.1388608 0 0 0 0 -0.02645213 0 -0.1385019 -0.1388608 -0.08447394 0 -0.1388608 -0.02869939 -0.03572884 0 0 0 -0.05210102 0 0 0.3388233 -0.08252687 -0.02355642 0.3381063 0.352472 -0.02437515 -0.114816 0.08344652 -0.05143727 0 0.1708017 -0.007279484 0 -0.06542749 0.3368865 0 0.340369 -0.008376497 0 -0.06401448 0 -0.09550667 -0.08223664 0 0 0 -0.03084993 0 0 -0.02000192 0 0 0 -0.01364475 0 0 0.1341474 0 0 0.133888 0 0 -0.04033198 -0.04196687 0 0 0 -0.04033198 0 0 -0.03866342 0 -0.03375154 -0.03865061 0.1345682 -0.03866342 0.133888 0 0 0 0.1350766 -0.01017215 -0.00520302 -0.03567874 -0.03842648 0 -0.03852887 0 -0.03852887 -0.03729286 0.04623908 0 -0.02920691 0 0 0 -0.03621279 -0.03550923 0 -0.061686 0 -0.03854906 0 0 0 0 0.09089036 0 -0.03787988 -0.03794359 0.04571398 -0.03954183 -0.03679146 -0.03794359 0 0 -0.03785401 0 -0.03787988 -0.03806999 -0.03787988 -0.03787988 -0.03773112
0 0 0 1.01 0 0 0 0 0 0 0 0 0 0 0 0 0 0 0 0 0 0 0 0 0 0 0 0 0 0 0 0 0 0 0 0 0 0 0 0 0 0 0 0 0 0 0 0 0 0 0 0 0 0 0 0 0 0 0 0 0 0 0 0 0 0 0 0 0 0 0 0 0 0 0 0 0 0 0 0 0 0 0 0 0 0 0 0 0 0 0 0 0 0 0 0 0 0 0 0 0 0 0 0 0 0 0 0 0 0 0 0 0 0 0 0 0 0 0 0 0 0 0 0 0 0 0 0 0 0 0 0 0 0 0 0 0 0 0 0 0 0 0 0 0 0 0 0 0 0 0 0 0
0 0 0 0 1.01 0 0 0 0 0 0 0 0 0 0 0 0 0 0 0 0 0 0 0 0 0 0 0 0 0 0 0 0 0 0 0 0 0 0 0 0 0 0 0 0 0 0 0 0 0 0 0 0 0 0 0 0 0 0 0 0 0 0 0 0 0 0 0 0 0 0 0 0 0 0 0 0 0 0 0 0 0 0 0 0 0 0 0 0 0 0 0 0 0 0 0 0 0 0 0 0 0 0 0 0 0 0 0 0 0 0 0 0 0 0 0 0 0 0 0 0 0 0 0 0 0 0 0 0 0 0 0 0 0 0 0 0 0 0 0 0 0 0 0 0 0 0 0 0 0 0 0 0
0 0 0 0 0 1.01 0 0 0 0 0 0 0 0 0 0 0 0 0 0 0 0 0 0 0 0 0 0 0 0 0 0 0 0 0 0 0 0 0 0 0 0 0 0 0 0 0 0 0 0 0 0 0 0 0 0 0 0 0 0 0 0 0 0 0 0 0 0 0 0 0 0 0 0 0 0 0 0 0 0 0 0 0 0 0 0 0 0 0 0 0 0 0 0 0 0 0 0 0 0 0 0 0 0 0 0 0 0 0 0 0 0 0 0 0 0 0 0 0 0 0 0 0 0 0 0 0 0 0 0 0 0 0 0 0 0 0 0 0 0 0 0 0 0 0 0 0 0 0 0 0 0 0
0 0 0 0 0 0 1.01 0 0 0 0 0 0 0 0 0 0 0 0 0 0 0 0 0 0 0 0 0 0 0 0 0 0 0 0 0 0 0 0 0 0 0 0 0 0 0 0 0 0 0 0 0 0 0 0 0 0 0 0 0 0 0 0 0 0 0 0 0 0 0 0 0 0 0 0 0 0 0 0 0 0 0 0 0 0 0 0 0 0 0 0 0 0 0 0 0 0 0 0 0 0 0 0 0 0 0 0 0 0 0 0 0 0 0 0 0 0 0 0 0 0 0 0 0 0 0 0 0 0 0 0 0 0 0 0 0 0 0 0 0 0 0 0 0 0 0 0 0 0 0 0 0 0
0 0 0 0 0 0 0 1.01 0 0 0 0 0 0 0 0 0 0 0 0 0 0 0 0 0 0 0 0 0 0 0 0 0 0 0 0 0 0 0 0 0 0 0 0 0 0 0 0 0 0 0 0 0 0 0 0 0 0 0 0 0 0 0 0 0 0 0 0 0 0 0 0 0 0 0 0 0 0 0 0 0 0 0 0 0 0 0 0 0 0 0 0 0 0 0 0 0 0 0 0 0 0 0 0 0 0 0 0 0 0 0 0 0 0 0 0 0 0 0 0 0 0 0 0 0 0 0 0 0 0 0 0 0 0 0 0 0 0 0 0 0 0 0 0 0 0 0 0 0 0 0 0 0
0 0 0 0 0 0 0 0 1.01 0 0 0 0 0 0 0 0 0 0 0 0 0 0 0 0 0 0 0 0 0 0 0 0 0 0 0 0 0 0 0 0 0 0 0 0 0 0 0 0 0 0 0 0 0 0 0 0 0 0 0 0 0 0 0 0 0 0 0 0 0 0 0 0 0 0 0 0 0 0 0 0 0 0 0 0 0 0 0 0 0 0 0 0 0 0 0 0 0 0 0 0 0 0 0 0 0 0 0 0 0 0 0 0 0 0 0 0 0 0 0 0 0 0 0 0 0 0 0 0 0 0 0 0 0 0 0 0 0 0 0 0 0 0 0 0 0 0 0 0 0 0 0 0
0 0 0 0 0 0 0 0 0 1.01 0 0 0 0 0 0 0 0 0 0 0 0 0 0 0 0 0 0 0 0 0 0 0 0 0 0 0 0 0 0 0 0 0 0 0 0 0 0 0 0 0 0 0 0 0 0 0 0 0 0 0 0 0 0 0 0 0 0 0 0 0 0 0 0 0 0 0 0 0 0 0 0 0 0 0 0 0 0 0 0 0 0 0 0 0 0 0 0 0 0 0 0 0 0 0 0 0 0 0 0 0 0 0 0 0 0 0 0 0 0 0 0 0 0 0 0 0 0 0 0 0 0 0 0 0 0 0 0 0 0 0 0 0 0 0 0 0 0 0 0 0 0 0
0 0 0 0 0 0 0 0 0 0 1.01 0 0 0 0 0 0 0 0 0 0 0 0 0 0 0 0 0 0 0 0 0 0 0 0 0 0 0 0 0 0 0 0 0 0 0 0 0 0 0 0 0 0 0 0 0 0 0 0 0 0 0 0 0 0 0 0 0 0 0 0 0 0 0 0 0 0 0 0 0 0 0 0 0 0 0 0 0 0 0 0 0 0 0 0 0 0 0 0 0 0 0 0 0 0 0 0 0 0 0 0 0 0 0 0 0 0 0 0 0 0 0 0 0 0 0 0 0 0 0 0 0 0 0 0 0 0 0 0 0 0 0 0 0 0 0 0 0 0 0 0 0 0
0 0 0 0 0 0 0 0 0 0 0 1.01 0 0 0 0 0 0 0 0 0 0 0 0 0 0 0 0 0 0 0 0 0 0 0 0 0 0 0 0 0 0 0 0 0 0 0 0 0 0 0 0 0 0 0 0 0 0 0 0 0 0 0 0 0 0 0 0 0 0 0 0 0 0 0 0 0 0 0 0 0 0 0 0 0 0 0 0 0 0 0 0 0 0 0 0 0 0 0 0 0 0 0 0 0 0 0 0 0 0 0 0 0 0 0 0 0 0 0 0 0 0 0 0 0 0 0 0 0 0 0 0 0 0 0 0 0 0 0 0 0 0 0 0 0 0 0 0 0 0 0 0 0
0 0 -0.06705455 0 0 0 0 0 0 0 0 0 1.01 -0.2248888 0 -0.2248888 0.1460705 -0.3753176 0 0.5254647 0.424084 -0.07879044 0.5254647 0 -0.2248888 0 0.856161 0 -0.1147757 -0.2248888 0.5254647 0 0 0 0 -0.1681705 0 0.5255508 0.5254647 0.8543311 0 0.5254647 -0.1871386 -0.1992489 0 0 0 -0.3288329 0 0 -0.2248888 0.4172238 -0.12912 -0.2246454 -0.2177031 -0.1609132 0.5958281 0.4893222 -0.3300943 0 -0.4261148 -0.1287672 0 0.9204422 -0.2205804 0 -0.2173502 -0.063003 0 0.7145709 0 0.1674187 0.2366688 0 0 0 -0.1519462 0 0 0.03773311 0 0 0 -0.01427578 0 0 0.2341007 0 0 0.2333251 0 0 0.07155155 -0.1698658 0 0 0 0.07155155 0 0 -0.1438335 0 -0.1677066 -0.1906396 0.2299568 -0.1438335 0.2333251 0 0 0 0.2266165 0.1384207 -0.054409 -0.1539421 -0.1556132 0 0.07982591 0 0.07982591 -0.14384 0.051151 0 0.03602612 0 0 0 -0.1519502 -0.1582375 0 -0.0515111 0 -0.1901728 0 0 0 0 0.2558421 0 -0.1641237 -0.1637362 0.03163844 -0.1483504 -0.1564785 -0.1637362 0 0 -0.1639432 0 -0.1641237 -0.1531572 -0.1641237 -0.1641237 -0.1584442
0 0 0.3388233 0 0 0 0 0 0 0 0 0 -0.2248888 1.01 0 1 -0.03786709 -0.1689281 0 -0.4173101 0.1883697 -0.03097553 -0.4173101 0 1 0 -0.2646908 0 -0.04860358 1 -0.4173101 0 0 0 0 -0.07606333 0 -0.4169528 -0.4173101 -0.263353 0 -0.4173101 0.818414 -0.0956383 0 0 0 -0.1458205 0 0 1 -0.2905668 -0.06503435 0.9984825 0.9629373 -0.07126899 -0.3591057 0.2258535 -0.1465874 0 0.5117519 -0.04425979 0 -0.2113675 0.9954682 0 0.9850523 -0.03530311 0 -0.1764589 0 0.08344054 0.1352499 0 0 0 0.281653 0 0 -0.05183166 0 0 0 -0.01515742 0 0 -0.0246793 0 0 -0.02265002 0 0 -0.1264257 0.002049996 0 0 0 -0.1264257 0 0 0.002088107 0 -0.0009024073 0.250251 -0.02135415 0.002088107 -0.02265002 0 0 0 -0.01141427 -0.05212404 -0.004308884 -0.02182882 -0.002826142 0 -0.1354563 0 -0.1354563 0.002940951 0.06056538 0 -0.06911139 0 0 0 -0.04798942 -0.02069578 0 -0.1168532 0 0.2500104 0 0 0 0 -0.1242627 0 0.000688284 0.0009049229 0.06437197 -0.0006574259 0.005759983 0.0009049229 0 0 0.0007734073 0 0.000688284 0.2339137 0.000688284 0.000688284 -0.02652143
0 0 0 0 0 0 0 0 0 0 0 0 0 0 1.01 0 0 0 0 0 0 0 0 0 0 0 0 0 0 0 0 0 0 0 0 0 0 0 0 0 0 0 0 0 0 0 0 0 0 0 0 0 0 0 0 0 0 0 0 0 0 0 0 0 0 0 0 0 0 0 0 0 0 0 0 0 0 0 0 0 0 0 0 0 0 0 0 0 0 0 0 0 0 0 0 0 0 0 0 0 0 0 0 0 0 0 0 0 0 0 0 0 0 0 0 0 0 0 0 0 0 0 0 0 0 0 0 0 0 0 0 0 0 0 0 0 0 0 0 0 0 0 0 0 0 0 0 0 0 0 0 0 0
0 0 0.3388233 0 0 0 0 0 0 0 0 0 -0.2248888 1 0 1.01 -0.03786709 -0.1689281 0 -0.4173101 0.1883697 -0.03097553 -0.4173101 0 1 0 -0.2646908 0 -0.04860358 1 -0.4173101 0 0 0 0 -0.07606333 0 -0.4169528 -0.4173101 -0.263353 0 -0.4173101 0.818414 -0.0956383 0 0 0 -0.1458205 0 0 1 -0.2905668 -0.06503435 0.9984825 0.9629373 -0.07126899 -0.3591057 0.2258535 -0.1465874 0 0.5117519 -0.04425979 0 -0.2113675 0.9954682 0 0.9850523 -0.03530311 0 -0.1764589 0 0.08344054 0.1352499 0 0 0 0.281653 0 0 -0.05183166 0 0 0 -0.01515742 0 0 -0.0246793 0 0 -0.02265002 0 0 -0.1264257 0.002049996 0 0 0 -0.1264257 0 0 0.002088107 0 -0.0009024073 0.250251 -0.02135415 0.002088107 -0.02265002 0 0 0 -0.01141427 -0.05212404 -0.004308884 -0.02182882 -0.002826142 0 -0.1354563 0 -0.1354563 0.002940951 0.06056538 0 -0.06911139 0 0 0 -0.04798942 -0.02069578 0 -0.1168532 0 0.2500104 0 0 0 0 -0.1242627 0 0.000688284 0.0009049229 0.06437197 -0.0006574259 0.005759983 0.0009049229 0 0 0.0007734073 0 0.000688284 0.2339137 0.000688284 0.000688284 -0.02652143
0 0 -0.01896581 0 0 0 0 0 0 0 0 0 0.1460705 -0.03786709 0 -0.03786709 1.01 -0.06064001 0 0.08237938 0.06481659 -0.01310522 0.08237938 0 -0.03786709 0 0.1334078 0 -0.01079574 -0.03786709 0.08237938 0 0 0 0 -0.03240724 0 0.08091081 0.08237938 0.1339471 0 0.08237938 -0.03278427 -0.03832366 0 0 0 -0.04648661 0 0 -0.03786709 0.09313689 -0.0265969 -0.0380013 -0.03431877 -0.03230147 0.08490203 0.06654875 -0.04708802 0 -0.0638785 -0.01834926 0 -0.08513643 -0.03669301 0 -0.03578357 -0.009837498 0 -0.07832592 0 -0.06314245 -0.04289052 0 0 0 -0.0482338 0 0 0.183178 0 0 0 0.02348155 0 0 0.006596219 0 0 0.007367689 0 0 0.05376212 0.04320101 0 0 0 0.05376212 0 0 -0.03511466 0 -0.02265419 -0.05069666 0.006982792 -0.03511466 0.007367689 0 0 0 0.01158391 0.1175105 0.1608859 0.03803315 0.03953192 0 0.04755368 0 0.04755368 -0.03515781 0.05326887 0 -0.02585102 0 0 0 0.0398564 0.04213535 0 0.07072142 0 -0.05060019 0 0 0 0 0.05242544 0 0.03969014 0.03957749 0.05781638 -0.0350764 0.03875843 0.03957749 0 0 0.03972287 0 0.03969014 -0.05285087 0.03969014 0.03969014 0.03803873
0 0 -0.05940864 0 0 0 0 0 0 0 0 0 -0.3753176 -0.1689281 0 -0.1689281 -0.06064001 1.01 0 0.4288173 0.3554162 0.2111541 0.4288173 0 -0.1689281 0 -0.4366416 0 -0.08712834 -0.1689281 0.4288173 0 0 0 0 0.4503202 0 0.4239712 0.4288173 -0.4357155 0 0.4288173 -0.1377907 0.5159204 0 0 0 0.8282777 0 0 -0.1689281 0.3149265 0.3543568 -0.1692165 -0.160864 0.4306992 0.4881641 0.4071956 0.8248317 0 0.6088762 -0.1019785 0 -0.3519631 -0.1703008 0 -0.1677525 -0.06057659 0 -0.2456274 0 -0.05533544 -0.02294312 0 0 0 0.06658657 0 0 0.01445136 0 0 0 -0.07416789 0 0 -0.1027338 0 0 -0.1027546 0 0 -0.1128688 0.1608912 0 0 0 -0.1128688 0 0 0.1829226 0 0.1103578 0.1113328 -0.1018835 0.1829226 -0.1027546 0 0 0 -0.09382541 -0.08526462 -0.006569039 0.1605793 0.1556918 0 -0.1210475 0 -0.1210475 0.1824713 0.002551381 0 0.06151607 0 0 0 0.1691443 0.1614235 0 0.01450448 0 0.1105948 0 0 0 0 -0.1769702 0 0.1463466 0.1461322 -8.007339e-05 0.1649782 0.1394469 0.1461322 0 0 0.1458733 0 0.1463466 0.09074923 0.1463466 0.1463466 0.1523157
0 0 0 0 0 0 0 0 0 0 0 0 0 0 0 0 0 0 1.01 0 0 0 0 0 0 0 0 0 0 0 0 0 0 0 0 0 0 0 0 0 0 0 0 0 0 0 0 0 0 0 0 0 0 0 0 0 0 0 0 0 0 0 0 0 0 0 0 0 0 0 0 0 0 0 0 0 0 0 0 0 0 0 0 0 0 0 0 0 0 0 0 0 0 0 0 0 0 0 0 0 0 0 0 0 0 0 0 0 0 0 0 0 0 0 0 0 0 0 0 0 0 0 0 0 0 0 0 0 0 0 0 0 0 0 0 0 0 0 0 0 0 0 0 0 0 0 0 0 0 0 0 0 0
0 0 -0.1388608 0 0 0 0 0 0 0 0 0 0.5254647 -0.4173101 0 -0.4173101 0.08237938 0.4288173 0 1.01 0.8138871 0.09134659 1 0 -0.4173101 0 0.6124184 0 -0.206571 -0.4173101 1 0 0 0 0 0.1944614 0 0.9959542 1 0.6117742 0 1 -0.3426507 0.2237176 0 0 0 0.3636055 0 0 -0.4173101 0.7834648 0.1529169 -0.417511 -0.402912 0.1852087 0.8571159 0.6456082 0.3585052 0 0.05017822 -0.2361234 0 0.4867922 -0.413864 0 -0.4090843 -0.1287378 0 0.3718382 0 0.01231655 0.1130391 0 0 0 -0.1416673 0 0 0.04563039 0 0 0 -0.08608765 0 0 0.1055105 0 0 0.1053543 0 0 -0.0440411 0.005618459 0 0 0 -0.0440411 0 0 0.0006309841 0 -0.06670378 -0.1414867 0.1034352 0.0006309841 0.1053543 0 0 0 0.1103734 0.05862625 0.04498699 0.01995169 0.01205104 0 -0.04684355 0 -0.04684355 0.000151015 -0.01617743 0 0.07114263 0 0 0 0.03218715 0.0166458 0 -0.03242 0 -0.1415442 0 0 0 0 0.05529253 0 -0.003817958 -0.003769453 -0.03632328 -0.02068344 -0.00385326 -0.003769453 0 0 -0.004019987 0 -0.003817958 -0.1115377 -0.003817958 -0.003817958 0.008731853
0 0 0.06656206 0 0 0 0 0 0 0 0 0 0.424084 0.1883697 0 0.1883697 0.06481659 0.3554162 0 0.8138871 1.01 0.07891357 0.8138871 0 0.1883697 0 0.492607 0 -0.2543155 0.1883697 0.8138871 0 0 0 0 0.1615222 0 0.8097432 0.8138871 0.492766 0 0.8138871 0.1529559 0.1806239 0 0 0 0.2997161 0 0 0.1883697 0.6609122 0.1236767 0.1871823 0.1802335 0.1545882 0.696686 0.8421071 0.2937139 0 0.3814187 -0.2834755 0 0.3909357 0.1891965 0 0.1877024 -0.1616977 0 0.2890244 0 0.0666586 0.2086336 0 0 0 0.0269769 0 0 0.01617376 0 0 0 -0.1027256 0 0 0.09824594 0 0 0.09937461 0 0 -0.128426 0.007382525 0 0 0 -0.128426 0 0 0.002016944 0 -0.07266349 0.007095126 0.09812911 0.002016944 0.09937461 0 0 0 0.1119824 0.0300314 0.04586237 0.007605347 0.01121661 0 -0.1372284 0 -0.1372284 0.002043514 0.0212399 0 0.03269685 0 0 0 0.004102253 0.004757106 0 -0.1097469 0 0.006879163 0 0 0 0 -0.0196936 0 -0.003685995 -0.003495067 0.001902121 -0.02277285 -0.0004815292 -0.003495067 0 0 -0.003849904 0 -0.003685995 0.0290155 -0.003685995 -0.003685995 -0.007520132
0 0 -0.01104714 0 0 0 0 0 0 0 0 0 -0.07879044 -0.03097553 0 -0.03097553 -0.01310522 0.2111541 0 0.09134659 0.07891357 1.01 0.09134659 0 -0.03097553 0 -0.09289127 0 -0.02613328 -0.03097553 0.09134659 0 0 0 0 0.4944904 0 0.0918348 0.09134659 -0.09318233 0 0.09134659 -0.03652507 -0.04018252 0 0 0 -0.06805866 0 0 -0.03097553 0.107062 -0.0321777 -0.03114623 -0.02954716 0.5056665 0.104762 0.09042994 -0.06870214 0 -0.07926019 -0.02135362 0 -0.07004967 -0.0315054 0 -0.03325101 -0.02273391 0 -0.07182876 0 0.103472 0.1270352 0 0 0 -0.04470857 0 0 -0.01312011 0 0 0 -0.0120672 0 0 -0.07101037 0 0 -0.07034961 0 0 -0.04778228 0.2217556 0 0 0 -0.04778228 0 0 0.23469 0 0.3480846 -0.05770349 -0.07060806 0.23469 -0.07034961 0 0 0 -0.0665054 -0.02235853 0.01490555 0.2195242 0.2186815 0 -0.05165353 0 -0.05165353 0.2344587 0.02392334 0 -0.03279531 0 0 0 0.2205742 0.217939 0 0.1202631 0 -0.05759467 0 0 0 0 -0.1013447 0 0.2156763 0.2154531 0.02267147 0.2242596 0.211875 0.2154531 0 0 0.2157244 0 0.2156763 -0.05584961 0.2156763 0.2156763 0.217104
0 0 -0.1388608 0 0 0 0 0 0 0 0 0 0.5254647 -0.4173101 0 -0.4173101 0.08237938 0.4288173 0 1 0.8138871 0.09134659 1.01 0 -0.4173101 0 0.6124184 0 -0.206571 -0.4173101 1 0 0 0 0 0.1944614 0 0.9959542 1 0.6117742 0 1 -0.3426507 0.2237176 0 0 0 0.3636055 0 0 -0.4173101 0.7834648 0.1529169 -0.417511 -0.402912 0.1852087 0.8571159 0.6456082 0.3585052 0 0.05017822 -0.2361234 0 0.4867922 -0.413864 0 -0.4090843 -0.1287378 0 0.3718382 0 0.01231655 0.1130391 0 0 0 -0.1416673 0 0 0.04563039 0 0 0 -0.08608765 0 0 0.1055105 0 0 0.1053543 0 0 -0.0440411 0.005618459 0 0 0 -0.0440411 0 0 0.0006309841 0 -0.06670378 -0.1414867 0.1034352 0.0006309841 0.1053543 0 0 0 0.1103734 0.05862625 0.04498699 0.01995169 0.01205104 0 -0.04684355 0 -0.04684355 0.000151015 -0.01617743 0 0.07114263 0 0 0 0.03218715 0.0166458 0 -0.03242 0 -0.1415442 0 0 0 0 0.05529253 0 -0.003817958 -0.003769453 -0.03632328 -0.02068344 -0.00385326 -0.003769453 0 0 -0.004019987 0 -0.003817958 -0.1115377 -0.003817958 -0.003817958 0.008731853
0 0 0 0 0 0 0 0 0 0 0 0 0 0 0 0 0 0 0 0 0 0 0 1.01 0 0 0 0 0 0 0 0 0 0 0 0 0 0 0 0 0 0 0 0 0 0 0 0 0 0 0 0 0 0 0 0 0 0 0 0 0 0 0 0 0 0 0 0 0 0 0 0 0 0 0 0 0 0 0 0 0 0 0 0 0 0 0 0 0 0 0 0 0 0 0 0 0 0 0 0 0 0 0 0 0 0 0 0 0 0 0 0 0 0 0 0 0 0 0 0 0 0 0 0 0 0 0 0 0 0 0 0 0 0 0 0 0 0 0 0 0 0 0 0 0 0 0 0 0 0 0 0 0
0 0 0.3388233 0 0 0 0 0 0 0 0 0 -0.2248888 1 0 1 -0.03786709 -0.1689281 0 -0.4173101 0.1883697 -0.03097553 -0.4173101 0 1.01 0 -0.2646908 0 -0.04860358 1 -0.4173101 0 0 0 0 -0.07606333 0 -0.4169528 -0.4173101 -0.263353 0 -0.4173101 0.818414 -0.0956383 0 0 0 -0.1458205 0 0 1 -0.2905668 -0.06503435 0.9984825 0.9629373 -0.07126899 -0.3591057 0.2258535 -0.1465874 0 0.5117519 -0.04425979 0 -0.2113675 0.9954682 0 0.9850523 -0.03530311 0 -0.1764589 0 0.08344054 0.1352499 0 0 0 0.281653 0 0 -0.05183166 0 0 0 -0.01515742 0 0 -0.0246793 0 0 -0.02265002 0 0 -0.1264257 0.002049996 0 0 0 -0.1264257 0 0 0.002088107 0 -0.0009024073 0.250251 -0.02135415 0.002088107 -0.02265002 0 0 0 -0.01141427 -0.05212404 -0.004308884 -0.02182882 -0.002826142 0 -0.1354563 0 -0.1354563 0.002940951 0.06056538 0 -0.06911139 0 0 0 -0.04798942 -0.02069578 0 -0.1168532 0 0.2500104 0 0 0 0 -0.1242627 0 0.000688284 0.0009049229 0.06437197 -0.0006574259 0.005759983 0.0009049229 0 0 0.0007734073 0 0.000688284 0.2339137 0.000688284 0.000688284 -0.02652143
0 0 0 0 0 0 0 0 0 0 0 0 0 0 0 0 0 0 0 0 0 0 0 0 0 1.01 0 0 0 0 0 0 0 0 0 0 0 0 0 0 0 0 0 0 0 0 0 0 0 0 0 0 0 0 0 0 0 0 0 0 0 0 0 0 0 0 0 0 0 0 0 0 0 0 0 0 0 0 0 0 0 0 0 0 0 0 0 0 0 0 0 0 0 0 0 0 0 0 0 0 0 0 0 0 0 0 0 0 0 0 0 0 0 0 0 0 0 0 0 0 0 0 0 0 0 0 0 0 0 0 0 0 0 0 0 0 0 0 0 0 0 0 0 0 0 0 0 0 0 0 0 0 0
0 0 -0.08492032 0 0 0 0 0 0 0 0 0 0.856161 -0.2646908 0 -0.2646908 0.1334078 -0.4366416 0 0.6124184 0.492607 -0.09289127 0.6124184 0 -0.2646908 0 1.01 0 -0.1267594 -0.2646908 0.6124184 0 0 0 0 -0.1990163 0 0.6128551 0.6124184 0.9977059 0 0.6124184 -0.2185289 -0.2297837 0 0 0 -0.3827725 0 0 -0.2646908 0.4968972 -0.1566729 -0.2646334 -0.2575884 -0.1910083 0.4158016 0.2773967 -0.3844836 0 -0.4982775 -0.1441532 0 0.7979216 -0.2600646 0 -0.2575866 -0.07167683 0 0.5925066 0 0.06345334 0.1345061 0 0 0 -0.1977762 0 0 0.03549861 0 0 0 -0.0208147 0 0 0.1939963 0 0 0.1938654 0 0 0.04333271 -0.1320985 0 0 0 0.04333271 0 0 -0.156217 0 -0.1632485 -0.2361394 0.191187 -0.156217 0.1938654 0 0 0 0.1910333 0.1348991 0.05126368 -0.1176249 -0.1211516 0 0.04805466 0 0.04805466 -0.1562977 -0.02625306 0 0.01679828 0 0 0 -0.1133194 -0.1219194 0 -0.05223822 0 -0.2355523 0 0 0 0 0.1995908 0 -0.1289504 -0.1287142 -0.04418695 -0.1618657 -0.1229217 -0.1287142 0 0 -0.1287367 0 -0.1289504 -0.1874572 -0.1289504 -0.1289504 -0.1217721
0 0 0 0 0 0 0 0 0 0 0 0 0 0 0 0 0 0 0 0 0 0 0 0 0 0 0 1.01 0 0 0 0 0 0 0 0 0 0 0 0 0 0 0 0 0 0 0 0 0 0 0 0 0 0 0 0 0 0 0 0 0 0 0 0 0 0 0 0 0 0 0 0 0 0 0 0 0 0 0 0 0 0 0 0 0 0 0 0 0 0 0 0 0 0 0 0 0 0 0 0 0 0 0 0 0 0 0 0 0 0 0 0 0 0 0 0 0 0 0 0 0 0 0 0 0 0 0 0 0 0 0 0 0 0 0 0 0 0 0 0 0 0 0 0 0 0 0 0 0 0 0 0 0
0 0 -0.01475928 0 0 0 0 0 0 0 0 0 -0.1147757 -0.04860358 0 -0.04860358 -0.01079574 -0.08712834 0 -0.206571 -0.2543155 -0.02613328 -0.206571 0 -0.04860358 0 -0.1267594 0 1.01 -0.04860358 -0.206571 0 0 0 0 -0.03770409 0 -0.2060651 -0.206571 -0.1275381 0 -0.206571 -0.04087855 -0.03899869 0 0 0 -0.0751621 0 0 -0.04860358 -0.1771058 -0.02891496 -0.04878486 -0.04383605 -0.03777316 -0.1823415 -0.2194731 -0.07504661 0 -0.09599141 -0.03079613 0 -0.1080754 -0.04797911 0 -0.04796909 -0.007538078 0 -0.0874097 0 0.01122827 0.01114881 0 0 0 -0.06038914 0 0 -0.01809006 0 0 0 0.08200181 0 0 -0.03163844 0 0 -0.03191176 0 0 0.03451356 -0.01188482 0 0 0 0.03451356 0 0 -0.001388205 0 -0.0237005 -0.03973794 -0.03336711 -0.001388205 -0.03191176 0 0 0 -0.02602351 -0.02926666 -0.02668207 -0.01304189 -0.01265067 0 0.02645763 0 0.02645763 -0.001475722 -0.05473962 0 0.1114418 0 0 0 -0.01157088 0.002402716 0 0.01270053 0 -0.03957604 0 0 0 0 0.002047543 0 -0.01570971 -0.01488916 -0.05536236 -0.005665937 -0.01712701 -0.01488916 0 0 -0.01567063 0 -0.01570971 -0.03451571 -0.01570971 -0.01570971 -0.01528019
0 0 0.3388233 0 0 0 0 0 0 0 0 0 -0.2248888 1 0 1 -0.03786709 -0.1689281 0 -0.4173101 0.1883697 -0.03097553 -0.4173101 0 1 0 -0.2646908 0 -0.04860358 1.01 -0.4173101 0 0 0 0 -0.07606333 0 -0.4169528 -0.4173101 -0.263353 0 -0.4173101 0.818414 -0.0956383 0 0 0 -0.1458205 0 0 1 -0.2905668 -0.06503435 0.9984825 0.9629373 -0.07126899 -0.3591057 0.2258535 -0.1465874 0 0.5117519 -0.04425979 0 -0.2113675 0.9954682 0 0.9850523 -0.03530311 0 -0.1764589 0 0.08344054 0.1352499 0 0 0 0.281653 0 0 -0.05183166 0 0 0 -0.01515742 0 0 -0.0246793 0 0 -0.02265002 0 0 -0.1264257 0.002049996 0 0 0 -0.1264257 0 0 0.002088107 0 -0.0009024073 0.250251 -0.02135415 0.002088107 -0.02265002 0 0 0 -0.01141427 -0.05212404 -0.004308884 -0.02182882 -0.002826142 0 -0.1354563 0 -0.1354563 0.002940951 0.06056538 0 -0.06911139 0 0 0 -0.04798942 -0.02069578 0 -0.1168532 0 0.2500104 0 0 0 0 -0.1242627 0 0.000688284 0.0009049229 0.06437197 -0.0006574259 0.005759983 0.0009049229 0 0 0.0007734073 0 0.000688284 0.2339137 0.000688284 0.000688284 -0.02652143
0 0 -0.1388608 0 0 0 0 0 0 0 0 0 0.5254647 -0.4173101 0 -0.4173101 0.08237938 0.4288173 0 1 0.8138871 0.09134659 1 0 -0.4173101 0 0.6124184 0 -0.206571 -0.4173101 1.01 0 0 0 0 0.1944614 0 0.9959542 1 0.6117742 0 1 -0.3426507 0.2237176 0 0 0 0.3636055 0 0 -0.4173101 0.7834648 0.1529169 -0.417511 -0.402912 0.1852087 0.8571159 0.6456082 0.3585052 0 0.05017822 -0.2361234 0 0.4867922 -0.413864 0 -0.4090843 -0.1287378 0 0.3718382 0 0.01231655 0.1130391 0 0 0 -0.1416673 0 0 0.04563039 0 0 0 -0.08608765 0 0 0.1055105 0 0 0.1053543 0 0 -0.0440411 0.005618459 0 0 0 -0.0440411 0 0 0.0006309841 0 -0.06670378 -0.1414867 0.1034352 0.0006309841 0.1053543 0 0 0 0.1103734 0.05862625 0.04498699 0.01995169 0.01205104 0 -0.04684355 0 -0.04684355 0.000151015 -0.01617743 0 0.07114263 0 0 0 0.03218715 0.0166458 0 -0.03242 0 -0.1415442 0 0 0 0 0.05529253 0 -0.003817958 -0.003769453 -0.03632328 -0.02068344 -0.00385326 -0.003769453 0 0 -0.004019987 0 -0.003817958 -0.1115377 -0.003817958 -0.003817958 0.008731853
0 0 0 0 0 0 0 0 0 0 0 0 0 0 0 0 0 0 0 0 0 0 0 0 0 0 0 0 0 0 0 1.01 0 0 0 0 0 0 0 0 0 0 0 0 0 0 0 0 0 0 0 0 0 0 0 0 0 0 0 0 0 0 0 0 0 0 0 0 0 0 0 0 0 0 0 0 0 0 0 0 0 0 0 0 0 0 0 0 0 0 0 0 0 0 0 0 0 0 0 0 0 0 0 0 0 0 0 0 0 0 0 0 0 0 0 0 0 0 0 0 0 0 0 0 0 0 0 0 0 0 0 0 0 0 0 0 0 0 0 0 0 0 0 0 0 0 0 0 0 0 0 0 0
0 0 0 0 0 0 0 0 0 0 0 0 0 0 0 0 0 0 0 0 0 0 0 0 0 0 0 0 0 0 0 0 1.01 0 0 0 0 0 0 0 0 0 0 0 0 0 0 0 0 0 0 0 0 0 0 0 0 0 0 0 0 0 0 0 0 0 0 0 0 0 0 0 0 0 0 0 0 0 0 0 0 0 0 0 0 0 0 0 0 0 0 0 0 0 0 0 0 0 0 0 0 0 0 0 0 0 0 0 0 0 0 0 0 0 0 0 0 0 0 0 0 0 0 0 0 0 0 0 0 0 0 0 0 0 0 0 0 0 0 0 0 0 0 0 0 0 0 0 0 0 0 0 0
0 0 0 0 0 0 0 0 0 0 0 0 0 0 0 0 0 0 0 0 0 0 0 0 0 0 0 0 0 0 0 0 0 1.01 0 0 0 0 0 0 0 0 0 0 0 0 0 0 0 0 0 0 0 0 0 0 0 0 0 0 0 0 0 0 0 0 0 0 0 0 0 0 0 0 0 0 0 0 0 0 0 0 0 0 0 0 0 0 0 0 0 0 0 0 0 0 0 0 0 0 0 0 0 0 0 0 0 0 0 0 0 0 0 0 0 0 0 0 0 0 0 0 0 0 0 0 0 0 0 0 0 0 0 0 0 0 0 0 0 0 0 0 0 0 0 0 0 0 0 0 0 0 0
0 0 0 0 0 0 0 0 0 0 0 0 0 0 0 0 0 0 0 0 0 0 0 0 0 0 0 0 0 0 0 0 0 0 1.01 0 0 0 0 0 0 0 0 0 0 0 0 0 0 0 0 0 0 0 0 0 0 0 0 0 0 0 0 0 0 0 0 0 0 0 0 0 0 0 0 0 0 0 0 0 0 0 0 0 0 0 0 0 0 0 0 0 0 0 0 0 0 0 0 0 0 0 0 0 0 0 0 0 0 0 0 0 0 0 0 0 0 0 0 0 0 0 0 0 0 0 0 0 0 0 0 0 0 0 0 0 0 0 0 0 0 0 0 0 0 0 0 0 0 0 0 0 0
0 0 -0.02645213 0 0 0 0 0 0 0 0 0 -0.1681705 -0.07606333 0 -0.07606333 -0.03240724 0.4503202 0 0.1944614 0.1615222 0.4944904 0.1944614 0 -0.07606333 0 -0.1990163 0 -0.03770409 -0.07606333 0.1944614 0 0 0 0 1.01 0 0.1831219 0.1944614 -0.1992503 0 0.1944614 -0.06714562 -0.007893 0 0 0 -0.07621877 0 0 -0.07606333 0.2081267 0.7729911 -0.07638076 -0.07085867 0.9637488 0.2219075 0.1853152 -0.07655198 0 -0.1156005 -0.04012212 0 -0.1565985 -0.07706003 0 -0.0764596 -0.03106388 0 -0.08599884 0 0.07992291 0.1192761 0 0 0 0.0778375 0 0 -0.03281648 0 0 0 -0.01561496 0 0 -0.06609373 0 0 -0.06609373 0 0 -0.06856623 0.1009855 0 0 0 -0.06856623 0 0 0.1235835 0 0.1598435 0.07355249 -0.06571694 0.1235835 -0.06609373 0 0 0 -0.05652168 -0.03727994 -0.02201218 0.09896671 0.09897541 0 -0.07811224 0 -0.07811224 0.1233514 0.007940862 0 -0.03654836 0 0 0 0.1037475 0.1014423 0 0.008459917 0 0.07158035 0 0 0 0 -0.1111808 0 0.09821469 0.09795576 0.00701427 0.1126958 0.09325725 0.09795576 0 0 0.09771231 0 0.09821469 0.06109565 0.09821469 0.09821469 0.1001404
0 0 0 0 0 0 0 0 0 0 0 0 0 0 0 0 0 0 0 0 0 0 0 0 0 0 0 0 0 0 0 0 0 0 0 0 1.01 0 0 0 0 0 0 0 0 0 0 0 0 0 0 0 0 0 0 0 0 0 0 0 0 0 0 0 0 0 0 0 0 0 0 0 0 0 0 0 0 0 0 0 0 0 0 0 0 0 0 0 0 0 0 0 0 0 0 0 0 0 0 0 0 0 0 0 0 0 0 0 0 0 0 0 0 0 0 0 0 0 0 0 0 0 0 0 0 0 0 0 0 0 0 0 0 0 0 0 0 0 0 0 0 0 0 0 0 0 0 0 0 0 0 0 0
0 0 -0.1385019 0 0 0 0 0 0 0 0 0 0.5255508 -0.4169528 0 -0.4169528 0.08091081 0.4239712 0 0.9959542 0.8097432 0.0918348 0.9959542 0 -0.4169528 0 0.6128551 0 -0.2060651 -0.4169528 0.9959542 0 0 0 0 0.1831219 0 1.01 0.9959542 0.6122025 0 0.9959542 -0.3430506 0.2252082 0 0 0 0.3648961 0 0 -0.4169528 0.7789757 0.1384603 -0.4171512 -0.4026159 0.1735552 0.8526439 0.6411568 0.3598037 0 0.05153263 -0.2361095 0 0.4868744 -0.4134981 0 -0.4087336 -0.1284304 0 0.3719857 0 0.009939489 0.108585 0 0 0 -0.1497553 0 0 0.04544206 0 0 0 -0.08484664 0 0 0.1069398 0 0 0.1067867 0 0 -0.04345163 0.005516107 0 0 0 -0.04345163 0 0 0.0008092281 0 -0.0663208 -0.1490235 0.1048583 0.0008092281 0.1067867 0 0 0 0.1121398 0.05920527 0.04439961 0.01957171 0.01198529 0 -0.04661781 0 -0.04661781 0.0003301468 -0.0209114 0 0.07245328 0 0 0 0.031761 0.01654404 0 -0.03228115 0 -0.1490928 0 0 0 0 0.05703579 0 -0.003871275 -0.003821222 -0.04106916 -0.02043431 -0.003875223 -0.003821222 0 0 -0.004073855 0 -0.003871275 -0.1185978 -0.003871275 -0.003871275 0.008368878
0 0 -0.1388608 0 0 0 0 0 0 0 0 0 0.5254647 -0.4173101 0 -0.4173101 0.08237938 0.4288173 0 1 0.8138871 0.09134659 1 0 -0.4173101 0 0.6124184 0 -0.206571 -0.4173101 1 0 0 0 0 0.1944614 0 0.9959542 1.01 0.6117742 0 1 -0.3426507 0.2237176 0 0 0 0.3636055 0 0 -0.4173101 0.7834648 0.1529169 -0.417511 -0.402912 0.1852087 0.8571159 0.6456082 0.3585052 0 0.05017822 -0.2361234 0 0.4867922 -0.413864 0 -0.4090843 -0.1287378 0 0.3718382 0 0.01231655 0.1130391 0 0 0 -0.1416673 0 0 0.04563039 0 0 0 -0.08608765 0 0 0.1055105 0 0 0.1053543 0 0 -0.0440411 0.005618459 0 0 0 -0.0440411 0 0 0.0006309841 0 -0.06670378 -0.1414867 0.1034352 0.0006309841 0.1053543 0 0 0 0.1103734 0.05862625 0.04498699 0.01995169 0.01205104 0 -0.04684355 0 -0.04684355 0.000151015 -0.01617743 0 0.07114263 0 0 0 0.03218715 0.0166458 0 -0.03242 0 -0.1415442 0 0 0 0 0.05529253 0 -0.003817958 -0.003769453 -0.03632328 -0.02068344 -0.00385326 -0.003769453 0 0 -0.004019987 0 -0.003817958 -0.1115377 -0.003817958 -0.003817958 0.008731853
0 0 -0.08447394 0 0 0 0 0 0 0 0 0 0.8543311 -0.263353 0 -0.263353 0.1339471 -0.4357155 0 0.6117742 0.492766 -0.09318233 0.6117742 0 -0.263353 0 0.9977059 0 -0.1275381 -0.263353 0.6117742 0 0 0 0 -0.1992503 0 0.6122025 0.6117742 1.01 0 0.6117742 -0.2174267 -0.2289693 0 0 0 -0.3815609 0 0 -0.263353 0.4957731 -0.1569144 -0.263294 -0.2563024 -0.191302 0.4147098 0.277068 -0.3832613 0 -0.4963637 -0.1433945 0 0.7955367 -0.2587196 0 -0.2562545 -0.07129171 0 0.5898461 0 0.06206864 0.1330644 0 0 0 -0.1964616 0 0 0.03253282 0 0 0 -0.02012435 0 0 0.1944588 0 0 0.1943321 0 0 0.04460402 -0.1316078 0 0 0 0.04460402 0 0 -0.1557746 0 -0.1631743 -0.2346034 0.1916411 -0.1557746 0.1943321 0 0 0 0.1915632 0.1356233 0.05144574 -0.1171266 -0.1206207 0 0.04922593 0 0.04922593 -0.1558543 -0.02212752 0 0.01728069 0 0 0 -0.1128673 -0.1214263 0 -0.05084211 0 -0.2340175 0 0 0 0 0.2009705 0 -0.128405 -0.1281672 -0.04009045 -0.1616383 -0.1223417 -0.1281672 0 0 -0.1281918 0 -0.128405 -0.1857872 -0.128405 -0.128405 -0.1212572
0 0 0 0 0 0 0 0 0 0 0 0 0 0 0 0 0 0 0 0 0 0 0 0 0 0 0 0 0 0 0 0 0 0 0 0 0 0 0 0 1.01 0 0 0 0 0 0 0 0 0 0 0 0 0 0 0 0 0 0 0 0 0 0 0 0 0 0 0 0 0 0 0 0 0 0 0 0 0 0 0 0 0 0 0 0 0 0 0 0 0 0 0 0 0 0 0 0 0 0 0 0 0 0 0 0 0 0 0 0 0 0 0 0 0 0 0 0 0 0 0 0 0 0 0 0 0 0 0 0 0 0 0 0 0 0 0 0 0 0 0 0 0 0 0 0 0 0 0 0 0 0 0 0
0 0 -0.1388608 0 0 0 0 0 0 0 0 0 0.5254647 -0.4173101 0 -0.4173101 0.08237938 0.4288173 0 1 0.8138871 0.09134659 1 0 -0.4173101 0 0.6124184 0 -0.206571 -0.4173101 1 0 0 0 0 0.1944614 0 0.9959542 1 0.6117742 0 1.01 -0.3426507 0.2237176 0 0 0 0.3636055 0 0 -0.4173101 0.7834648 0.1529169 -0.417511 -0.402912 0.1852087 0.8571159 0.6456082 0.3585052 0 0.05017822 -0.2361234 0 0.4867922 -0.413864 0 -0.4090843 -0.1287378 0 0.3718382 0 0.01231655 0.1130391 0 0 0 -0.1416673 0 0 0.04563039 0 0 0 -0.08608765 0 0 0.1055105 0 0 0.1053543 0 0 -0.0440411 0.005618459 0 0 0 -0.0440411 0 0 0.0006309841 0 -0.06670378 -0.1414867 0.1034352 0.0006309841 0.1053543 0 0 0 0.1103734 0.05862625 0.04498699 0.01995169 0.01205104 0 -0.04684355 0 -0.04684355 0.000151015 -0.01617743 0 0.07114263 0 0 0 0.03218715 0.0166458 0 -0.03242 0 -0.1415442 0 0 0 0 0.05529253 0 -0.003817958 -0.003769453 -0.03632328 -0.02068344 -0.00385326 -0.003769453 0 0 -0.004019987 0 -0.003817958 -0.1115377 -0.003817958 -0.003817958 0.008731853
0 0 -0.02869939 0 0 0 0 0 0 0 0 0 -0.1871386 0.818414 0 0.818414 -0.03278427 -0.1377907 0 -0.3426507 0.1529559 -0.03652507 -0.3426507 0 0.818414 0 -0.2185289 0 -0.04087855 0.818414 -0.3426507 0 0 0 0 -0.06714562 0 -0.3430506 -0.3426507 -0.2174267 0 -0.3426507 1.01 -0.07487075 0 0 0 -0.1156215 0 0 0.818414 -0.2546722 -0.05090966 0.817396 0.7599181 -0.06295175 -0.2959263 0.1825532 -0.1164684 0 0.4218703 -0.04525592 0 -0.1733645 0.8144262 0 0.7988898 -0.03048986 0 -0.1348313 0 0.2052011 0.2501352 0 0 0 0.3740535 0 0 -0.04923718 0 0 0 -0.04017321 0 0 -0.09655411 0 0 -0.09656712 0 0 -0.1013749 -0.02946163 0 0 0 -0.1013749 0 0 -0.03828004 0 0.01883905 0.3443636 -0.09570557 -0.03828004 -0.09656712 0 0 0 -0.08664188 -0.04879624 0.008823029 -0.02242358 -0.03287094 0 -0.1107661 0 -0.1107661 -0.03778823 0.05778185 0 -0.05656267 0 0 0 -0.02804763 -0.03046394 0 -0.1184689 0 0.3439686 0 0 0 0 -0.1724069 0 -0.03210154 -0.03173097 0.0614301 -0.04182016 -0.02498759 -0.03173097 0 0 -0.03203352 0 -0.03210154 0.3286393 -0.03210154 -0.03210154 -0.03036891
0 0 -0.03572884 0 0 0 0 0 0 0 0 0 -0.1992489 -0.0956383 0 -0.0956383 -0.03832366 0.5159204 0 0.2237176 0.1806239 -0.04018252 0.2237176 0 -0.0956383 0 -0.2297837 0 -0.03899869 -0.0956383 0.2237176 0 0 0 0 -0.007893 0 0.2252082 0.2237176 -0.2289693 0 0.2237176 -0.07487075 1.01 0 0 0 0.6036939 0 0 -0.0956383 0.1009458 -0.04121786 -0.09597905 -0.08936616 -0.06142312 0.2539832 0.2073583 0.6014017 0 0.4616446 -0.05749774 0 -0.1839878 -0.096055 0 -0.09443786 -0.02546148 0 -0.0884647 0 -0.05599361 0.03573632 0 0 0 0.1321559 0 0 -0.03510542 0 0 0 -0.04950064 0 0 -0.1012082 0 0 -0.1017118 0 0 -0.03853448 0.07210888 0 0 0 -0.03853448 0 0 0.1053498 0 0.1264166 0.1186709 -0.1006914 0.1053498 -0.1017118 0 0 0 -0.09614363 -0.05844435 -0.0478209 0.07334507 0.06991431 0 -0.04511242 0 -0.04511242 0.1051112 0.01194685 0 0.02473571 0 0 0 0.0782922 0.07461317 0 0.01481558 0 0.1186749 0 0 0 0 -0.1197557 0 0.06882168 0.06855396 0.01260045 0.09493266 0.06511263 0.06855396 0 0 0.06890257 0 0.06882168 0.1067048 0.06882168 0.06882168 0.07186792
0 0 0 0 0 0 0 0 0 0 0 0 0 0 0 0 0 0 0 0 0 0 0 0 0 0 0 0 0 0 0 0 0 0 0 0 0 0 0 0 0 0 0 0 1.01 0 0 0 0 0 0 0 0 0 0 0 0 0 0 0 0 0 0 0 0 0 0 0 0 0 0 0 0 0 0 0 0 0 0 0 0 0 0 0 0 0 0 0 0 0 0 0 0 0 0 0 0 0 0 0 0 0 0 0 0 0 0 0 0 0 0 0 0 0 0 0 0 0 0 0 0 0 0 0 0 0 0 0 0 0 0 0 0 0 0 0 0 0 0 0 0 0 0 0 0 0 0 0 0 0 0 0 0
0 0 0 0 0 0 0 0 0 0 0 0 0 0 0 0 0 0 0 0 0 0 0 0 0 0 0 0 0 0 0 0 0 0 0 0 0 0 0 0 0 0 0 0 0 1.01 0 0 0 0 0 0 0 0 0 0 0 0 0 0 0 0 0 0 0 0 0 0 0 0 0 0 0 0 0 0 0 0 0 0 0 0 0 0 0 0 0 0 0 0 0 0 0 0 0 0 0 0 0 0 0 0 0 0 0 0 0 0 0 0 0 0 0 0 0 0 0 0 0 0 0 0 0 0 0 0 0 0 0 0 0 0 0 0 0 0 0 0 0 0 0 0 0 0 0 0 0 0 0 0 0 0 0
0 0 0 0 0 0 0 0 0 0 0 0 0 0 0 0 0 0 0 0 0 0 0 0 0 0 0 0 0 0 0 0 0 0 0 0 0 0 0 0 0 0 0 0 0 0 1.01 0 0 0 0 0 0 0 0 0 0 0 0 0 0 0 0 0 0 0 0 0 0 0 0 0 0 0 0 0 0 0 0 0 0 0 0 0 0 0 0 0 0 0 0 0 0 0 0 0 0 0 0 0 0 0 0 0 0 0 0 0 0 0 0 0 0 0 0 0 0 0 0 0 0 0 0 0 0 0 0 0 0 0 0 0 0 0 0 0 0 0 0 0 0 0 0 0 0 0 0 0 0 0 0 0 0
0 0 -0.05210102 0 0 0 0 0 0 0 0 0 -0.3288329 -0.1458205 0 -0.1458205 -0.04648661 0.8282777 0 0.3636055 0.2997161 -0.06805866 0.3636055 0 -0.1458205 0 -0.3827725 0 -0.0751621 -0.1458205 0.3636055 0 0 0 0 -0.07621877 0 0.3648961 0.3636055 -0.3815609 0 0.3636055 -0.1156215 0.6036939 0 0 0 1.01 0 0 -0.1458205 0.2329074 -0.08193525 -0.1459595 -0.1397174 -0.1129838 0.4174417 0.3475126 0.9958944 0 0.7728976 -0.08738355 0 -0.3101083 -0.1467729 0 -0.1442374 -0.05166704 0 -0.2364365 0 -0.1216425 -0.1078374 0 0 0 0.01995415 0 0 0.03296754 0 0 0 -0.0736068 0 0 -0.07717526 0 0 -0.07722111 0 0 -0.07378998 0.134857 0 0 0 -0.07378998 0 0 0.1474698 0 0.02726945 0.0714777 -0.0764246 0.1474698 -0.07722111 0 0 0 -0.07285065 -0.0769379 0.004715252 0.1353761 0.1299553 0 -0.07772003 0 -0.07772003 0.1470917 0.01309842 0 0.09107521 0 0 0 0.1427937 0.1355771 0 0.03186607 0 0.07186511 0 0 0 0 -0.1236374 0 0.1199493 0.1198492 0.01118752 0.1336732 0.1149903 0.1198492 0 0 0.1197361 0 0.1199493 0.05450903 0.1199493 0.1199493 0.125349
0 0 0 0 0 0 0 0 0 0 0 0 0 0 0 0 0 0 0 0 0 0 0 0 0 0 0 0 0 0 0 0 0 0 0 0 0 0 0 0 0 0 0 0 0 0 0 0 1.01 0 0 0 0 0 0 0 0 0 0 0 0 0 0 0 0 0 0 0 0 0 0 0 0 0 0 0 0 0 0 0 0 0 0 0 0 0 0 0 0 0 0 0 0 0 0 0 0 0 0 0 0 0 0 0 0 0 0 0 0 0 0 0 0 0 0 0 0 0 0 0 0 0 0 0 0 0 0 0 0 0 0 0 0 0 0 0 0 0 0 0 0 0 0 0 0 0 0 0 0 0 0 0 0
0 0 0 0 0 0 0 0 0 0 0 0 0 0 0 0 0 0 0 0 0 0 0 0 0 0 0 0 0 0 0 0 0 0 0 0 0 0 0 0 0 0 0 0 0 0 0 0 0 1.01 0 0 0 0 0 0 0 0 0 0 0 0 0 0 0 0 0 0 0 0 0 0 0 0 0 0 0 0 0 0 0 0 0 0 0 0 0 0 0 0 0 0 0 0 0 0 0 0 0 0 0 0 0 0 0 0 0 0 0 0 0 0 0 0 0 0 0 0 0 0 0 0 0 0 0 0 0 0 0 0 0 0 0 0 0 0 0 0 0 0 0 0 0 0 0 0 0 0 0 0 0 0 0
0 0 0.3388233 0 0 0 0 0 0 0 0 0 -0.2248888 1 0 1 -0.03786709 -0.1689281 0 -0.4173101 0.1883697 -0.03097553 -0.4173101 0 1 0 -0.2646908 0 -0.04860358 1 -0.4173101 0 0 0 0 -0.07606333 0 -0.4169528 -0.4173101 -0.263353 0 -0.4173101 0.818414 -0.0956383 0 0 0 -0.1458205 0 0 1.01 -0.2905668 -0.06503435 0.9984825 0.9629373 -0.07126899 -0.3591057 0.2258535 -0.1465874 0 0.5117519 -0.04425979 0 -0.2113675 0.9954682 0 0.9850523 -0.03530311 0 -0.1764589 0 0.08344054 0.1352499 0 0 0 0.281653 0 0 -0.05183166 0 0 0 -0.01515742 0 0 -0.0246793 0 0 -0.02265002 0 0 -0.1264257 0.002049996 0 0 0 -0.1264257 0 0 0.002088107 0 -0.0009024073 0.250251 -0.02135415 0.002088107 -0.02265002 0 0 0 -0.01141427 -0.05212404 -0.004308884 -0.02182882 -0.002826142 0 -0.1354563 0 -0.1354563 0.002940951 0.06056538 0 -0.06911139 0 0 0 -0.04798942 -0.02069578 0 -0.1168532 0 0.2500104 0 0 0 0 -0.1242627 0 0.000688284 0.0009049229 0.06437197 -0.0006574259 0.005759983 0.0009049229 0 0 0.0007734073 0 0.000688284 0.2339137 0.000688284 0.000688284 -0.02652143
0 0 -0.08252687 0 0 0 0 0 0 0 0 0 0.4172238 -0.2905668 0 -0.2905668 0.09313689 0.3149265 0 0.7834648 0.6609122 0.107062 0.7834648 0 -0.2905668 0 0.4968972 0 -0.1771058 -0.2905668 0.7834648 0 0 0 0 0.2081267 0 0.7789757 0.7834648 0.4957731 0 0.7834648 -0.2546722 0.1009458 0 0 0 0.2329074 0 0 -0.2905668 1.01 0.1685711 -0.2909509 -0.296951 0.2015476 0.6674315 0.5238067 0.2287296 0 0.0180604 -0.1903144 0 0.4082617 -0.2873678 0 -0.2832706 -0.103083 0 0.3107063 0 0.07736586 0.1633123 0 0 0 -0.1029801 0 0 0.05359979 0 0 0 -0.05754027 0 0 0.1350965 0 0 0.1353099 0 0 -0.1225653 0.0148733 0 0 0 -0.1225653 0 0 -0.01356589 0 -0.02767518 -0.1098089 0.1328535 -0.01356589 0.1353099 0 0 0 0.1341916 -0.009426833 0.05387574 0.01339675 0.006952677 0 -0.1157114 0 -0.1157114 -0.01360636 -0.04104619 0 0.06964248 0 0 0 0.02248266 0.009471343 0 -0.09532725 0 -0.1101089 0 0 0 0 0.01436944 0 -0.001638363 -0.001433547 -0.05965993 -0.03175376 0.00372402 -0.001433547 0 0 -0.001887376 0 -0.001638363 -0.07537081 -0.001638363 -0.001638363 0.009272024
0 0 -0.02355642 0 0 0 0 0 0 0 0 0 -0.12912 -0.06503435 0 -0.06503435 -0.0265969 0.3543568 0 0.1529169 0.1236767 -0.0321777 0.1529169 0 -0.06503435 0 -0.1566729 0 -0.02891496 -0.06503435 0.1529169 0 0 0 0 0.7729911 0 0.1384603 0.1529169 -0.1569144 0 0.1529169 -0.05090966 -0.04121786 0 0 0 -0.08193525 0 0 -0.06503435 0.1685711 1.01 -0.06527237 -0.06065009 0.8074376 0.1835328 0.1520291 -0.08164099 0 -0.1133029 -0.03763593 0 -0.1220629 -0.06578662 0 -0.06419907 -0.02061755 0 -0.0773399 0 0.03829348 0.06464588 0 0 0 0.1491272 0 0 -0.0225427 0 0 0 -0.004707108 0 0 -0.05081814 0 0 -0.05117522 0 0 -0.03334069 -0.0617205 0 0 0 -0.03334069 0 0 -0.04871291 0 -0.0278515 0.1516703 -0.05073401 -0.04871291 -0.05117522 0 0 0 -0.04388229 -0.02321729 -0.03163887 -0.06203666 -0.06124323 0 -0.04119789 0 -0.04119789 -0.04879729 -0.02278519 0 -0.024814 0 0 0 -0.05809201 -0.05954249 0 -0.08043493 0 0.1491445 0 0 0 0 -0.07038657 0 -0.05908457 -0.05921019 -0.0233555 -0.05293393 -0.06187504 -0.05921019 0 0 -0.0597481 0 -0.05908457 0.1339994 -0.05908457 -0.05908457 -0.0577538
0 0 0.3381063 0 0 0 0 0 0 0 0 0 -0.2246454 0.9984825 0 0.9984825 -0.0380013 -0.1692165 0 -0.417511 0.1871823 -0.03114623 -0.417511 0 0.9984825 0 -0.2646334 0 -0.04878486 0.9984825 -0.417511 0 0 0 0 -0.07638076 0 -0.4171512 -0.417511 -0.263294 0 -0.417511 0.817396 -0.09597905 0 0 0 -0.1459595 0 0 0.9984825 -0.2909509 -0.06527237 1.01 0.9621404 -0.07158174 -0.3594853 0.2249076 -0.1467299 0 0.5110478 -0.04449969 0 -0.2114257 0.9945584 0 0.9841727 -0.03540448 0 -0.1753493 0 0.0841531 0.1361622 0 0 0 0.2821509 0 0 -0.05199973 0 0 0 -0.01540311 0 0 -0.02432078 0 0 -0.02229652 0 0 -0.1262436 0.001299576 0 0 0 -0.1262436 0 0 0.001423045 0 -0.001306221 0.2506041 -0.02099773 0.001423045 -0.02229652 0 0 0 -0.01101071 -0.05230723 -0.004605492 -0.02254333 -0.003578733 0 -0.1353299 0 -0.1353299 0.002274464 0.06076504 0 -0.06937723 0 0 0 -0.04865059 -0.02141143 0 -0.1173126 0 0.250366 0 0 0 0 -0.1237546 0 -7.423303e-05 0.0001417838 0.06457204 -0.001341092 0.004980967 0.0001417838 0 0 1.09423e-05 0 -7.423303e-05 0.2341885 -7.423303e-05 -7.423303e-05 -0.02723234
0 0 0.352472 0 0 0 0 0 0 0 0 0 -0.2177031 0.9629373 0 0.9629373 -0.03431877 -0.160864 0 -0.402912 0.1802335 -0.02954716 -0.402912 0 0.9629373 0 -0.2575884 0 -0.04383605 0.9629373 -0.402912 0 0 0 0 -0.07085867 0 -0.4026159 -0.402912 -0.2563024 0 -0.402912 0.7599181 -0.08936616 0 0 0 -0.1397174 0 0 0.9629373 -0.296951 -0.06065009 0.9621404 1.01 -0.06629301 -0.3451601 0.2185719 -0.1403978 0 0.4938415 -0.04332219 0 -0.2051706 0.9592765 0 0.9485344 -0.03455333 0 -0.1702299 0 0.06539683 0.1152734 0 0 0 0.2353866 0 0 -0.04988486 0 0 0 -0.01156975 0 0 -0.00823206 0 0 -0.006114219 0 0 -0.1281654 0.01045718 0 0 0 -0.1281654 0 0 0.00923998 0 0.003796703 0.217085 -0.004878619 0.00923998 -0.006114219 0 0 0 0.005324423 -0.0496368 -0.0004870803 -0.0150282 0.004783574 0 -0.1371209 0 -0.1371209 0.009588625 0.05524553 0 -0.06300147 0 0 0 -0.04231535 -0.01389671 0 -0.1125528 0 0.2172686 0 0 0 0 -0.1052885 0 0.007567349 0.007802846 0.05803105 0.00504968 0.0053632 0.007802846 0 0 0.00764968 0 0.007567349 0.194938 0.007567349 0.007567349 -0.02067899
0 0 -0.02437515 0 0 0 0 0 0 0 0 0 -0.1609132 -0.07126899 0 -0.07126899 -0.03230147 0.4306992 0 0.1852087 0.1545882 0.5056665 0.1852087 0 -0.07126899 0 -0.1910083 0 -0.03777316 -0.07126899 0.1852087 0 0 0 0 0.9637488 0 0.1735552 0.1852087 -0.191302 0 0.1852087 -0.06295175 -0.06142312 0 0 0 -0.1129838 0 0 -0.07126899 0.2015476 0.8074376 -0.07158174 -0.06629301 1.01 0.2171315 0.1832304 -0.1131577 0 -0.1443851 -0.04403014 0 -0.149393 -0.07224873 0 -0.07172267 -0.03189225 0 -0.07840832 0 0.1005409 0.1383499 0 0 0 0.09392077 0 0 -0.02988922 0 0 0 -0.01199684 0 0 -0.05865017 0 0 -0.05862907 0 0 -0.06256918 0.06298725 0 0 0 -0.06256918 0 0 0.08282367 0 0.1606591 0.08793722 -0.05830489 0.08282367 -0.05862907 0 0 0 -0.04965498 -0.0342262 -0.02329794 0.06150572 0.06150462 0 -0.07152627 0 -0.07152627 0.08262283 0.0009202326 0 -0.04022873 0 0 0 0.06562786 0.06334428 0 -0.01419294 0 0.08591644 0 0 0 0 -0.1001331 0 0.06157818 0.06134549 -0.0007104575 0.07317088 0.05702692 0.06134549 0 0 0.06105813 0 0.06157818 0.07573036 0.06157818 0.06157818 0.06364697
0 0 -0.114816 0 0 0 0 0 0 0 0 0 0.5958281 -0.3591057 0 -0.3591057 0.08490203 0.4881641 0 0.8571159 0.696686 0.104762 0.8571159 0 -0.3591057 0 0.4158016 0 -0.1823415 -0.3591057 0.8571159 0 0 0 0 0.2219075 0 0.8526439 0.8571159 0.4147098 0 0.8571159 -0.2959263 0.2539832 0 0 0 0.4174417 0 0 -0.3591057 0.6674315 0.1835328 -0.3594853 -0.3451601 0.2171315 1.01 0.8264992 0.4129504 0 0.1304734 -0.209766 0 0.5679575 -0.3615094 0 -0.3569588 -0.1127242 0 0.452219 0 0.108702 0.2015357 0 0 0 -0.08756315 0 0 0.04757962 0 0 0 -0.08043288 0 0 0.1379541 0 0 0.1371896 0 0 -0.01475676 -0.02678626 0 0 0 -0.01475676 0 0 0.01633181 0 -0.06496452 -0.08616197 0.1348287 0.01633181 0.1371896 0 0 0 0.1383949 0.05401215 -0.05779285 -0.01212832 -0.01799004 0 -0.01419522 0 -0.01419522 0.01593659 0.0652005 0 0.09661935 0 0 0 -0.003039579 -0.01597605 0 -0.02744456 0 -0.08635059 0 0 0 0 0.1066033 0 -0.03406097 -0.0338851 0.04467068 -0.003566432 -0.03291346 -0.0338851 0 0 -0.03429673 0 -0.03406097 -0.07007918 -0.03406097 -0.03406097 -0.02350466
