1.01 0 0.3940499 0.3933533 0 0 0 0 -0.02647316 0 0 0.3935837 0.3940499 -0.01458184 0.3940499 -0.0511467 0.3982931 0 0.447331 0.3933533 0.3934692 0.3882398 0 0 0.3934692 0 0 0 0 0 0 0.3961465 -0.01793952 0 -0.01769619 -0.01793952 0 0.3960273 0 0 0 0 0.4006209 0 0 -0.01800742 0 0.4006209 0.252312 -0.006486946 -0.01793952 0 0 0 0 0 0.4006209 0 0.4455211 0 -0.04481344 0.4006209 0.3987939 0 0 -0.01793952 0 0 0 0 0 0 0 -0.01793952 -0.01116412 0 -0.04484611 0 -0.02647316 -0.01827764 0 0.2504264 0 0 0 0 0 0.3827084 0.4504471 -0.03305486 0.1675727 -0.04478075 0 -0.01632041 0 0 0 0.392836 -0.0445845 0 0.387585 0 0 0 0.3763617 -0.03672655 0.392836 0.3912057 -0.01793952 0 0 0 0.2496493 0 -0.01793952 0 0 -0.04445355 0 -0.1722783 0 0 -0.1654229 0 0 0 0 0.4461285 0.4461285 0 0 0 0 -0.04390863 0 0.4467855 0 -0.01056781 0 0 0 0 -0.007339924 0 0 0 -0.1629915 0 -0.1517182 0 0.230693 0 0 0 -0.04695249 0 0 -0.04308691 0 -0.04801553 -0.03505131 0.2024045 0 -0.03525795 -0.03484438 -0.03505131 -0.03536436 -0.06298899 0
0 1.01 0 0 0 0 0 0 0 0 0 0 0 0 0 0 0 0 0 0 0 0 0 0 0 0 0 0 0 0 0 0 0 0 0 0 0 0 0 0 0 0 0 0 0 0 0 0 0 0 0 0 0 0 0 0 0 0 0 0 0 0 0 0 0 0 0 0 0 0 0 0 0 0 0 0 0 0 0 0 0 0 0 0 0 0 0 0 0 0 0 0 0 0 0 0 0 0 0 0 0 0 0 0 0 0 0 0 0 0 0 0 0 0 0 0 0 0 0 0 0 0 0 0 0 0 0 0 0 0 0 0 0 0 0 0 0 0 0 0 0 0 0 0 0 0 0 0 0 0 0 0 0 0 0 0 0 0 0 0 0 0 0 0 0 0 0 0 0
0.3940499 0 1.01 0.9982205 0 0 0 0 -0.05773291 0 0 0.9994068 1 -0.03206018 1 -0.1394943 0.9898831 0 0.8864686 0.9982205 0.9985166 0.9973258 0 0 0.9985166 0 0 0 0 0 0 0.9886672 0.4377356 0 -0.02325973 0.4377356 0 0.988366 0 0 0 0 0.9787931 0 0 0.4369394 0 0.9787931 0.6120835 -0.03670804 0.4377356 0 0 0 0 0 0.9787931 0 0.8343446 0 -0.1150619 0.9787931 0.9742391 0 0 0.4377356 0 0 0 0 0 0 0 0.4377356 -0.0405132 0 -0.1151465 0 -0.05773291 0.4350585 0 0.608651 0 0 0 0 0 0.9389688 0.852343 -0.04933982 0.4007455 -0.1149774 0 0.4012271 0 0 0 0.9600422 -0.1144696 0 0.9588228 0 0 0 0.9248702 0.1439813 0.9600422 0.9565819 0.4377356 0 0 0 0.6058236 0 0.4377356 0 0 -0.1141308 0 -0.2729703 0 0 -0.393021 0 0 0 0 0.8394756 0.8394756 0 0 0 0 0.07196806 0 0.8381879 0 -0.05179529 0 0 0 0 -0.05396476 0 0 0 -0.3117079 0 -0.3447311 0 0.3978816 0 0 0 -0.07520679 0 0 -0.111364 0 0.06423704 -0.02745583 0.4015348 0 -0.02804822 -0.02686242 -0.02745583 -0.02377569 -0.03104901 0
0.3933533 0 0.9982205 1.01 0 0 0 0 -0.05803332 0 0 0.9976279 0.9982205 -0.03224675 0.9982205 -0.1401867 0.9881226 0 0.8848891 0.9964417 0.9967376 0.9955491 0 0 0.9967376 0 0 0 0 0 0 0.9869043 0.4369608 0 -0.02342162 0.4369608 0 0.9866032 0 0 0 0 0.9770483 0 0 0.436165 0 0.9770483 0.6108066 -0.03681792 0.4369608 0 0 0 0 0 0.9770483 0 0.8328168 0 -0.1150943 0.9770483 0.9724959 0 0 0.4369608 0 0 0 0 0 0 0 0.4369608 -0.03002419 0 -0.1151791 0 -0.05803332 0.4342846 0 0.6073718 0 0 0 0 0 0.9372411 0.8508067 -0.04973307 0.3991243 -0.1150095 0 0.4004693 0 0 0 0.9583076 -0.1145005 0 0.9570905 0 0 0 0.923152 0.1438298 0.9583076 0.9548488 0.4369608 0 0 0 0.6045441 0 0.4369608 0 0 -0.1141609 0 -0.2715389 0 0 -0.3913863 0 0 0 0 0.8379492 0.8379492 0 0 0 0 0.07162427 0 0.8366639 0 -0.05111549 0 0 0 0 -0.04924889 0 0 0 -0.3101697 0 -0.3450154 0 0.3963127 0 0 0 -0.07593194 0 0 -0.1114078 0 0.06387658 -0.02813125 0.4024562 0 -0.02872434 -0.02753714 -0.02813125 -0.02445783 -0.02907336 0
0 0 0 0 1.01 0 0 0 0 0 0 0 0 0 0 0 0 0 0 0 0 0 0 0 0 0 0 0 0 0 0 0 0 0 0 0 0 0 0 0 0 0 0 0 0 0 0 0 0 0 0 0 0 0 0 0 0 0 0 0 0 0 0 0 0 0 0 0 0 0 0 0 0 0 0 0 0 0 0 0 0 0 0 0 0 0 0 0 0 0 0 0 0 0 0 0 0 0 0 0 0 0 0 0 0 0 0 0 0 0 0 0 0 0 0 0 0 0 0 0 0 0 0 0 0 0 0 0 0 0 0 0 0 0 0 0 0 0 0 0 0 0 0 0 0 0 0 0 0 0 0 0 0 0 0 0 0 0 0 0 0 0 0 0 0 0 0 0 0
0 0 0 0 0 1.01 0 0 0 0 0 0 0 0 0 0 0 0 0 0 0 0 0 0 0 0 0 0 0 0 0 0 0 0 0 0 0 0 0 0 0 0 0 0 0 0 0 0 0 0 0 0 0 0 0 0 0 0 0 0 0 0 0 0 0 0 0 0 0 0 0 0 0 0 0 0 0 0 0 0 0 0 0 0 0 0 0 0 0 0 0 0 0 0 0 0 0 0 0 0 0 0 0 0 0 0 0 0 0 0 0 0 0 0 0 0 0 0 0 0 0 0 0 0 0 0 0 0 0 0 0 0 0 0 0 0 0 0 0 0 0 0 0 0 0 0 0 0 0 0 0 0 0 0 0 0 0 0 0 0 0 0 0 0 0 0 0 0 0
0 0 0 0 0 0 1.01 0 0 0 0 0 0 0 0 0 0 0 0 0 0 0 0 0 0 0 0 0 0 0 0 0 0 0 0 0 0 0 0 0 0 0 0 0 0 0 0 0 0 0 0 0 0 0 0 0 0 0 0 0 0 0 0 0 0 0 0 0 0 0 0 0 0 0 0 0 0 0 0 0 0 0 0 0 0 0 0 0 0 0 0 0 0 0 0 0 0 0 0 0 0 0 0 0 0 0 0 0 0 0 0 0 0 0 0 0 0 0 0 0 0 0 0 0 0 0 0 0 0 0 0 0 0 0 0 0 0 0 0 0 0 0 0 0 0 0 0 0 0 0 0 0 0 0 0 0 0 0 0 0 0 0 0 0 0 0 0 0 0
0 0 0 0 0 0 0 1.01 0 0 0 0 0 0 0 0 0 0 0 0 0 0 0 0 0 0 0 0 0 0 0 0 0 0 0 0 0 0 0 0 0 0 0 0 0 0 0 0 0 0 0 0 0 0 0 0 0 0 0 0 0 0 0 0 0 0 0 0 0 0 0 0 0 0 0 0 0 0 0 0 0 0 0 0 0 0 0 0 0 0 0 0 0 0 0 0 0 0 0 0 0 0 0 0 0 0 0 0 0 0 0 0 0 0 0 0 0 0 0 0 0 0 0 0 0 0 0 0 0 0 0 0 0 0 0 0 0 0 0 0 0 0 0 0 0 0 0 0 0 0 0 0 0 0 0 0 0 0 0 0 0 0 0 0 0 0 0 0 0
-0.02647316 0 -0.05773291 -0.05803332 0 0 0 0 1.01 0 0 -0.05779878 -0.05773291 -0.02710786 -0.05773291 -0.08271926 -0.05907544 0 -0.04826424 -0.05703478 -0.05698456 -0.05678353 0 0 -0.05698456 0 0 0 0 0 0 -0.05656292 -0.0309334 0 -0.009805271 -0.0309334 0 -0.05661353 0 0 0 0 -0.05698654 0 0 -0.03102527 0 -0.05698654 -0.09150949 -0.02588898 -0.0309334 0 0 0 0 0 -0.05698654 0 -0.04749947 0 -0.0637499 -0.05698654 -0.05774572 0 0 -0.0309334 0 0 0 0 0 0 0 -0.0309334 -0.01968678 0 -0.06472848 0 1 -0.03139102 0 -0.09260036 0 0 0 0 0 -0.0595926 -0.04913085 -0.03742748 -0.1415271 -0.06463385 0 -0.03043366 0 0 0 -0.06057896 -0.06528197 0 -0.06038011 0 0 0 -0.06313702 -0.05573341 -0.06057896 -0.0601375 -0.0309334 0 0 0 -0.09247669 0 -0.0309334 0 0 -0.06509292 0 0.1345511 0 0 0.1419377 0 0 0 0 -0.04803859 -0.04803859 0 0 0 0 -0.07345178 0 -0.04893335 0 -0.02673954 0 0 0 0 -0.04542388 0 0 0 0.1430067 0 0.162548 0 -0.1023734 0 0 0 -0.07860248 0 0 -0.06323031 0 -0.07233667 0.03898603 -0.1159903 0 0.03860397 0.03842188 0.03898603 0.03851773 -0.1098313 0
0 0 0 0 0 0 0 0 0 1.01 0 0 0 0 0 0 0 0 0 0 0 0 0 0 0 0 0 0 0 0 0 0 0 0 0 0 0 0 0 0 0 0 0 0 0 0 0 0 0 0 0 0 0 0 0 0 0 0 0 0 0 0 0 0 0 0 0 0 0 0 0 0 0 0 0 0 0 0 0 0 0 0 0 0 0 0 0 0 0 0 0 0 0 0 0 0 0 0 0 0 0 0 0 0 0 0 0 0 0 0 0 0 0 0 0 0 0 0 0 0 0 0 0 0 0 0 0 0 0 0 0 0 0 0 0 0 0 0 0 0 0 0 0 0 0 0 0 0 0 0 0 0 0 0 0 0 0 0 0 0 0 0 0 0 0 0 0 0 0
0 0 0 0 0 0 0 0 0 0 1.01 0 0 0 0 0 0 0 0 0 0 0 0 0 0 0 0 0 0 0 0 0 0 0 0 0 0 0 0 0 0 0 0 0 0 0 0 0 0 0 0 0 0 0 0 0 0 0 0 0 0 0 0 0 0 0 0 0 0 0 0 0 0 0 0 0 0 0 0 0 0 0 0 0 0 0 0 0 0 0 0 0 0 0 0 0 0 0 0 0 0 0 0 0 0 0 0 0 0 0 0 0 0 0 0 0 0 0 0 0 0 0 0 0 0 0 0 0 0 0 0 0 0 0 0 0 0 0 0 0 0 0 0 0 0 0 0 0 0 0 0 0 0 0 0 0 0 0 0 0 0 0 0 0 0 0 0 0 0
0.3935837 0 0.9994068 0.9976279 0 0 0 0 -0.05779878 0 0 1.01 0.9994068 -0.03210334 0.9994068 -0.1396423 0.9893064 0 0.8860758 0.9976279 0.9979238 0.9967349 0 0 0.9979238 0 0 0 0 0 0 0.9880919 0.4372174 0 -0.02329989 0.4372174 0 0.9877908 0 0 0 0 0.9782343 0 0 0.4364217 0 0.9782343 0.6120167 -0.03672288 0.4372174 0 0 0 0 0 0.9782343 0 0.8339967 0 -0.1146356 0.9782343 0.9736818 0 0 0.4372174 0 0 0 0 0 0 0 0.4372174 -0.04054136 0 -0.1147202 0 -0.05779878 0.4345422 0 0.6085828 0 0 0 0 0 0.9384191 0.8519923 -0.04944163 0.4005701 -0.114551 0 0.4007363 0 0 0 0.9594898 -0.1140428 0 0.9582723 0 0 0 0.9243267 0.1436367 0.9594898 0.9560303 0.4372174 0 0 0 0.6057562 0 0.4372174 0 0 -0.1137037 0 -0.2729378 0 0 -0.3928432 0 0 0 0 0.8391309 0.8391309 0 0 0 0 0.07215604 0 0.8378455 0 -0.05186875 0 0 0 0 -0.0540594 0 0 0 -0.3116097 0 -0.3452065 0 0.3983676 0 0 0 -0.07540388 0 0 -0.1109425 0 0.06442063 -0.0276647 0.4022383 0 -0.02825697 -0.02707141 -0.0276647 -0.02398899 -0.03102868 0
0.3940499 0 1 0.9982205 0 0 0 0 -0.05773291 0 0 0.9994068 1.01 -0.03206018 1 -0.1394943 0.9898831 0 0.8864686 0.9982205 0.9985166 0.9973258 0 0 0.9985166 0 0 0 0 0 0 0.9886672 0.4377356 0 -0.02325973 0.4377356 0 0.988366 0 0 0 0 0.9787931 0 0 0.4369394 0 0.9787931 0.6120835 -0.03670804 0.4377356 0 0 0 0 0 0.9787931 0 0.8343446 0 -0.1150619 0.9787931 0.9742391 0 0 0.4377356 0 0 0 0 0 0 0 0.4377356 -0.0405132 0 -0.1151465 0 -0.05773291 0.4350585 0 0.608651 0 0 0 0 0 0.9389688 0.852343 -0.04933982 0.4007455 -0.1149774 0 0.4012271 0 0 0 0.9600422 -0.1144696 0 0.9588228 0 0 0 0.9248702 0.1439813 0.9600422 0.9565819 0.4377356 0 0 0 0.6058236 0 0.4377356 0 0 -0.1141308 0 -0.2729703 0 0 -0.393021 0 0 0 0 0.8394756 0.8394756 0 0 0 0 0.07196806 0 0.8381879 0 -0.05179529 0 0 0 0 -0.05396476 0 0 0 -0.3117079 0 -0.3447311 0 0.3978816 0 0 0 -0.07520679 0 0 -0.111364 0 0.06423704 -0.02745583 0.4015348 0 -0.02804822 -0.02686242 -0.02745583 -0.02377569 -0.03104901 0
-0.01458184 0 -0.03206018 -0.03224675 0 0 0 0 -0.02710786 0 0 -0.03210334 -0.03206018 1.01 -0.03206018 -0.04537877 -0.03266419 0 -0.02416405 -0.03224675 -0.03221567 -0.0320913 0 0 -0.03221567 0 0 0 0 0 0 -0.03296993 -0.02230299 0 -0.01438154 -0.02230299 0 -0.03300105 0 0 0 0 -0.03197706 0 0 -0.02235454 0 -0.03197706 -0.04551279 0.01044884 -0.02230299 0 0 0 0 0 -0.03197706 0 -0.02326099 0 -0.02884802 -0.03197706 -0.03244778 0 0 -0.02230299 0 0 0 0 0 0 0 -0.02230299 -0.0113141 0 -0.0288784 0 -0.02710786 -0.02255986 0 -0.04502388 0 0 0 0 0 -0.02961555 -0.02142392 -0.03068567 -0.07395117 -0.02881764 0 -0.02210751 0 0 0 -0.0303069 -0.02863519 0 -0.03018071 0 0 0 -0.032244 -0.03480521 -0.0303069 -0.03066634 -0.02230299 0 0 0 -0.04421508 0 -0.02230299 0 0 -0.02851342 0 0.06887688 0 0 0.07448248 0 0 0 0 -0.02217999 -0.02217999 0 0 0 0 -0.03572803 0 -0.02203725 0 -0.02227634 0 0 0 0 0.4949056 0 0 0 0.07404291 0 -0.1274466 0 -0.05623778 0 0 0 -0.04094226 0 0 -0.02810737 0 -0.03546707 -0.03649428 0.1697225 0 -0.0366713 -0.03631703 -0.03649428 -0.03676934 0.1810557 0
0.3940499 0 1 0.9982205 0 0 0 0 -0.05773291 0 0 0.9994068 1 -0.03206018 1.01 -0.1394943 0.9898831 0 0.8864686 0.9982205 0.9985166 0.9973258 0 0 0.9985166 0 0 0 0 0 0 0.9886672 0.4377356 0 -0.02325973 0.4377356 0 0.988366 0 0 0 0 0.9787931 0 0 0.4369394 0 0.9787931 0.6120835 -0.03670804 0.4377356 0 0 0 0 0 0.9787931 0 0.8343446 0 -0.1150619 0.9787931 0.9742391 0 0 0.4377356 0 0 0 0 0 0 0 0.4377356 -0.0405132 0 -0.1151465 0 -0.05773291 0.4350585 0 0.608651 0 0 0 0 0 0.9389688 0.852343 -0.04933982 0.4007455 -0.1149774 0 0.4012271 0 0 0 0.9600422 -0.1144696 0 0.9588228 0 0 0 0.9248702 0.1439813 0.9600422 0.9565819 0.4377356 0 0 0 0.6058236 0 0.4377356 0 0 -0.1141308 0 -0.2729703 0 0 -0.393021 0 0 0 0 0.8394756 0.8394756 0 0 0 0 0.07196806 0 0.8381879 0 -0.05179529 0 0 0 0 -0.05396476 0 0 0 -0.3117079 0 -0.3447311 0 0.3978816 0 0 0 -0.07520679 0 0 -0.111364 0 0.06423704 -0.02745583 0.4015348 0 -0.02804822 -0.02686242 -0.02745583 -0.02377569 -0.03104901 0
-0.0511467 0 -0.1394943 -0.1401867 0 0 0 0 -0.08271926 0 0 -0.1396423 -0.1394943 -0.04537877 -0.1394943 1.01 -0.137608 0 -0.1181314 -0.1401867 -0.1400714 -0.1396098 0 0 -0.1400714 0 0 0 0 0 0 -0.1397974 -0.07179729 0 -0.03873903 -0.07179729 0 -0.1399134 0 0 0 0 -0.1381143 0 0 -0.07201104 0 -0.1381143 -0.2091325 -0.02481033 -0.07179729 0 0 0 0 0 -0.1381143 0 -0.1187518 0 -0.1406075 -0.1381143 -0.1383693 0 0 -0.07179729 0 0 0 0 0 0 0 -0.07179729 -0.04090065 0 -0.140719 0 -0.08271926 -0.07075557 0 -0.2098973 0 0 0 0 0 -0.1458867 -0.1177451 -0.0964152 0.552786 -0.1404961 0 -0.07866414 0 0 0 -0.1396251 -0.139827 0 -0.1391619 0 0 0 -0.1437948 -0.1272944 -0.1396251 -0.1360175 -0.07179729 0 0 0 -0.2098783 0 -0.07179729 0 0 -0.1398383 0 -0.5707377 0 0 -0.5445501 0 0 0 0 -0.1176292 -0.1176292 0 0 0 0 -0.1599723 0 -0.1171193 0 -0.06478468 0 0 0 0 -0.09469333 0 0 0 -0.5406338 0 -0.46609 0 0.7316565 0 0 0 0.8606959 0 0 -0.1414257 0 -0.1407104 0.6933051 -0.1653857 0 0.6918589 0.6947559 0.6933051 0.6897916 -0.2107941 0
0.3982931 0 0.9898831 0.9881226 0 0 0 0 -0.05907544 0 0 0.9893064 0.9898831 -0.03266419 0.9898831 -0.137608 1.01 0 0.8954197 0.9881226 0.9884155 0.9871952 0 0 0.9884155 0 0 0 0 0 0 0.9782471 0.3984933 0 -0.024266 0.3984933 0 0.9779491 0 0 0 0 0.9680997 0 0 0.3977501 0 0.9680997 0.6060983 -0.0361048 0.3984933 0 0 0 0 0 0.9680997 0 0.8429685 0 -0.1129089 0.9680997 0.9635966 0 0 0.3984933 0 0 0 0 0 0 0 0.3984933 -0.03964547 0 -0.1129926 0 -0.05907544 0.3960884 0 0.6027258 0 0 0 0 0 0.9282794 0.8610172 -0.05049693 0.3970232 -0.1128252 0 0.3653027 0 0 0 0.9495684 -0.1123226 0 0.9483189 0 0 0 0.91431 0.1264431 0.9495684 0.9461574 0.3984933 0 0 0 0.5999138 0 0.3984933 0 0 -0.1119873 0 -0.2804743 0 0 -0.3894249 0 0 0 0 0.8480892 0.8480892 0 0 0 0 0.05814082 0 0.846786 0 -0.05304566 0 0 0 0 -0.05439877 0 0 0 -0.3075242 0 -0.3414491 0 0.4050191 0 0 0 -0.07265466 0 0 -0.1091369 0 0.05065684 -0.02474839 0.3956428 0 -0.02533613 -0.02415963 -0.02474839 -0.02102719 -0.04063599 0
0 0 0 0 0 0 0 0 0 0 0 0 0 0 0 0 0 1.01 0 0 0 0 0 0 0 0 0 0 0 0 0 0 0 0 0 0 0 0 0 0 0 0 0 0 0 0 0 0 0 0 0 0 0 0 0 0 0 0 0 0 0 0 0 0 0 0 0 0 0 0 0 0 0 0 0 0 0 0 0 0 0 0 0 0 0 0 0 0 0 0 0 0 0 0 0 0 0 0 0 0 0 0 0 0 0 0 0 0 0 0 0 0 0 0 0 0 0 0 0 0 0 0 0 0 0 0 0 0 0 0 0 0 0 0 0 0 0 0 0 0 0 0 0 0 0 0 0 0 0 0 0 0 0 0 0 0 0 0 0 0 0 0 0 0 0 0 0 0 0
0.447331 0 0.8864686 0.8848891 0 0 0 0 -0.04826424 0 0 0.8860758 0.8864686 -0.02416405 0.8864686 -0.1181314 0.8954197 0 1.01 0.8848891 0.8851519 0.883562 0 0 0.8851519 0 0 0 0 0 0 0.8723583 -0.02805616 0 -0.01943286 -0.02805616 0 0.8720916 0 0 0 0 0.8588166 0 0 -0.02822917 0 0.8588166 0.5361273 -0.03054283 -0.02805616 0 0 0 0 0 0.8588166 0 0.9419157 0 -0.1021457 0.8588166 0.8548005 0 0 -0.02805616 0 0 0 0 0 0 0 -0.02805616 -0.03723334 0 -0.102221 0 -0.04826424 -0.02749902 0 0.5329112 0 0 0 0 0 0.8230075 0.9614596 -0.04112642 0.3542255 -0.1020705 0 -0.02787262 0 0 0 0.8417672 -0.1016186 0 0.8401425 0 0 0 0.8095472 -0.08015729 0.8417672 0.8388561 -0.02805616 0 0 0 0.5302138 0 -0.02805616 0 0 -0.101317 0 -0.3579042 0 0 -0.3462393 0 0 0 0 0.9483842 0.9483842 0 0 0 0 -0.1039111 0 0.9468604 0 -0.04896741 0 0 0 0 -0.04330375 0 0 0 -0.2561416 0 -0.3043692 0 0.4847174 0 0 0 -0.04903532 0 0 -0.0993507 0 -0.1047886 -0.00133035 0.3361845 0 -0.001878762 -0.0007809226 -0.00133035 0.002939277 -0.1513712 0
0.3933533 0 0.9982205 0.9964417 0 0 0 0 -0.05703478 0 0 0.9976279 0.9982205 -0.03224675 0.9982205 -0.1401867 0.9881226 0 0.8848891 1.01 0.9997035 0.9985171 0 0 0.9997035 0 0 0 0 0 0 0.9899014 0.4369608 0 -0.02342162 0.4369608 0 0.9895997 0 0 0 0 0.9800685 0 0 0.436165 0 0.9800685 0.6129732 -0.03443993 0.4369608 0 0 0 0 0 0.9800685 0 0.8361009 0 -0.1150943 0.9800685 0.9755072 0 0 0.4369608 0 0 0 0 0 0 0 0.4369608 -0.04066981 0 -0.1151791 0 -0.05703478 0.4342846 0 0.6095306 0 0 0 0 0 0.9401598 0.854144 -0.04973307 0.4009331 -0.1150095 0 0.4004693 0 0 0 0.9583076 -0.1145005 0 0.9570905 0 0 0 0.923152 0.1438298 0.9583076 0.9548488 0.4369608 0 0 0 0.6045441 0 0.4369608 0 0 -0.1141609 0 -0.2715389 0 0 -0.3913863 0 0 0 0 0.8379492 0.8379492 0 0 0 0 0.07162427 0 0.8366639 0 -0.05210788 0 0 0 0 -0.05434474 0 0 0 -0.3101697 0 -0.3429083 0 0.3963127 0 0 0 -0.07593194 0 0 -0.1114078 0 0.06387658 -0.02813125 0.4001712 0 -0.02872434 -0.02753714 -0.02813125 -0.02445783 -0.03143733 0
0.3934692 0 0.9985166 0.9967376 0 0 0 0 -0.05698456 0 0 0.9979238 0.9985166 -0.03221567 0.9985166 -0.1400714 0.9884155 0 0.8851519 0.9997035 1.01 0.9988133 0 0 1 0 0 0 0 0 0 0.9901953 0.4370897 0 -0.02339466 0.4370897 0 0.9898935 0 0 0 0 0.9803594 0 0 0.4362938 0 0.9803594 0.6128249 -0.03442118 0.4370897 0 0 0 0 0 0.9803594 0 0.8363557 0 -0.1155499 0.9803594 0.9757978 0 0 0.4370897 0 0 0 0 0 0 0 0.4370897 -0.04064373 0 -0.1156346 0 -0.05698456 0.4344134 0 0.609384 0 0 0 0 0 0.9404478 0.8544002 -0.04966758 0.4009018 -0.1154652 0 0.4005954 0 0 0 0.9585962 -0.1149568 0 0.9573787 0 0 0 0.9234379 0.1439592 0.9585962 0.9551371 0.4370897 0 0 0 0.6043976 0 0.4370897 0 0 -0.1146176 0 -0.2714738 0 0 -0.3913581 0 0 0 0 0.8382031 0.8382031 0 0 0 0 0.07124983 0 0.8369175 0 -0.05205582 0 0 0 0 -0.05428146 0 0 0 -0.3101259 0 -0.3429191 0 0.3965738 0 0 0 -0.07581118 0 0 -0.111863 0 0.06350918 -0.02801878 0.4000807 0 -0.02861175 -0.02742478 -0.02801878 -0.02434424 -0.03163537 0
0.3882398 0 0.9973258 0.9955491 0 0 0 0 -0.05678353 0 0 0.9967349 0.9973258 -0.0320913 0.9973258 -0.1396098 0.9871952 0 0.883562 0.9985171 0.9988133 1.01 0 0 0.9988133 0 0 0 0 0 0 0.9889729 0.4376063 0 -0.02328673 0.4376063 0 0.9886715 0 0 0 0 0.9791064 0 0 0.4368101 0 0.9791064 0.611798 -0.03434614 0.4376063 0 0 0 0 0 0.9791064 0 0.8347469 0 -0.1157132 0.9791064 0.9745509 0 0 0.4376063 0 0 0 0 0 0 0 0.4376063 -0.04053932 0 -0.1157977 0 -0.05678353 0.4349293 0 0.6083654 0 0 0 0 0 0.9392646 0.8527546 -0.05024203 0.4004146 -0.1156287 0 0.4011006 0 0 0 0.9573671 -0.1151213 0 0.9585336 0 0 0 0.9222675 0.1444777 0.9573671 0.9539138 0.4376063 0 0 0 0.6033797 0 0.4376063 0 0 -0.1147827 0 -0.2708489 0 0 -0.390885 0 0 0 0 0.8365679 0.8365679 0 0 0 0 0.0692323 0 0.8352778 0 -0.05284075 0 0 0 0 -0.05402814 0 0 0 -0.3095905 0 -0.3426109 0 0.3959581 0 0 0 -0.07532774 0 0 -0.1120193 0 0.06357809 -0.0275685 0.3993377 0 -0.02816101 -0.02697497 -0.0275685 -0.02388948 -0.03124524 0
0 0 0 0 0 0 0 0 0 0 0 0 0 0 0 0 0 0 0 0 0 0 1.01 0 0 0 0 0 0 0 0 0 0 0 0 0 0 0 0 0 0 0 0 0 0 0 0 0 0 0 0 0 0 0 0 0 0 0 0 0 0 0 0 0 0 0 0 0 0 0 0 0 0 0 0 0 0 0 0 0 0 0 0 0 0 0 0 0 0 0 0 0 0 0 0 0 0 0 0 0 0 0 0 0 0 0 0 0 0 0 0 0 0 0 0 0 0 0 0 0 0 0 0 0 0 0 0 0 0 0 0 0 0 0 0 0 0 0 0 0 0 0 0 0 0 0 0 0 0 0 0 0 0 0 0 0 0 0 0 0 0 0 0 0 0 0 0 0 0
0 0 0 0 0 0 0 0 0 0 0 0 0 0 0 0 0 0 0 0 0 0 0 1.01 0 0 0 0 0 0 0 0 0 0 0 0 0 0 0 0 0 0 0 0 0 0 0 0 0 0 0 0 0 0 0 0 0 0 0 0 0 0 0 0 0 0 0 0 0 0 0 0 0 0 0 0 0 0 0 0 0 0 0 0 0 0 0 0 0 0 0 0 0 0 0 0 0 0 0 0 0 0 0 0 0 0 0 0 0 0 0 0 0 0 0 0 0 0 0 0 0 0 0 0 0 0 0 0 0 0 0 0 0 0 0 0 0 0 0 0 0 0 0 0 0 0 0 0 0 0 0 0 0 0 0 0 0 0 0 0 0 0 0 0 0 0 0 0 0
0.3934692 0 0.9985166 0.9967376 0 0 0 0 -0.05698456 0 0 0.9979238 0.9985166 -0.03221567 0.9985166 -0.1400714 0.9884155 0 0.8851519 0.9997035 1 0.9988133 0 0 1.01 0 0 0 0 0 0 0.9901953 0.4370897 0 -0.02339466 0.4370897 0 0.9898935 0 0 0 0 0.9803594 0 0 0.4362938 0 0.9803594 0.6128249 -0.03442118 0.4370897 0 0 0 0 0 0.9803594 0 0.8363557 0 -0.1155499 0.9803594 0.9757978 0 0 0.4370897 0 0 0 0 0 0 0 0.4370897 -0.04064373 0 -0.1156346 0 -0.05698456 0.4344134 0 0.609384 0 0 0 0 0 0.9404478 0.8544002 -0.04966758 0.4009018 -0.1154652 0 0.4005954 0 0 0 0.9585962 -0.1149568 0 0.9573787 0 0 0 0.9234379 0.1439592 0.9585962 0.9551371 0.4370897 0 0 0 0.6043976 0 0.4370897 0 0 -0.1146176 0 -0.2714738 0 0 -0.3913581 0 0 0 0 0.8382031 0.8382031 0 0 0 0 0.07124983 0 0.8369175 0 -0.05205582 0 0 0 0 -0.05428146 0 0 0 -0.3101259 0 -0.3429191 0 0.3965738 0 0 0 -0.07581118 0 0 -0.111863 0 0.06350918 -0.02801878 0.4000807 0 -0.02861175 -0.02742478 -0.02801878 -0.02434424 -0.03163537 0
0 0 0 0 0 0 0 0 0 0 0 0 0 0 0 0 0 0 0 0 0 0 0 0 0 1.01 0 0 0 0 0 0 0 0 0 0 0 0 0 0 0 0 0 0 0 0 0 0 0 0 0 0 0 0 0 0 0 0 0 0 0 0 0 0 0 0 0 0 0 0 0 0 0 0 0 0 0 0 0 0 0 0 0 0 0 0 0 0 0 0 0 0 0 0 0 0 0 0 0 0 0 0 0 0 0 0 0 0 0 0 0 0 0 0 0 0 0 0 0 0 0 0 0 0 0 0 0 0 0 0 0 0 0 0 0 0 0 0 0 0 0 0 0 0 0 0 0 0 0 0 0 0 0 0 0 0 0 0 0 0 0 0 0 0 0 0 0 0 0
0 0 0 0 0 0 0 0 0 0 0 0 0 0 0 0 0 0 0 0 0 0 0 0 0 0 1.01 0 0 0 0 0 0 0 0 0 0 0 0 0 0 0 0 0 0 0 0 0 0 0 0 0 0 0 0 0 0 0 0 0 0 0 0 0 0 0 0 0 0 0 0 0 0 0 0 0 0 0 0 0 0 0 0 0 0 0 0 0 0 0 0 0 0 0 0 0 0 0 0 0 0 0 0 0 0 0 0 0 0 0 0 0 0 0 0 0 0 0 0 0 0 0 0 0 0 0 0 0 0 0 0 0 0 0 0 0 0 0 0 0 0 0 0 0 0 0 0 0 0 0 0 0 0 0 0 0 0 0 0 0 0 0 0 0 0 0 0 0 0
0 0 0 0 0 0 0 0 0 0 0 0 0 0 0 0 0 0 0 0 0 0 0 0 0 0 0 1.01 0 0 0 0 0 0 0 0 0 0 0 0 0 0 0 0 0 0 0 0 0 0 0 0 0 0 0 0 0 0 0 0 0 0 0 0 0 0 0 0 0 0 0 0 0 0 0 0 0 0 0 0 0 0 0 0 0 0 0 0 0 0 0 0 0 0 0 0 0 0 0 0 0 0 0 0 0 0 0 0 0 0 0 0 0 0 0 0 0 0 0 0 0 0 0 0 0 0 0 0 0 0 0 0 0 0 0 0 0 0 0 0 0 0 0 0 0 0 0 0 0 0 0 0 0 0 0 0 0 0 0 0 0 0 0 0 0 0 0 0 0
0 0 0 0 0 0 0 0 0 0 0 0 0 0 0 0 0 0 0 0 0 0 0 0 0 0 0 0 1.01 0 0 0 0 0 0 0 0 0 0 0 0 0 0 0 0 0 0 0 0 0 0 0 0 0 0 0 0 0 0 0 0 0 0 0 0 0 0 0 0 0 0 0 0 0 0 0 0 0 0 0 0 0 0 0 0 0 0 0 0 0 0 0 0 0 0 0 0 0 0 0 0 0 0 0 0 0 0 0 0 0 0 0 0 0 0 0 0 0 0 0 0 0 0 0 0 0 0 0 0 0 0 0 0 0 0 0 0 0 0 0 0 0 0 0 0 0 0 0 0 0 0 0 0 0 0 0 0 0 0 0 0 0 0 0 0 0 0 0 0
0 0 0 0 0 0 0 0 0 0 0 0 0 0 0 0 0 0 0 0 0 0 0 0 0 0 0 0 0 1.01 0 0 0 0 0 0 0 0 0 0 0 0 0 0 0 0 0 0 0 0 0 0 0 0 0 0 0 0 0 0 0 0 0 0 0 0 0 0 0 0 0 0 0 0 0 0 0 0 0 0 0 0 0 0 0 0 0 0 0 0 0 0 0 0 0 0 0 0 0 0 0 0 0 0 0 0 0 0 0 0 0 0 0 0 0 0 0 0 0 0 0 0 0 0 0 0 0 0 0 0 0 0 0 0 0 0 0 0 0 0 0 0 0 0 0 0 0 0 0 0 0 0 0 0 0 0 0 0 0 0 0 0 0 0 0 0 0 0 0
0 0 0 0 0 0 0 0 0 0 0 0 0 0 0 0 0 0 0 0 0 0 0 0 0 0 0 0 0 0 1.01 0 0 0 0 0 0 0 0 0 0 0 0 0 0 0 0 0 0 0 0 0 0 0 0 0 0 0 0 0 0 0 0 0 0 0 0 0 0 0 0 0 0 0 0 0 0 0 0 0 0 0 0 0 0 0 0 0 0 0 0 0 0 0 0 0 0 0 0 0 0 0 0 0 0 0 0 0 0 0 0 0 0 0 0 0 0 0 0 0 0 0 0 0 0 0 0 0 0 0 0 0 0 0 0 0 0 0 0 0 0 0 0 0 0 0 0 0 0 0 0 0 0 0 0 0 0 0 0 0 0 0 0 0 0 0 0 0 0
0.3961465 0 0.9886672 0.9869043 0 0 0 0 -0.05656292 0 0 0.9880919 0.9886672 -0.03296993 0.9886672 -0.1397974 0.9782471 0 0.8723583 0.9899014 0.9901953 0.9889729 0 0 0.9901953 0 0 0 0 0 0 1.01 0.4406708 0 -0.02451604 0.4406708 0 0.9996972 0 0 0 0 0.989989 0 0 0.4398721 0 0.989989 0.6201406 -0.03394331 0.4406708 0 0 0 0 0 0.989989 0 0.8451199 0 -0.1150286 0.989989 0.9854116 0 0 0.4406708 0 0 0 0 0 0 0 0.4406708 -0.0399478 0 -0.1151126 0 -0.05656292 0.437994 0 0.6167065 0 0 0 0 0 0.9499549 0.8632358 -0.07557464 0.4070593 -0.1149446 0 0.4041284 0 0 0 0.9681153 -0.1144404 0 0.9668766 0 0 0 0.9328388 0.1476299 0.9681153 0.9646452 0.4406708 0 0 0 0.6116894 0 0.4406708 0 0 -0.114104 0 -0.2767197 0 0 -0.3975574 0 0 0 0 0.8469178 0.8469178 0 0 0 0 0.0731995 0 0.8456096 0 -0.05054245 0 0 0 0 -0.05412019 0 0 0 -0.3154479 0 -0.3490061 0 0.4019502 0 0 0 -0.07519717 0 0 -0.111821 0 0.06448445 -0.02722735 0.4060915 0 -0.02781635 -0.02663734 -0.02722735 -0.02349927 -0.0296157 0
-0.01793952 0 0.4377356 0.4369608 0 0 0 0 -0.0309334 0 0 0.4372174 0.4377356 -0.02230299 0.4377356 -0.07179729 0.3984933 0 -0.02805616 0.4369608 0.4370897 0.4376063 0 0 0.4370897 0 0 0 0 0 0 0.4406708 1.01 0 -0.01248608 1 0 0.440538 0 0 0 0 0.4456517 0 0 0.9986162 0 0.4456517 0.2804919 -0.01994952 1 0 0 0 0 0 0.4456517 0 -0.02779623 0 -0.0500812 0.4456517 0.4436177 0 0 1 0 0 0 0 0 0 0 1 -0.01517023 0 -0.05011762 0 -0.0309334 0.9931351 0 0.2793261 0 0 0 0 0 0.4292025 -0.02689006 -0.02667196 0.1774076 -0.05004477 0 0.9207864 0 0 0 0.4382741 -0.04982606 0 0.4387965 0 0 0 0.4249006 0.4667233 0.4382741 0.4364556 1 0 0 0 0.2784595 0 1 0 0 -0.0496801 0 0.1057289 0 0 -0.1762386 0 0 0 0 -0.0292805 -0.0292805 0 0 0 0 0.3573263 0 -0.02910127 0 -0.01674224 0 0 0 0 -0.03243156 0 0 0 -0.1756467 0 -0.1532792 0 -0.08229725 0 0 0 -0.06717826 0 0 -0.04752405 0 0.3423324 -0.05671897 0.2141625 0 -0.05693306 -0.05650465 -0.05671897 -0.05706502 0.2270185 0
0 0 0 0 0 0 0 0 0 0 0 0 0 0 0 0 0 0 0 0 0 0 0 0 0 0 0 0 0 0 0 0 0 1.01 0 0 0 0 0 0 0 0 0 0 0 0 0 0 0 0 0 0 0 0 0 0 0 0 0 0 0 0 0 0 0 0 0 0 0 0 0 0 0 0 0 0 0 0 0 0 0 0 0 0 0 0 0 0 0 0 0 0 0 0 0 0 0 0 0 0 0 0 0 0 0 0 0 0 0 0 0 0 0 0 0 0 0 0 0 0 0 0 0 0 0 0 0 0 0 0 0 0 0 0 0 0 0 0 0 0 0 0 0 0 0 0 0 0 0 0 0 0 0 0 0 0 0 0 0 0 0 0 0 0 0 0 0 0 0
-0.01769619 0 -0.02325973 -0.02342162 0 0 0 0 -0.009805271 0 0 -0.02329989 -0.02325973 -0.01438154 -0.02325973 -0.03873903 -0.024266 0 -0.01943286 -0.02342162 -0.02339466 -0.02328673 0 0 -0.02339466 0 0 0 0 0 0 -0.02451604 -0.01248608 0 1.01 -0.01248608 0 -0.02454298 0 0 0 0 -0.02558689 0 0 -0.01253777 0 -0.02558689 -0.04687156 -0.01332484 -0.01248608 0 0 0 0 0 -0.02558689 0 -0.02441307 0 -0.03642818 -0.02558689 -0.02598871 0 0 -0.01248608 0 0 0 0 0 0 0 -0.01248608 -0.01782049 0 -0.03645207 0 -0.009805271 -0.01274347 0 -0.04743384 0 0 0 0 0 -0.02907755 -0.0229385 -0.0154444 0.1223809 -0.03640428 0 -0.004209403 0 0 0 -0.02697055 -0.03626082 0 -0.026865 0 0 0 -0.0299138 -0.03412268 -0.02697055 -0.02727024 -0.01248608 0 0 0 -0.04774419 0 -0.01248608 0 0 -0.0361651 0 -0.1243219 0 0 -0.1195028 0 0 0 0 -0.02354185 -0.02354185 0 0 0 0 -0.03890665 0 -0.02342633 0 -0.01678564 0 0 0 0 -0.02795145 0 0 0 -0.1219301 0 -0.1048324 0 -0.04820038 0 0 0 -0.03545328 0 0 0.113981 0 0.1002962 -0.0388286 0.1448351 0 -0.03897072 -0.03868632 -0.0388286 -0.03905957 0.153308 0
-0.01793952 0 0.4377356 0.4369608 0 0 0 0 -0.0309334 0 0 0.4372174 0.4377356 -0.02230299 0.4377356 -0.07179729 0.3984933 0 -0.02805616 0.4369608 0.4370897 0.4376063 0 0 0.4370897 0 0 0 0 0 0 0.4406708 1 0 -0.01248608 1.01 0 0.440538 0 0 0 0 0.4456517 0 0 0.9986162 0 0.4456517 0.2804919 -0.01994952 1 0 0 0 0 0 0.4456517 0 -0.02779623 0 -0.0500812 0.4456517 0.4436177 0 0 1 0 0 0 0 0 0 0 1 -0.01517023 0 -0.05011762 0 -0.0309334 0.9931351 0 0.2793261 0 0 0 0 0 0.4292025 -0.02689006 -0.02667196 0.1774076 -0.05004477 0 0.9207864 0 0 0 0.4382741 -0.04982606 0 0.4387965 0 0 0 0.4249006 0.4667233 0.4382741 0.4364556 1 0 0 0 0.2784595 0 1 0 0 -0.0496801 0 0.1057289 0 0 -0.1762386 0 0 0 0 -0.0292805 -0.0292805 0 0 0 0 0.3573263 0 -0.02910127 0 -0.01674224 0 0 0 0 -0.03243156 0 0 0 -0.1756467 0 -0.1532792 0 -0.08229725 0 0 0 -0.06717826 0 0 -0.04752405 0 0.3423324 -0.05671897 0.2141625 0 -0.05693306 -0.05650465 -0.05671897 -0.05706502 0.2270185 0
0 0 0 0 0 0 0 0 0 0 0 0 0 0 0 0 0 0 0 0 0 0 0 0 0 0 0 0 0 0 0 0 0 0 0 0 1.01 0 0 0 0 0 0 0 0 0 0 0 0 0 0 0 0 0 0 0 0 0 0 0 0 0 0 0 0 0 0 0 0 0 0 0 0 0 0 0 0 0 0 0 0 0 0 0 0 0 0 0 0 0 0 0 0 0 0 0 0 0 0 0 0 0 0 0 0 0 0 0 0 0 0 0 0 0 0 0 0 0 0 0 0 0 0 0 0 0 0 0 0 0 0 0 0 0 0 0 0 0 0 0 0 0 0 0 0 0 0 0 0 0 0 0 0 0 0 0 0 0 0 0 0 0 0 0 0 0 0 0 0
0.3960273 0 0.988366 0.9866032 0 0 0 0 -0.05661353 0 0 0.9877908 0.988366 -0.03300105 0.988366 -0.1399134 0.9779491 0 0.8720916 0.9895997 0.9898935 0.9886715 0 0 0.9898935 0 0 0 0 0 0 0.9996972 0.440538 0 -0.02454298 0.440538 0 1.01 0 0 0 0 0.9896893 0 0 0.4397395 0 0.9896893 0.6198487 -0.03396221 0.440538 0 0 0 0 0 0.9896893 0 0.8448574 0 -0.1151268 0.9896893 0.9851122 0 0 0.440538 0 0 0 0 0 0 0 0.440538 -0.03997413 0 -0.1152108 0 -0.05661353 0.4378615 0 0.6164145 0 0 0 0 0 0.9496582 0.8629717 -0.07563561 0.4067226 -0.1150428 0 0.4039987 0 0 0 0.967818 -0.1145385 0 0.9665796 0 0 0 0.9325444 0.1474978 0.967818 0.9643482 0.440538 0 0 0 0.6113979 0 0.440538 0 0 -0.1142019 0 -0.2764156 0 0 -0.397219 0 0 0 0 0.8466561 0.8466561 0 0 0 0 0.07305386 0 0.8453484 0 -0.05059515 0 0 0 0 -0.05418395 0 0 0 -0.3151264 0 -0.3486378 0 0.4016836 0 0 0 -0.07531902 0 0 -0.1119213 0 0.06433709 -0.02734105 0.4057953 0 -0.02793016 -0.02675092 -0.02734105 -0.02361412 -0.02981398 0
0 0 0 0 0 0 0 0 0 0 0 0 0 0 0 0 0 0 0 0 0 0 0 0 0 0 0 0 0 0 0 0 0 0 0 0 0 0 1.01 0 0 0 0 0 0 0 0 0 0 0 0 0 0 0 0 0 0 0 0 0 0 0 0 0 0 0 0 0 0 0 0 0 0 0 0 0 0 0 0 0 0 0 0 0 0 0 0 0 0 0 0 0 0 0 0 0 0 0 0 0 0 0 0 0 0 0 0 0 0 0 0 0 0 0 0 0 0 0 0 0 0 0 0 0 0 0 0 0 0 0 0 0 0 0 0 0 0 0 0 0 0 0 0 0 0 0 0 0 0 0 0 0 0 0 0 0 0 0 0 0 0 0 0 0 0 0 0 0 0
0 0 0 0 0 0 0 0 0 0 0 0 0 0 0 0 0 0 0 0 0 0 0 0 0 0 0 0 0 0 0 0 0 0 0 0 0 0 0 1.01 0 0 0 0 0 0 0 0 0 0 0 0 0 0 0 0 0 0 0 0 0 0 0 0 0 0 0 0 0 0 0 0 0 0 0 0 0 0 0 0 0 0 0 0 0 0 0 0 0 0 0 0 0 0 0 0 0 0 0 0 0 0 0 0 0 0 0 0 0 0 0 0 0 0 0 0 0 0 0 0 0 0 0 0 0 0 0 0 0 0 0 0 0 0 0 0 0 0 0 0 0 0 0 0 0 0 0 0 0 0 0 0 0 0 0 0 0 0 0 0 0 0 0 0 0 0 0 0 0
0 0 0 0 0 0 0 0 0 0 0 0 0 0 0 0 0 0 0 0 0 0 0 0 0 0 0 0 0 0 0 0 0 0 0 0 0 0 0 0 1.01 0 0 0 0 0 0 0 0 0 0 0 0 0 0 0 0 0 0 0 0 0 0 0 0 0 0 0 0 0 0 0 0 0 0 0 0 0 0 0 0 0 0 0 0 0 0 0 0 0 0 0 0 0 0 0 0 0 0 0 0 0 0 0 0 0 0 0 0 0 0 0 0 0 0 0 0 0 0 0 0 0 0 0 0 0 0 0 0 0 0 0 0 0 0 0 0 0 0 0 0 0 0 0 0 0 0 0 0 0 0 0 0 0 0 0 0 0 0 0 0 0 0 0 0 0 0 0 0
0 0 0 0 0 0 0 0 0 0 0 0 0 0 0 0 0 0 0 0 0 0 0 0 0 0 0 0 0 0 0 0 0 0 0 0 0 0 0 0 0 1.01 0 0 0 0 0 0 0 0 0 0 0 0 0 0 0 0 0 0 0 0 0 0 0 0 0 0 0 0 0 0 0 0 0 0 0 0 0 0 0 0 0 0 0 0 0 0 0 0 0 0 0 0 0 0 0 0 0 0 0 0 0 0 0 0 0 0 0 0 0 0 0 0 0 0 0 0 0 0 0 0 0 0 0 0 0 0 0 0 0 0 0 0 0 0 0 0 0 0 0 0 0 0 0 0 0 0 0 0 0 0 0 0 0 0 0 0 0 0 0 0 0 0 0 0 0 0 0
0.4006209 0 0.9787931 0.9770483 0 0 0 0 -0.05698654 0 0 0.9782343 0.9787931 -0.03197706 0.9787931 -0.1381143 0.9680997 0 0.8588166 0.9800685 0.9803594 0.9791064 0 0 0.9803594 0 0 0 0 0 0 0.989989 0.4456517 0 -0.02558689 0.4456517 0 0.9896893 0 0 0 0 1.01 0 0 0.4448492 0 1 0.6279986 -0.03335822 0.4456517 0 0 0 0 0 1 0 0.8536005 0 -0.1141641 1 0.9954106 0 0 0.4456517 0 0 0 0 0 0 0 0.4456517 -0.03912323 0 -0.1142471 0 -0.05698654 0.4429657 0 0.6245733 0 0 0 0 0 0.9592592 0.871769 -0.07449524 0.4147284 -0.1140811 0 0.408962 0 0 0 0.9780353 -0.1135826 0 0.9767808 0 0 0 0.9426522 0.1496655 0.9780353 0.9745554 0.4456517 0 0 0 0.6195372 0 0.4456517 0 0 -0.11325 0 -0.2831131 0 0 -0.405286 0 0 0 0 0.8553604 0.8553604 0 0 0 0 0.07602764 0 0.8540352 0 -0.04885472 0 0 0 0 -0.05206887 0 0 0 -0.3228844 0 -0.3577692 0 0.4083728 0 0 0 -0.07383497 0 0 -0.1108886 0 0.06737972 -0.02519771 0.4141377 0 -0.02578201 -0.0246124 -0.02519771 -0.02142612 -0.02626918 0
0 0 0 0 0 0 0 0 0 0 0 0 0 0 0 0 0 0 0 0 0 0 0 0 0 0 0 0 0 0 0 0 0 0 0 0 0 0 0 0 0 0 0 1.01 0 0 0 0 0 0 0 0 0 0 0 0 0 0 0 0 0 0 0 0 0 0 0 0 0 0 0 0 0 0 0 0 0 0 0 0 0 0 0 0 0 0 0 0 0 0 0 0 0 0 0 0 0 0 0 0 0 0 0 0 0 0 0 0 0 0 0 0 0 0 0 0 0 0 0 0 0 0 0 0 0 0 0 0 0 0 0 0 0 0 0 0 0 0 0 0 0 0 0 0 0 0 0 0 0 0 0 0 0 0 0 0 0 0 0 0 0 0 0 0 0 0 0 0 0
0 0 0 0 0 0 0 0 0 0 0 0 0 0 0 0 0 0 0 0 0 0 0 0 0 0 0 0 0 0 0 0 0 0 0 0 0 0 0 0 0 0 0 0 1.01 0 0 0 0 0 0 0 0 0 0 0 0 0 0 0 0 0 0 0 0 0 0 0 0 0 0 0 0 0 0 0 0 0 0 0 0 0 0 0 0 0 0 0 0 0 0 0 0 0 0 0 0 0 0 0 0 0 0 0 0 0 0 0 0 0 0 0 0 0 0 0 0 0 0 0 0 0 0 0 0 0 0 0 0 0 0 0 0 0 0 0 0 0 0 0 0 0 0 0 0 0 0 0 0 0 0 0 0 0 0 0 0 0 0 0 0 0 0 0 0 0 0 0 0
-0.01800742 0 0.4369394 0.436165 0 0 0 0 -0.03102527 0 0 0.4364217 0.4369394 -0.02235454 0.4369394 -0.07201104 0.3977501 0 -0.02822917 0.436165 0.4362938 0.4368101 0 0 0.4362938 0 0 0 0 0 0 0.4398721 0.9986162 0 -0.01253777 0.9986162 0 0.4397395 0 0 0 0 0.4448492 0 0 1.01 0 0.4448492 0.2797649 -0.01997838 0.9986162 0 0 0 0 0 0.4448492 0 -0.02797208 0 -0.05027439 0.4448492 0.4428165 0 0 0.9986162 0 0 0 0 0 0 0 0.9986162 -0.01522358 0 -0.05031084 0 -0.03102527 0.9917593 0 0.2785989 0 0 0 0 0 0.428411 -0.02706286 -0.02679931 0.1766289 -0.05023792 0 0.9194955 0 0 0 0.4374771 -0.050019 0 0.4379992 0 0 0 0.4241124 0.4659035 0.4374771 0.43566 0.9986162 0 0 0 0.2777324 0 0.9986162 0 0 -0.0498729 0 0.1061288 0 0 -0.1754539 0 0 0 0 -0.02945186 -0.02945186 0 0 0 0 0.3565871 0 -0.02927252 0 -0.01685429 0 0 0 0 -0.03254862 0 0 0 -0.1748648 0 -0.15244 0 -0.08259505 0 0 0 -0.06738362 0 0 -0.04772375 0 0.3416051 -0.05690048 0.2134228 0 -0.05711478 -0.05668594 -0.05690048 -0.05724701 0.2262913 0
0 0 0 0 0 0 0 0 0 0 0 0 0 0 0 0 0 0 0 0 0 0 0 0 0 0 0 0 0 0 0 0 0 0 0 0 0 0 0 0 0 0 0 0 0 0 1.01 0 0 0 0 0 0 0 0 0 0 0 0 0 0 0 0 0 0 0 0 0 0 0 0 0 0 0 0 0 0 0 0 0 0 0 0 0 0 0 0 0 0 0 0 0 0 0 0 0 0 0 0 0 0 0 0 0 0 0 0 0 0 0 0 0 0 0 0 0 0 0 0 0 0 0 0 0 0 0 0 0 0 0 0 0 0 0 0 0 0 0 0 0 0 0 0 0 0 0 0 0 0 0 0 0 0 0 0 0 0 0 0 0 0 0 0 0 0 0 0 0 0
0.4006209 0 0.9787931 0.9770483 0 0 0 0 -0.05698654 0 0 0.9782343 0.9787931 -0.03197706 0.9787931 -0.1381143 0.9680997 0 0.8588166 0.9800685 0.9803594 0.9791064 0 0 0.9803594 0 0 0 0 0 0 0.989989 0.4456517 0 -0.02558689 0.4456517 0 0.9896893 0 0 0 0 1 0 0 0.4448492 0 1.01 0.6279986 -0.03335822 0.4456517 0 0 0 0 0 1 0 0.8536005 0 -0.1141641 1 0.9954106 0 0 0.4456517 0 0 0 0 0 0 0 0.4456517 -0.03912323 0 -0.1142471 0 -0.05698654 0.4429657 0 0.6245733 0 0 0 0 0 0.9592592 0.871769 -0.07449524 0.4147284 -0.1140811 0 0.408962 0 0 0 0.9780353 -0.1135826 0 0.9767808 0 0 0 0.9426522 0.1496655 0.9780353 0.9745554 0.4456517 0 0 0 0.6195372 0 0.4456517 0 0 -0.11325 0 -0.2831131 0 0 -0.405286 0 0 0 0 0.8553604 0.8553604 0 0 0 0 0.07602764 0 0.8540352 0 -0.04885472 0 0 0 0 -0.05206887 0 0 0 -0.3228844 0 -0.3577692 0 0.4083728 0 0 0 -0.07383497 0 0 -0.1108886 0 0.06737972 -0.02519771 0.4141377 0 -0.02578201 -0.0246124 -0.02519771 -0.02142612 -0.02626918 0
0.252312 0 0.6120835 0.6108066 0 0 0 0 -0.09150949 0 0 0.6120167 0.6120835 -0.04551279 0.6120835 -0.2091325 0.6060983 0 0.5361273 0.6129732 0.6128249 0.611798 0 0 0.6128249 0 0 0 0 0 0 0.6201406 0.2804919 0 -0.04687156 0.2804919 0 0.6198487 0 0 0 0 0.6279986 0 0 0.2797649 0 0.6279986 1.01 -0.0444887 0.2804919 0 0 0 0 0 0.6279986 0 0.5287581 0 0.7012295 0.6279986 0.6244291 0 0 0.2804919 0 0 0 0 0 0 0 0.2804919 -0.06297204 0 0.700968 0 -0.09150949 0.283398 0 0.994975 0 0 0 0 0 0.5943682 0.5460051 -0.09788945 0.6679187 0.7014911 0 0.2503289 0 0 0 0.6130909 0.7006361 0 0.6120633 0 0 0 0.5842571 0.0297467 0.6130909 0.6097258 0.2804919 0 0 0 0.9883883 0 0.2804919 0 0 0.7000663 0 -0.5828206 0 0 -0.6557107 0 0 0 0 0.5354235 0.5354235 0 0 0 0 0.7682021 0 0.5343236 0 -0.08811964 0 0 0 0 -0.1008481 0 0 0 -0.5793359 0 -0.552415 0 0.1515473 0 0 0 -0.1582217 0 0 0.6330421 0 0.689138 -0.1081023 0.7030964 0 -0.1085581 -0.107646 -0.1081023 -0.1056782 0.409599 0
-0.006486946 0 -0.03670804 -0.03681792 0 0 0 0 -0.02588898 0 0 -0.03672288 -0.03670804 0.01044884 -0.03670804 -0.02481033 -0.0361048 0 -0.03054283 -0.03443993 -0.03442118 -0.03434614 0 0 -0.03442118 0 0 0 0 0 0 -0.03394331 -0.01994952 0 -0.01332484 -0.01994952 0 -0.03396221 0 0 0 0 -0.03335822 0 0 -0.01997838 0 -0.03335822 -0.0444887 1.01 -0.01994952 0 0 0 0 0 -0.03335822 0 -0.02845556 0 -0.0262651 -0.03335822 -0.03364345 0 0 -0.01994952 0 0 0 0 0 0 0 -0.01994952 -0.0143282 0 -0.02628475 0 -0.02588898 -0.02009343 0 -0.04491639 0 0 0 0 0 -0.03573492 -0.02741294 -0.01838944 -0.0591575 -0.02624544 0 -0.0169145 0 0 0 -0.03668557 -0.02612743 0 -0.03661212 0 0 0 -0.02469818 -0.03100787 -0.03668557 -0.0368836 -0.01994952 0 0 0 -0.04688743 0 -0.01994952 0 0 -0.02604867 0 0.05722662 0 0 0.06227587 0 0 0 0 -0.03048946 -0.03048946 0 0 0 0 -0.03245259 0 -0.03040872 0 -0.002402639 0 0 0 0 -0.003981006 0 0 0 0.05619066 0 0.06452448 0 -0.03944037 0 0 0 -0.02265053 0 0 -0.02904804 0 -0.03617061 -0.02525175 -0.05181494 0 -0.01186478 -0.0251318 -0.02525175 -0.02543847 -0.0478908 0
-0.01793952 0 0.4377356 0.4369608 0 0 0 0 -0.0309334 0 0 0.4372174 0.4377356 -0.02230299 0.4377356 -0.07179729 0.3984933 0 -0.02805616 0.4369608 0.4370897 0.4376063 0 0 0.4370897 0 0 0 0 0 0 0.4406708 1 0 -0.01248608 1 0 0.440538 0 0 0 0 0.4456517 0 0 0.9986162 0 0.4456517 0.2804919 -0.01994952 1.01 0 0 0 0 0 0.4456517 0 -0.02779623 0 -0.0500812 0.4456517 0.4436177 0 0 1 0 0 0 0 0 0 0 1 -0.01517023 0 -0.05011762 0 -0.0309334 0.9931351 0 0.2793261 0 0 0 0 0 0.4292025 -0.02689006 -0.02667196 0.1774076 -0.05004477 0 0.9207864 0 0 0 0.4382741 -0.04982606 0 0.4387965 0 0 0 0.4249006 0.4667233 0.4382741 0.4364556 1 0 0 0 0.2784595 0 1 0 0 -0.0496801 0 0.1057289 0 0 -0.1762386 0 0 0 0 -0.0292805 -0.0292805 0 0 0 0 0.3573263 0 -0.02910127 0 -0.01674224 0 0 0 0 -0.03243156 0 0 0 -0.1756467 0 -0.1532792 0 -0.08229725 0 0 0 -0.06717826 0 0 -0.04752405 0 0.3423324 -0.05671897 0.2141625 0 -0.05693306 -0.05650465 -0.05671897 -0.05706502 0.2270185 0
0 0 0 0 0 0 0 0 0 0 0 0 0 0 0 0 0 0 0 0 0 0 0 0 0 0 0 0 0 0 0 0 0 0 0 0 0 0 0 0 0 0 0 0 0 0 0 0 0 0 0 1.01 0 0 0 0 0 0 0 0 0 0 0 0 0 0 0 0 0 0 0 0 0 0 0 0 0 0 0 0 0 0 0 0 0 0 0 0 0 0 0 0 0 0 0 0 0 0 0 0 0 0 0 0 0 0 0 0 0 0 0 0 0 0 0 0 0 0 0 0 0 0 0 0 0 0 0 0 0 0 0 0 0 0 0 0 0 0 0 0 0 0 0 0 0 0 0 0 0 0 0 0 0 0 0 0 0 0 0 0 0 0 0 0 0 0 0 0 0
0 0 0 0 0 0 0 0 0 0 0 0 0 0 0 0 0 0 0 0 0 0 0 0 0 0 0 0 0 0 0 0 0 0 0 0 0 0 0 0 0 0 0 0 0 0 0 0 0 0 0 0 1.01 0 0 0 0 0 0 0 0 0 0 0 0 0 0 0 0 0 0 0 0 0 0 0 0 0 0 0 0 0 0 0 0 0 0 0 0 0 0 0 0 0 0 0 0 0 0 0 0 0 0 0 0 0 0 0 0 0 0 0 0 0 0 0 0 0 0 0 0 0 0 0 0 0 0 0 0 0 0 0 0 0 0 0 0 0 0 0 0 0 0 0 0 0 0 0 0 0 0 0 0 0 0 0 0 0 0 0 0 0 0 0 0 0 0 0 0
0 0 0 0 0 0 0 0 0 0 0 0 0 0 0 0 0 0 0 0 0 0 0 0 0 0 0 0 0 0 0 0 0 0 0 0 0 0 0 0 0 0 0 0 0 0 0 0 0 0 0 0 0 1.01 0 0 0 0 0 0 0 0 0 0 0 0 0 0 0 0 0 0 0 0 0 0 0 0 0 0 0 0 0 0 0 0 0 0 0 0 0 0 0 0 0 0 0 0 0 0 0 0 0 0 0 0 0 0 0 0 0 0 0 0 0 0 0 0 0 0 0 0 0 0 0 0 0 0 0 0 0 0 0 0 0 0 0 0 0 0 0 0 0 0 0 0 0 0 0 0 0 0 0 0 0 0 0 0 0 0 0 0 0 0 0 0 0 0 0
0 0 0 0 0 0 0 0 0 0 0 0 0 0 0 0 0 0 0 0 0 0 0 0 0 0 0 0 0 0 0 0 0 0 0 0 0 0 0 0 0 0 0 0 0 0 0 0 0 0 0 0 0 0 1.01 0 0 0 0 0 0 0 0 0 0 0 0 0 0 0 0 0 0 0 0 0 0 0 0 0 0 0 0 0 0 0 0 0 0 0 0 0 0 0 0 0 0 0 0 0 0 0 0 0 0 0 0 0 0 0 0 0 0 0 0 0 0 0 0 0 0 0 0 0 0 0 0 0 0 0 0 0 0 0 0 0 0 0 0 0 0 0 0 0 0 0 0 0 0 0 0 0 0 0 0 0 0 0 0 0 0 0 0 0 0 0 0 0 0
0 0 0 0 0 0 0 0 0 0 0 0 0 0 0 0 0 0 0 0 0 0 0 0 0 0 0 0 0 0 0 0 0 0 0 0 0 0 0 0 0 0 0 0 0 0 0 0 0 0 0 0 0 0 0 1.01 0 0 0 0 0 0 0 0 0 0 0 0 0 0 0 0 0 0 0 0 0 0 0 0 0 0 0 0 0 0 0 0 0 0 0 0 0 0 0 0 0 0 0 0 0 0 0 0 0 0 0 0 0 0 0 0 0 0 0 0 0 0 0 0 0 0 0 0 0 0 0 0 0 0 0 0 0 0 0 0 0 0 0 0 0 0 0 0 0 0 0 0 0 0 0 0 0 0 0 0 0 0 0 0 0 0 0 0 0 0 0 0 0
0.4006209 0 0.9787931 0.9770483 0 0 0 0 -0.05698654 0 0 0.9782343 0.9787931 -0.03197706 0.9787931 -0.1381143 0.9680997 0 0.8588166 0.9800685 0.9803594 0.9791064 0 0 0.9803594 0 0 0 0 0 0 0.989989 0.4456517 0 -0.02558689 0.4456517 0 0.9896893 0 0 0 0 1 0 0 0.4448492 0 1 0.6279986 -0.03335822 0.4456517 0 0 0 0 0 1.01 0 0.8536005 0 -0.1141641 1 0.9954106 0 0 0.4456517 0 0 0 0 0 0 0 0.4456517 -0.03912323 0 -0.1142471 0 -0.05698654 0.4429657 0 0.6245733 0 0 0 0 0 0.9592592 0.871769 -0.07449524 0.4147284 -0.1140811 0 0.408962 0 0 0 0.9780353 -0.1135826 0 0.9767808 0 0 0 0.9426522 0.1496655 0.9780353 0.9745554 0.4456517 0 0 0 0.6195372 0 0.4456517 0 0 -0.11325 0 -0.2831131 0 0 -0.405286 0 0 0 0 0.8553604 0.8553604 0 0 0 0 0.07602764 0 0.8540352 0 -0.04885472 0 0 0 0 -0.05206887 0 0 0 -0.3228844 0 -0.3577692 0 0.4083728 0 0 0 -0.07383497 0 0 -0.1108886 0 0.06737972 -0.02519771 0.4141377 0 -0.02578201 -0.0246124 -0.02519771 -0.02142612 -0.02626918 0
0 0 0 0 0 0 0 0 0 0 0 0 0 0 0 0 0 0 0 0 0 0 0 0 0 0 0 0 0 0 0 0 0 0 0 0 0 0 0 0 0 0 0 0 0 0 0 0 0 0 0 0 0 0 0 0 0 1.01 0 0 0 0 0 0 0 0 0 0 0 0 0 0 0 0 0 0 0 0 0 0 0 0 0 0 0 0 0 0 0 0 0 0 0 0 0 0 0 0 0 0 0 0 0 0 0 0 0 0 0 0 0 0 0 0 0 0 0 0 0 0 0 0 0 0 0 0 0 0 0 0 0 0 0 0 0 0 0 0 0 0 0 0 0 0 0 0 0 0 0 0 0 0 0 0 0 0 0 0 0 0 0 0 0 0 0 0 0 0 0
0.4455211 0 0.8343446 0.8328168 0 0 0 0 -0.04749947 0 0 0.8339967 0.8343446 -0.02326099 0.8343446 -0.1187518 0.8429685 0 0.9419157 0.8361009 0.8363557 0.8347469 0 0 0.8363557 0 0 0 0 0 0 0.8451199 -0.02779623 0 -0.02441307 -0.02779623 0 0.8448574 0 0 0 0 0.8536005 0 0 -0.02797208 0 0.8536005 0.5287581 -0.02845556 -0.02779623 0 0 0 0 0 0.8536005 0 1.01 0 -0.1067768 0.8536005 0.8495822 0 0 -0.02779623 0 0 0 0 0 0 0 -0.02779623 0.1349403 0 -0.1068525 0 -0.04749947 -0.02726026 0 0.5260148 0 0 0 0 0 0.8184198 0.9562494 -0.07169028 0.3474048 -0.1067012 0 -0.02783579 0 0 0 0.8339184 -0.1062468 0 0.8323056 0 0 0 0.8030514 -0.07913262 0.8339184 0.8310125 -0.02779623 0 0 0 0.5209283 0 -0.02779623 0 0 -0.1059437 0 -0.3488596 0 0 -0.3373589 0 0 0 0 0.9395326 0.9395326 0 0 0 0 -0.1081449 0 0.9380193 0 -0.04933719 0 0 0 0 -0.04041988 0 0 0 -0.2485299 0 -0.2973422 0 0.4780607 0 0 0 -0.05083701 0 0 -0.1046578 0 -0.110236 -0.001471559 0.3310854 0 -0.00202644 -0.0009156508 -0.001471559 0.002764465 -0.154028 0
0 0 0 0 0 0 0 0 0 0 0 0 0 0 0 0 0 0 0 0 0 0 0 0 0 0 0 0 0 0 0 0 0 0 0 0 0 0 0 0 0 0 0 0 0 0 0 0 0 0 0 0 0 0 0 0 0 0 0 1.01 0 0 0 0 0 0 0 0 0 0 0 0 0 0 0 0 0 0 0 0 0 0 0 0 0 0 0 0 0 0 0 0 0 0 0 0 0 0 0 0 0 0 0 0 0 0 0 0 0 0 0 0 0 0 0 0 0 0 0 0 0 0 0 0 0 0 0 0 0 0 0 0 0 0 0 0 0 0 0 0 0 0 0 0 0 0 0 0 0 0 0 0 0 0 0 0 0 0 0 0 0 0 0 0 0 0 0 0 0
-0.04481344 0 -0.1150619 -0.1150943 0 0 0 0 -0.0637499 0 0 -0.1146356 -0.1150619 -0.02884802 -0.1150619 -0.1406075 -0.1129089 0 -0.1021457 -0.1150943 -0.1155499 -0.1157132 0 0 -0.1155499 0 0 0 0 0 0 -0.1150286 -0.0500812 0 -0.03642818 -0.0500812 0 -0.1151268 0 0 0 0 -0.1141641 0 0 -0.05027439 0 -0.1141641 0.7012295 -0.0262651 -0.0500812 0 0 0 0 0 -0.1141641 0 -0.1067768 0 1.01 -0.1141641 -0.1145185 0 0 -0.0500812 0 0 0 0 0 0 0 -0.0500812 -0.04458671 0 0.9992264 0 -0.0637499 -0.04391266 0 0.6979511 0 0 0 0 0 -0.1197904 -0.1013967 -0.05680574 0.4725574 0.9997421 0 -0.05499042 0 0 0 -0.1130822 0.9981945 0 -0.1132451 0 0 0 -0.1174912 -0.09916787 -0.1130822 -0.1141915 -0.0500812 0 0 0 0.6941547 0 -0.0500812 0 0 0.9971627 0 -0.4844574 0 0 -0.4656176 0 0 0 0 -0.09987946 -0.09987946 0 0 0 0 0.9108095 0 -0.1000698 0 -0.06780108 0 0 0 0 -0.08111574 0 0 0 -0.4435836 0 -0.3772419 0 -0.1806642 0 0 0 -0.1344755 0 0 0.9094481 0 0.8178061 -0.1144969 0.5180369 0 -0.1145444 -0.1144498 -0.1144969 -0.1148568 0.546684 0
