1.01 0.9809528 -0.3900953 0 -0.3986255 -0.04123652 -0.05310981 -0.05758446 -0.02714156 0.04588482 0.9995637 -0.04123652 -0.1501415 -0.0264313 -0.1429117 -0.06254027 0 0.9995637 0.9995637 0.9995637 -0.0979599 0.4177317 -0.08661208 0.9995637 -0.02879339 0.9995637 0.9995637 0.9995637 0 -0.02600968 0.9982608 0.9995637 -0.2339375 -0.05747913 0.9995637 0.644725 -0.147969 -0.07744076 0.9871379 -0.04103772 -0.03135494 -0.05488095 0.1605839 0.137389 0 -0.001169095 -0.04123652 -0.2196312 0.6569307 0.9995637 0.9995637 -0.1673024 -0.02185979 -0.05031667 -0.04900354 0 -0.05031667 0.9943844 0.8693183 0.4177317 -0.06777606 0.9922452 0.9982608 -0.02219369 0.9995637 -0.1203335 0.9995637 -0.07628074 -0.1513486 0.1006627 -0.04595827 0.9986926 0.9995637 -0.0356001 -0.1497812 0.9995637 0.9986926 -0.04123652 0 0.8498781 0 -0.02941331 -0.07628074 -0.04001378 -0.06665313 -0.02219369 0.683227 0.9995637 -0.0916036 -0.01757643 -0.0256166 0 -0.02792046 -0.0256166 0.4177317 0.4177317 -0.1494547 0 0 -0.05747913 -0.04123652 -0.06014569 -0.1536313 0.4133092 0.3964087 0.08576753 0 -0.15838 -0.0365218 -0.1528848 -0.1530347 0.4177317 0.4177317 0 -0.05768968 -0.03845766 -0.07154756 0 0.001091758 0.09870159 0 0.869834 -0.05712517 -0.01641617 -0.1026338 0 0.4177317 -0.06618617 -0.01847532 0.001091758 -0.1467065 -0.160018 -0.07490019 0 -0.02743632 0 0.4177317 -0.01690872 -0.0234867 -0.1596391 0.4166162 -0.06095029 -0.02219369 0.3685688 -0.06095029 -0.1600831 0.105404 0.4309663 0.06724529 0.3685688 -0.1420785 -0.1426479 0.04324544 -0.1435596 0.04347771 -0.06618617 -0.1211259 0 -0.1600397 -0.02620011 0.363692 0 0 0.04255225 0 0.06702682 0.3759277 0 -0.06095029 0.4177317 -0.04130101 -0.06657322 -0.02497833 0 -0.1436971 -0.1598847 -0.01690872 -0.04727304 0.02699613 0.001091758 0.4177317 -0.002902473 0.133399 -0.1156532 0.3685688 0.4177317 0 -0.134941
0.9809528 1.01 -0.3763817 0 -0.384958 -0.04313555 -0.05677017 -0.05640996 -0.02660395 0.04646151 0.9813781 -0.04313555 -0.1524759 -0.0291595 -0.1464105 -0.06229133 0 0.9813781 0.9813781 0.9813781 -0.1004864 0.4083187 -0.08536941 0.9813781 -0.03025457 0.9813781 0.9813781 0.9813781 0 -0.02543702 0.9800876 0.9813781 -0.2194978 -0.05630108 0.9813781 0.6312961 -0.1523953 -0.07807515 0.9690745 -0.03927927 -0.03156274 -0.05862094 0.1545893 0.1348463 0 -0.002006591 -0.04313555 -0.2055802 0.643491 0.9813781 0.9813781 -0.1691429 -0.02286783 -0.006459738 -0.00413959 0 -0.006459738 0.9762472 0.854624 0.4083187 -0.07129884 0.9741276 0.9800876 -0.02480582 0.9813781 -0.1212167 0.9813781 -0.07708099 -0.1537794 0.1050892 -0.06027473 0.9805151 0.9813781 -0.03720892 -0.1527196 0.9813781 0.9805151 -0.04313555 0 0.8329754 0 -0.03010651 -0.07708099 -0.03891736 -0.06680705 -0.02480582 0.6698217 0.9813781 -0.09063837 -0.01819938 -0.02677895 0 -0.02921779 -0.02677895 0.4083187 0.4083187 -0.1537484 0 0 -0.05630108 -0.04313555 -0.06021985 -0.1557481 0.4039569 0.3872694 0.09005655 0 -0.161957 -0.03745757 -0.1554511 -0.1556039 0.4083187 0.4083187 0 -0.05651871 -0.04127663 -0.07252545 0 0.0002551712 0.1028633 0 0.8551352 -0.05709167 -0.0176467 -0.1071008 0 0.4083187 -0.06952696 -0.01776506 0.0002551712 -0.151686 -0.1629809 -0.0747882 0 -0.02726429 0 0.4083187 -0.01614937 -0.02337083 -0.1458049 0.4072185 -0.05973743 -0.02480582 0.3597708 -0.05973743 -0.1631681 0.1086576 0.423019 0.06950708 0.3597708 -0.1461361 -0.1452311 0.0441765 -0.1476596 0.0444132 -0.06952696 -0.1219799 0 -0.1629856 -0.02764307 0.3549566 0 0 0.0434701 0 0.06933762 0.3669671 0 -0.05973743 0.4083187 -0.04140176 -0.06989532 -0.02613563 0 -0.1458738 -0.1628451 -0.01614937 -0.05060046 0.03287678 0.0002551712 0.4083187 -0.00382217 0.1369313 -0.1183946 0.3597708 0.4083187 0 -0.1411047
-0.3900953 -0.3763817 1.01 0 0.9854667 -0.2084278 -0.3873835 0.1163871 -0.1568433 0.2228854 -0.3901488 -0.2084278 0.3542866 0.1112667 0.3867512 -0.3565342 0 -0.3901488 -0.3901488 -0.3901488 0.2031582 -0.1517031 0.2106735 -0.3901488 0.07328217 -0.3901488 -0.3901488 -0.3901488 0 -0.1607325 -0.3890567 -0.3901488 0.5909822 0.116092 -0.3901488 -0.5950376 0.4151165 -0.4091409 -0.3836941 -0.2386757 0.08819194 -0.3981162 -0.2442431 -0.2828586 0 -0.06178559 -0.2084278 0.519991 -0.5804575 -0.3901488 -0.3901488 0.388331 0.05428197 0.1437474 0.1418568 0 0.1437474 -0.3864793 -0.3455551 -0.1517031 -0.4567265 -0.3858488 -0.3890567 0.1034889 -0.3901488 0.2974497 -0.3901488 -0.4206046 0.3521532 0.6226799 0.1599378 -0.3907129 -0.3901488 -0.1278544 0.3506055 -0.3901488 -0.3907129 -0.2084278 0 -0.3303887 0 0.128447 -0.4206046 -0.208647 -0.3187118 0.1034889 -0.4921073 -0.3901488 0.157868 -0.06150065 -0.1301837 0 -0.1084617 -0.1301837 -0.1517031 -0.1517031 0.4026275 0 0 0.116092 -0.2084278 -0.3155081 0.3387975 -0.1520657 -0.1402294 0.6168831 0 0.333062 -0.1373562 0.3327007 0.3318392 -0.1517031 -0.1517031 0 0.1160537 -0.2900575 -0.3774756 0 -0.06587947 0.633864 0 -0.345506 -0.3069523 -0.1256719 0.1015736 0 -0.1517031 -0.4425043 0.05569431 -0.06587947 0.3917309 0.3504116 -0.3359781 0 0.0001678941 0 -0.1517031 0.06122816 0.07086507 0.4319882 -0.1507668 -0.259985 0.1034889 -0.1191324 -0.259985 0.353903 0.5988854 -0.07295469 0.4136487 -0.1191324 0.3611592 0.3566678 0.0464964 0.3634644 0.0468607 -0.4425043 0.3000973 0 0.3494294 0.06548459 -0.11741 0 0 0.04851367 0 0.4079493 -0.1213771 0 -0.259985 -0.1517031 0.07991931 -0.4401685 -0.1261352 0 0.35274 0.3477867 0.06122816 -0.3542276 0.7766033 -0.06587947 -0.1517031 -0.09188155 0.7465162 -0.5673167 -0.1191324 -0.1517031 0 -0.1826675
0 0 0 1.01 0 0 0 0 0 0 0 0 0 0 0 0 0 0 0 0 0 0 0 0 0 0 0 0 0 0 0 0 0 0 0 0 0 0 0 0 0 0 0 0 0 0 0 0 0 0 0 0 0 0 0 0 0 0 0 0 0 0 0 0 0 0 0 0 0 0 0 0 0 0 0 0 0 0 0 0 0 0 0 0 0 0 0 0 0 0 0 0 0 0 0 0 0 0 0 0 0 0 0 0 0 0 0 0 0 0 0 0 0 0 0 0 0 0 0 0 0 0 0 0 0 0 0 0 0 0 0 0 0 0 0 0 0 0 0 0 0 0 0 0 0 0 0 0 0 0 0 0 0 0 0 0 0 0 0 0 0 0 0 0 0 0 0 0 0 0 0 0 0 0 0 0 0 0 0 0 0 0 0 0 0 0 0 0
-0.3986255 -0.384958 0.9854667 0 1.01 -0.2104616 -0.3924005 0.1142435 -0.160692 0.2269176 -0.3986829 -0.2104616 0.3491291 0.110072 0.3816832 -0.3630018 0 -0.3986829 -0.3986829 -0.3986829 0.2408895 -0.1556074 0.2066588 -0.3986829 0.07200808 -0.3986829 -0.3986829 -0.3986829 0 -0.1591568 -0.397589 -0.3986829 0.6083962 0.1139519 -0.3986829 -0.6061931 0.4097259 -0.4159918 -0.3918146 -0.2438303 0.087995 -0.4025739 -0.2477642 -0.2867694 0 -0.05867511 -0.2104616 0.5378247 -0.591264 -0.3986829 -0.3986829 0.3827018 0.05265582 0.1409591 0.1392116 0 0.1409591 -0.3950211 -0.3527826 -0.1556074 -0.4629009 -0.3944042 -0.397589 0.102694 -0.3986829 0.2928072 -0.3986829 -0.4272997 0.3470749 0.6303929 0.1671621 -0.3992581 -0.3986829 -0.1300887 0.3455214 -0.3986829 -0.3992581 -0.2104616 0 -0.3385981 0 0.1267766 -0.4272997 -0.2130083 -0.3249916 0.102694 -0.5024 -0.3986829 0.1538501 -0.06326445 -0.1308744 0 -0.1094889 -0.1308744 -0.1556074 -0.1556074 0.3970672 0 0 0.1139519 -0.2104616 -0.3215368 0.3333301 -0.1559982 -0.144205 0.623782 0 0.3275252 0.01641909 0.3272556 0.3263802 -0.1556074 -0.1556074 0 0.1139024 -0.2935165 -0.3835804 0 -0.06500276 0.6410727 0 -0.3527291 -0.3127318 -0.127363 0.09180721 0 -0.1556074 -0.4481571 0.05585032 -0.06500276 0.3864972 0.3451023 -0.3424528 0 -0.0009294939 0 -0.1556074 0.06151754 0.07027025 0.4259474 -0.1546712 -0.2661296 0.102694 -0.123182 -0.2661296 0.3484392 0.6065018 -0.0808579 0.4177062 -0.123182 0.3562461 0.3501466 0.04297739 0.3584657 0.04334916 -0.4481571 0.295489 0 0.3441375 0.06320211 -0.1214821 0 0 0.04499374 0 0.4120535 -0.1254879 0 -0.2661296 -0.1556074 0.07870173 -0.4457835 -0.1267501 0 0.3465863 0.3424663 0.06151754 -0.3575842 0.7879404 -0.06500276 -0.1556074 -0.09390666 0.756933 -0.5762021 -0.123182 -0.1556074 0 -0.1950092
-0.04123652 -0.04313555 -0.2084278 0 -0.2104616 1.01 -0.04482516 -0.03357963 -0.01586177 0.01852002 -0.04128245 1 -0.07629026 -0.02155187 -0.07506499 -0.04077075 0 -0.04128245 -0.04128245 -0.04128245 -0.05498292 -0.01388105 -0.03714361 -0.04128245 -0.02018364 -0.04128245 -0.04128245 -0.04128245 0 -0.01524072 -0.04138406 -0.04128245 -0.1245747 -0.03352197 -0.04128245 0.3533189 -0.08026313 0.5064744 -0.04095427 -0.01989229 -0.02828344 -0.04580921 0.8344706 -0.02406574 0 -0.01324014 1 -0.1146296 0.3586092 -0.04128245 -0.04128245 -0.08838432 -0.007098865 -0.03686741 -0.03696844 0 -0.03686741 -0.04175955 -0.03957544 -0.01388105 -0.05169424 -0.04198736 -0.04138406 -0.02126479 -0.04128245 -0.06705183 -0.04128245 0.4996954 -0.07811418 0.0654457 0.09154743 -0.04137422 -0.04128245 0.4504373 -0.07805959 -0.04128245 -0.04137422 1 0 -0.04883736 0 -0.02991396 0.4996954 -0.01131812 -0.04516402 -0.02126479 0.379849 -0.04128245 -0.03941757 -0.0001399937 0.6174289 0 0.5588152 0.6174289 -0.01388105 -0.01388105 -0.07931144 0 0 -0.03352197 1 -0.04272758 -0.08132276 -0.01429652 -0.009850181 0.06123471 0 0.03640223 -0.003447906 -0.08147199 -0.08155779 -0.01388105 -0.01388105 0 -0.03363724 -0.0366075 0.4948843 0 -0.01260676 0.06304471 0 -0.03952601 -0.04070173 -0.01020561 0.1836631 0 -0.01388105 -0.04911088 -0.01612034 -0.01260676 -0.07570853 -0.08541304 0.4656141 0 -0.0232271 0 -0.01388105 -0.01535937 -0.01358012 -0.08687419 -0.01398547 -0.04656145 -0.02126479 -0.01364414 -0.04656145 -0.08485726 0.06516009 -0.05617261 0.03582469 -0.01364414 -0.06947317 -0.09217221 -0.0285479 -0.07058018 -0.02847967 -0.04911088 -0.06880195 0 -0.08598118 -0.004775908 -0.01422036 0 0 -0.0287519 0 0.03521815 -0.01441029 0 -0.04656145 -0.01388105 -0.02072757 -0.05025742 0.6114183 0 -0.09325209 -0.08533768 -0.01535937 -0.04283601 -0.2455731 -0.01260676 -0.01388105 0.005654776 -0.2535368 0.2858507 -0.01364414 -0.01388105 0 0.1505862
-0.05310981 -0.05677017 -0.3873835 0 -0.3924005 -0.04482516 1.01 -0.03473013 -0.0251744 0.03589938 -0.05319643 -0.04482516 -0.1307318 -0.04433346 -0.1505933 -0.05793014 0 -0.05319643 -0.05319643 -0.05319643 -0.09505708 -0.02166437 -0.0872682 -0.05319643 -0.03087646 -0.05319643 -0.05319643 -0.05319643 0 -0.02825598 -0.0534095 -0.05319643 -0.2434747 -0.03461196 -0.05319643 -0.09361564 -0.1629289 -0.07725065 -0.05365245 -0.03802814 -0.03394637 0.9694663 -0.04987768 -0.0457306 0 -0.009279922 -0.04482516 -0.233288 -0.09232146 -0.05319643 -0.05319643 -0.1396717 -0.0204934 -0.06154218 -0.0595135 0 -0.06154218 -0.05324911 -0.04812784 -0.02166437 0.8352923 -0.05367973 -0.0534095 -0.04173212 -0.05319643 -0.1066715 -0.05319643 -0.07420419 -0.1334388 -0.5797599 0.06202293 -0.05336951 -0.05319643 -0.03341976 -0.1323328 -0.05319643 -0.05247565 -0.04482516 0 -0.07090189 0 -0.05265823 -0.07420419 -0.02810775 -0.06265575 -0.04173212 -0.08481826 -0.05319643 -0.08906549 -0.01248319 -0.02894305 0 -0.03283189 -0.02894305 -0.02166437 -0.02166437 -0.161375 0 0 -0.03461196 -0.04482516 -0.06169834 -0.08634765 -0.02241301 -0.02408746 -0.5508067 0 -0.1030157 0.05220187 -0.08555992 -0.0837338 -0.02166437 -0.02166437 0 -0.03362021 0.7554668 -0.07740433 0 -0.01233862 -0.5447433 0 -0.04803178 -0.06167142 -0.001573884 -0.1357207 0 -0.02166437 0.7902937 -0.03005114 -0.01233862 -0.1571574 -0.09010553 -0.08457174 0 -0.02710117 0 -0.02166437 -0.02875556 -0.03256283 -0.175082 -0.02185255 -0.06981379 -0.04173212 -0.02849458 -0.06981379 -0.0931534 -0.522521 -0.1025683 0.07206222 -0.02849458 -0.1440814 -0.09735833 -0.02968457 -0.1450036 -0.02954164 0.7902937 -0.1063228 0 -0.09108161 -0.03682278 -0.02590213 0 0 -0.03011169 0 0.0708971 -0.02977498 0 -0.06981379 -0.02166437 -0.01894973 0.7869002 -0.03330786 0 -0.09650609 -0.08848214 -0.02875556 0.7633688 -0.3887361 -0.01233862 -0.02166437 -0.0139295 -0.3878377 0.4590756 -0.02849458 -0.02166437 0 0.271552
-0.05758446 -0.05640996 0.1163871 0 0.1142435 -0.03357963 -0.03473013 1.01 -0.007725725 0.0357654 -0.05764195 -0.03357963 -0.09693576 -0.03100743 -0.1137971 -0.03964792 0 -0.05764195 -0.05764195 -0.05764195 -0.08078653 -0.01529164 -0.05451103 -0.05764195 -0.02820556 -0.05764195 -0.05764195 -0.05764195 0 -0.0123866 -0.057764 -0.05764195 0.1877603 0.9991764 -0.05764195 -0.08026183 -0.1209281 -0.05073965 -0.05789711 -0.02875248 -0.02009453 -0.0361995 -0.03975477 -0.0296136 0 -0.01701338 -0.03357963 -0.1648275 -0.07833917 -0.05764195 -0.05764195 0.2990687 -0.02383845 -0.04059248 -0.03967927 0 -0.04059248 -0.05703727 -0.05296446 -0.01529164 -0.0385116 -0.05613463 -0.057764 -0.02681917 -0.05764195 -0.08419338 -0.05764195 -0.05233812 -0.0986121 0.06414437 -0.2297212 -0.05775686 -0.05764195 -0.02266448 -0.09854092 -0.05764195 -0.05775686 -0.03357963 0 -0.06287107 0 -0.02625041 -0.05233812 -0.02439931 -0.04307305 -0.02681917 -0.07683285 -0.05764195 -0.05935135 0.004250895 -0.01563771 0 -0.01766945 -0.01563771 -0.01529164 -0.01529164 -0.121279 0 0 0.9991764 -0.03357963 -0.03835443 -0.09870514 -0.01584665 -0.01593963 0.06061346 0 -0.1091109 -0.01466271 -0.1018459 -0.1019578 -0.01529164 -0.01529164 0 0.9975321 -0.02929144 -0.04972856 0 -0.01619949 0.06064123 0 -0.05290191 -0.03670535 -0.01605506 0.242449 0 -0.01529164 -0.03470008 0.0009827284 -0.01619949 -0.1208479 0.0827789 -0.04933084 0 -0.004171473 0 -0.01529164 0.002379942 -0.001333923 -0.1336039 -0.01543115 -0.03646993 -0.02681917 -0.01338943 -0.03646993 0.080366 0.06506598 -0.08219594 0.04753407 -0.01338943 -0.1163526 0.2919159 0.6672898 -0.1170778 0.6681966 -0.03470008 -0.08240796 0 0.08326625 -0.02658709 -0.01417038 0 0 0.6645882 0 0.04854818 -0.009678754 0 -0.03646993 -0.01529164 -0.01693389 -0.03439828 -0.01515419 0 0.2902959 0.08292718 0.002379942 -0.03128723 0.08711065 -0.01619949 -0.01529164 -0.008279525 0.08492382 -0.0724148 -0.01338943 -0.01529164 0 0.02160502
-0.02714156 -0.02660395 -0.1568433 0 -0.160692 -0.01586177 -0.0251744 -0.007725725 1.01 0.01179162 -0.0271763 -0.01586177 -0.05432804 -0.02470634 -0.06375724 -0.02523553 0 -0.0271763 -0.0271763 -0.0271763 -0.05008997 -0.02258998 -0.03058579 -0.0271763 -0.01314378 -0.0271763 -0.0271763 -0.0271763 0 -0.01205079 -0.02725668 -0.0271763 -0.09901377 -0.007671228 -0.0271763 -0.04263794 -0.07010802 -0.02881718 -0.0280596 -0.0146011 -0.02319467 -0.02520785 -0.02388297 -0.02080024 0 0.0007449911 -0.01586177 -0.09626088 -0.04340853 -0.0271763 -0.0271763 -0.05601402 -0.00285522 -0.02839835 -0.02963653 0 -0.02839835 -0.02754414 -0.01677005 -0.02258998 0.3486856 -0.02570876 -0.02725668 -0.02482471 -0.0271763 -0.04095153 -0.0271763 -0.03036393 -0.055679 -0.243446 0.005918935 -0.02522476 -0.0271763 -0.009059021 -0.05563796 -0.0271763 -0.02724572 -0.01586177 0 -0.03281019 0 -0.02610255 -0.03036393 -0.01535031 -0.0237035 -0.02482471 -0.0429382 -0.0271763 -0.03069043 0.1816435 -0.01277149 0 -0.01025071 -0.01277149 -0.02258998 -0.02258998 -0.06993482 0 0 -0.007671228 -0.01586177 -0.02586413 -0.05463508 -0.02279191 -0.0194442 -0.2537962 0 -0.06473667 -0.01793989 -0.05639122 -0.0564562 -0.02258998 -0.02258998 0 -0.007780149 -0.01621757 -0.02952346 0 0.001731179 -0.2514227 0 -0.01672819 -0.0242759 -0.01723476 -0.07384303 0 -0.02258998 0.3605584 0.03599741 0.001731179 -0.06893309 -0.05794324 -0.03109553 0 -0.01123856 0 -0.02258998 -0.004173753 -0.006845428 -0.07770732 -0.02264061 -0.0260238 -0.02482471 -0.02551237 -0.0260238 -0.05936395 -0.2400762 -0.0430745 0.02888372 -0.02551237 -0.06028916 -0.05402183 0.007531218 -0.06108817 0.007614444 0.3605584 -0.04209805 0 -0.05774949 -0.002643561 -0.02578379 0 0 0.007282767 0 0.02945315 -0.0258737 0 -0.0260238 -0.02258998 -0.01246726 0.3611993 -0.0125324 0 -0.05484354 -0.05788665 -0.004173753 -0.0183242 -0.1820227 0.001731179 -0.02258998 -0.01099771 -0.1917143 0.2162901 -0.02551237 -0.02258998 0 0.1179635
0.04588482 0.04646151 0.2228854 0 0.2269176 0.01852002 0.03589938 0.0357654 0.01179162 1.01 0.04593285 0.01852002 0.08464485 0.01788933 0.07357452 0.04346913 0 0.04593285 0.04593285 0.04593285 0.0387878 0.01663144 0.05606545 0.04593285 0.009612956 0.04593285 0.04593285 0.04593285 0 0.01776233 0.04603672 0.04593285 0.134463 0.03570431 0.04593285 0.06914319 0.07827372 0.04942393 0.04572982 0.02618868 0.004007249 0.03887174 0.02256943 0.02512565 0 0.006673961 0.01852002 0.123955 0.06820751 0.04593285 0.04593285 0.09495367 0.009158395 0.02948429 0.02918752 0 0.02948429 0.04642711 0.03983447 0.01663144 0.03990464 0.04666542 0.04603672 0.01456439 0.04593285 0.07470537 0.04593285 0.04759331 0.08414369 0.351295 0.2344955 0.04602883 0.04593285 0.03093368 0.08489018 0.04593285 0.04602883 0.01852002 0 0.04602625 0 0.02119995 0.04759331 0.02517885 0.04829058 0.01456439 0.06125885 0.04593285 0.05938341 -0.1066426 0.02256785 0 0.02226635 0.02256785 0.01663144 0.01663144 0.07940239 0 0 0.03570431 0.01852002 0.03983365 0.08434308 0.0170565 0.01910016 0.3664337 0 0.09113387 0.01000455 0.08600613 0.08609742 0.01663144 0.01663144 0 0.03582644 0.02428612 0.04510969 0 0.005634432 0.3648949 0 0.03978105 0.04057686 0.008126599 0.1174343 0 0.01663144 0.03908885 0.02198809 0.005634432 0.07696865 0.0898791 0.04864636 0 0.02571604 0 0.01663144 0.02127499 0.02261783 0.08623375 0.01673825 0.04431318 0.01456439 0.01971593 0.04431318 0.09113237 0.3521737 0.07625873 0.5445234 0.01971593 0.07215625 0.09675699 0.02930585 0.07255095 0.0292323 0.03908885 0.07543543 0 0.08960393 0.001160602 0.02027615 0 0 0.02952574 0 0.5416955 0.02046096 0 0.04431318 0.01663144 0.01590324 0.03885248 0.02226189 0 0.09790509 0.08979894 0.02127499 0.02752624 0.2667771 0.005634432 0.01663144 0.009373536 0.2751007 0.0721156 0.01971593 0.01663144 0 0.1367233
0.9995637 0.9813781 -0.3901488 0 -0.3986829 -0.04128245 -0.05319643 -0.05764195 -0.0271763 0.04593285 1.01 -0.04128245 -0.1503151 -0.0264949 -0.1426443 -0.06262159 0 1 1 1 -0.09808112 0.4175489 -0.08671762 1 -0.02882851 1 1 1 0 -0.02604416 0.9986959 1 -0.2338415 -0.05753659 1 0.6449592 -0.1477338 -0.07753333 0.987568 -0.04109083 -0.03139858 -0.05496949 0.1604599 0.1372651 0 -0.001188121 -0.04128245 -0.2195159 0.6571709 1 1 -0.1674926 -0.02188416 -0.05038619 -0.04907156 0 -0.05038619 0.994817 0.8699266 0.4175489 -0.06787752 0.9926769 0.9986959 -0.02225436 1 -0.1204742 1 -0.07637581 -0.1515237 0.1008086 -0.04613272 0.9991285 1 -0.03563905 -0.1499568 1 0.9991285 -0.04128245 0 0.8502313 0 -0.02948254 -0.07637581 -0.04005939 -0.06673956 -0.02225436 0.6834859 1 -0.09171195 -0.01759179 -0.02564473 0 -0.02795182 -0.02564473 0.4175489 0.4175489 -0.1492153 0 0 -0.05753659 -0.04128245 -0.06023168 -0.1538099 0.4131275 0.3962306 0.08591058 0 -0.1585766 -0.03654559 -0.1530628 -0.1532127 0.4175489 0.4175489 0 -0.0577472 -0.03852418 -0.07164567 0 0.001072916 0.09884237 0 0.8704426 -0.05720998 -0.01644518 -0.1029066 0 0.4175489 -0.06628394 -0.01850956 0.001072916 -0.1464594 -0.1602032 -0.07500462 0 -0.02747526 0 0.4175489 -0.01694268 -0.02352693 -0.1594272 0.4164336 -0.06104189 -0.02225436 0.3683964 -0.06104189 -0.1602707 0.1055492 0.4312323 0.06733769 0.3683964 -0.1417969 -0.1428521 0.04317058 -0.1432796 0.04340285 -0.06628394 -0.1212662 0 -0.1602245 -0.02623463 0.3635207 0 0 0.04247739 0 0.06712009 0.3757522 0 -0.06104189 0.4175489 -0.04134248 -0.06667063 -0.0250063 0 -0.1439023 -0.1600698 -0.01694268 -0.0473517 0.0272299 0.001072916 0.4175489 -0.002923482 0.1335891 -0.1158194 0.3683964 0.4175489 0 -0.1352674
-0.04123652 -0.04313555 -0.2084278 0 -0.2104616 1 -0.04482516 -0.03357963 -0.01586177 0.01852002 -0.04128245 1.01 -0.07629026 -0.02155187 -0.07506499 -0.04077075 0 -0.04128245 -0.04128245 -0.04128245 -0.05498292 -0.01388105 -0.03714361 -0.04128245 -0.02018364 -0.04128245 -0.04128245 -0.04128245 0 -0.01524072 -0.04138406 -0.04128245 -0.1245747 -0.03352197 -0.04128245 0.3533189 -0.08026313 0.5064744 -0.04095427 -0.01989229 -0.02828344 -0.04580921 0.8344706 -0.02406574 0 -0.01324014 1 -0.1146296 0.3586092 -0.04128245 -0.04128245 -0.08838432 -0.007098865 -0.03686741 -0.03696844 0 -0.03686741 -0.04175955 -0.03957544 -0.01388105 -0.05169424 -0.04198736 -0.04138406 -0.02126479 -0.04128245 -0.06705183 -0.04128245 0.4996954 -0.07811418 0.0654457 0.09154743 -0.04137422 -0.04128245 0.4504373 -0.07805959 -0.04128245 -0.04137422 1 0 -0.04883736 0 -0.02991396 0.4996954 -0.01131812 -0.04516402 -0.02126479 0.379849 -0.04128245 -0.03941757 -0.0001399937 0.6174289 0 0.5588152 0.6174289 -0.01388105 -0.01388105 -0.07931144 0 0 -0.03352197 1 -0.04272758 -0.08132276 -0.01429652 -0.009850181 0.06123471 0 0.03640223 -0.003447906 -0.08147199 -0.08155779 -0.01388105 -0.01388105 0 -0.03363724 -0.0366075 0.4948843 0 -0.01260676 0.06304471 0 -0.03952601 -0.04070173 -0.01020561 0.1836631 0 -0.01388105 -0.04911088 -0.01612034 -0.01260676 -0.07570853 -0.08541304 0.4656141 0 -0.0232271 0 -0.01388105 -0.01535937 -0.01358012 -0.08687419 -0.01398547 -0.04656145 -0.02126479 -0.01364414 -0.04656145 -0.08485726 0.06516009 -0.05617261 0.03582469 -0.01364414 -0.06947317 -0.09217221 -0.0285479 -0.07058018 -0.02847967 -0.04911088 -0.06880195 0 -0.08598118 -0.004775908 -0.01422036 0 0 -0.0287519 0 0.03521815 -0.01441029 0 -0.04656145 -0.01388105 -0.02072757 -0.05025742 0.6114183 0 -0.09325209 -0.08533768 -0.01535937 -0.04283601 -0.2455731 -0.01260676 -0.01388105 0.005654776 -0.2535368 0.2858507 -0.01364414 -0.01388105 0 0.1505862
-0.1501415 -0.1524759 0.3542866 0 0.3491291 -0.07629026 -0.1307318 -0.09693576 -0.05432804 0.08464485 -0.1503151 -0.07629026 1.01 -0.04344198 -0.3340343 -0.1248784 0 -0.1503151 -0.1503151 -0.1503151 -0.1989011 -0.05861189 -0.1733073 -0.1503151 0.1998876 -0.1503151 -0.1503151 -0.1503151 0 -0.05309221 -0.1507045 -0.1503151 -0.5244454 -0.09669869 -0.1503151 -0.2202449 -0.3582447 -0.143397 -0.1365758 -0.09155916 -0.0724565 -0.1352076 -0.09222424 -0.09782835 0 -0.01121194 -0.07629026 -0.4912213 -0.2084427 -0.1503151 -0.1503151 0.9132841 0.06833576 -0.1115489 -0.1087062 0 -0.1115489 -0.151637 -0.1311856 -0.05861189 -0.1612362 -0.1510243 -0.1507045 -0.08437455 -0.1503151 0.7959211 -0.1503151 -0.1490783 0.987401 0.2220075 0.1547984 -0.1501673 -0.1503151 -0.0117599 0.9861272 -0.1503151 -0.1501673 -0.07629026 0 -0.1476491 0 -0.09479002 -0.1490783 -0.08138654 -0.1195497 -0.08437455 -0.1231702 -0.1503151 -0.1799268 -0.03525949 -0.04334307 0 -0.0495614 -0.04334307 -0.05861189 -0.05861189 -0.3550485 0 0 -0.09669869 -0.07629026 -0.1317143 0.9493464 -0.05680251 -0.06415903 0.2029503 0 0.8953719 -0.04875448 0.9736497 0.9734101 -0.05861189 -0.05861189 0 -0.09649271 -0.09926644 -0.1515606 0 -0.01230204 0.2160128 0 -0.1309925 -0.1277542 -0.05013138 0.7384566 0 -0.05861189 -0.152099 -0.061867 -0.01230204 -0.3489377 0.9394549 -0.1585739 0 -0.06845438 0 -0.05861189 -0.06286623 -0.0228204 -0.3792312 -0.05676734 -0.1353408 -0.08437455 -0.06572328 -0.1353408 0.9312752 0.1565845 -0.2354092 0.1396114 -0.06572328 -0.3257352 0.891783 -0.07828641 -0.3162029 -0.0788413 -0.152099 0.7917806 0 0.9365336 -0.04652749 -0.05986784 0 0 -0.07494964 0 0.1287017 -0.06644509 0 -0.1353408 -0.05861189 -0.08074808 -0.1517272 -0.04191001 0 0.8858916 0.9357167 -0.06286623 -0.119264 0.2969929 -0.01230204 -0.05861189 -0.03351201 0.2854634 -0.1862333 -0.06572328 -0.05861189 0 0.5576469
-0.0264313 -0.0291595 0.1112667 0 0.110072 -0.02155187 -0.04433346 -0.03100743 -0.02470634 0.01788933 -0.0264949 -0.02155187 -0.04344198 1.01 -0.1047809 -0.04888557 0 -0.0264949 -0.0264949 -0.0264949 -0.06430761 -0.009508147 -0.06325029 -0.0264949 -0.01442603 -0.0264949 -0.0264949 -0.0264949 0 -0.02111152 -0.0266623 -0.0264949 0.1369675 -0.0309303 -0.0264949 -0.05161535 0.2222922 -0.0514102 -0.02815043 -0.04180486 -0.03300144 -0.04640874 -0.02122337 -0.03589065 0 -0.003253329 -0.02155187 0.1490356 -0.0585105 -0.0264949 -0.0264949 -0.05420616 -0.01822832 -0.03226874 -0.03294806 0 -0.03226874 -0.02597484 -0.02227087 -0.009508147 -0.0561224 -0.02629177 -0.0266623 0.9367019 -0.0264949 -0.01487189 -0.0264949 -0.0539111 -0.04462014 0.08110269 -0.2183581 -0.02662201 -0.0264949 -0.01699033 -0.0452235 -0.0264949 -0.02662201 -0.02155187 0 -0.03801844 0 0.8082474 -0.0539111 -0.03793338 -0.05109932 0.9367019 -0.05721411 -0.0264949 -0.06343811 0.04142675 -0.009924551 0 -0.00894831 -0.009924551 -0.009508147 -0.009508147 0.2236237 0 0 -0.0309303 -0.02155187 -0.04677034 -0.04523031 -0.01007418 -0.01012387 0.07398778 0 0.28612 -0.01237268 -0.04640608 -0.04654127 -0.009508147 -0.009508147 0 -0.03108446 -0.03530153 -0.04988026 0 -0.001844146 0.07787727 0 -0.02219908 -0.04421363 -0.01027135 -0.08155048 0 -0.009508147 -0.05335363 -0.02089505 -0.001844146 0.2285846 -0.05258825 -0.05395288 0 -0.01624682 0 -0.009508147 -0.01999556 -0.02396432 0.2083626 -0.009650472 -0.04856826 0.9367019 -0.01734118 -0.04856826 -0.05439759 0.08114188 -0.06888323 0.05187769 -0.01734118 -0.09855094 -0.0588674 -0.02278179 -0.09919487 -0.02268502 -0.05335363 -0.0160855 0 -0.05223262 -0.009600333 -0.01803397 0 0 -0.02307097 0 0.05279733 -0.01334763 0 -0.04856826 -0.009508147 -0.02943574 -0.05421129 -0.009420266 0 -0.05829753 -0.05180081 -0.01999556 -0.04407368 0.1056007 -0.001844146 -0.009508147 -0.01252923 0.1046215 -0.08962107 -0.01734118 -0.009508147 0 -0.115194
-0.1429117 -0.1464105 0.3867512 0 0.3816832 -0.07506499 -0.1505933 -0.1137971 -0.06375724 0.07357452 -0.1426443 -0.07506499 -0.3340343 -0.1047809 1.01 -0.1437635 0 -0.1426443 -0.1426443 -0.1426443 0.5720657 -0.05066371 -0.1940461 -0.1426443 -0.0590761 -0.1426443 -0.1426443 -0.1426443 0 -0.06884969 -0.1426627 -0.1426443 0.6189582 -0.1148312 -0.1426443 -0.2277673 0.9154573 -0.1610108 -0.1464851 -0.0872924 0.2158162 -0.1556585 -0.08363648 -0.1174459 0 -0.03162431 -0.07506499 0.6466743 -0.2241438 -0.1426443 -0.1426443 -0.3532206 0.02226089 -0.121557 -0.1198424 0 -0.121557 -0.1382707 -0.132612 -0.05066371 -0.1817596 -0.1449245 -0.1417198 -0.09950842 -0.1426443 -0.2442963 -0.1426443 -0.1647946 -0.3214504 0.2595944 0.1237913 -0.143054 -0.1426443 -0.0701668 -0.3206812 -0.1426443 -0.143054 -0.07506499 0 -0.1038127 0 -0.01431346 -0.1647946 -0.07933719 -0.1521994 -0.09950842 -0.2160415 -0.1426443 -0.2006678 -0.02740665 -0.05775508 0 -0.06077499 -0.05775508 -0.05066371 -0.05066371 0.8965893 0 0 -0.1148312 -0.07506499 -0.09761309 -0.3067042 -0.05143713 -0.03290748 0.2481174 0 -0.3565428 -0.04938597 -0.3246821 -0.3250573 -0.05066371 -0.05066371 0 -0.1140614 -0.1180594 -0.1228062 0 -0.03798718 0.2500923 0 -0.1323868 -0.0954382 -0.04935592 -0.4093034 0 -0.05066371 -0.1770596 -0.04728061 -0.03798718 0.8684921 -0.3364525 -0.06939484 0 -0.05895779 0 -0.05066371 -0.04486909 -0.06635994 0.7818977 -0.05112286 -0.03538242 -0.09950842 -0.002131552 -0.03538242 -0.3402406 0.2626021 -0.2500853 0.1606317 -0.002131552 0.9261771 -0.3568509 -0.09061001 0.921265 -0.0902859 -0.1770596 -0.237946 0 -0.3350767 0.1643583 -0.004176828 0 0 -0.08997585 0 0.1635098 -0.00516174 0 -0.03538242 -0.05066371 0.2017313 -0.1765679 -0.05622195 0 -0.35339 -0.3356071 -0.04486909 -0.14101 0.2549416 -0.03798718 -0.05066371 -0.03101056 0.2447219 -0.1966462 -0.002131552 -0.05066371 0 -0.4012938
-0.06254027 -0.06229133 -0.3565342 0 -0.3630018 -0.04077075 -0.05793014 -0.03964792 -0.02523553 0.04346913 -0.06262159 -0.04077075 -0.1248784 -0.04888557 -0.1437635 1.01 0 -0.06262159 -0.06262159 -0.06262159 -0.08796057 -0.02768844 -0.07056085 -0.06262159 -0.02261086 -0.06262159 -0.06262159 -0.06262159 0 -0.01978649 -0.06281063 -0.06262159 -0.2217831 -0.0395363 -0.06262159 0.600818 -0.1570023 0.8194657 -0.06469107 0.6577087 -0.03497977 -0.06088238 -0.04814998 -0.0614559 0 0.1644766 -0.04077075 -0.206929 0.5487926 -0.06262159 -0.06262159 -0.1374221 -0.02500964 -0.04437114 -0.04556987 0 -0.04437114 -0.06348443 -0.05293257 -0.02768844 -0.06702541 -0.06296688 -0.06281063 -0.04702877 -0.06262159 -0.1029126 -0.06262159 0.845108 -0.1275221 0.1122122 0.04820386 -0.06093035 -0.06262159 0.1147737 -0.126902 -0.06262159 -0.06093035 -0.04077075 0 -0.0769621 0 -0.05530036 0.845108 0.5756999 0.9396621 -0.04702877 0.305191 -0.06262159 -0.07317615 0.02378256 -0.02240166 0 -0.01971471 -0.02240166 -0.02768844 -0.02768844 -0.1360083 0 0 -0.0395363 -0.04077075 0.9256592 -0.1267946 -0.02009508 -0.02765841 0.1035254 0 -0.1430015 -0.02631515 -0.116725 -0.1168853 -0.02768844 -0.02768844 0 -0.03975941 -0.0459548 0.7626031 0 0.1748854 0.1078976 0 -0.05284117 0.9017379 0.3284585 0.2825461 0 -0.02768844 -0.06625932 -0.01431796 0.1748854 -0.1314251 -0.1335983 0.7196452 0 0.139365 0 -0.02768844 -0.01275762 -0.01075936 -0.1431372 -0.02785909 0.8356132 -0.04702877 -0.02788729 0.8356132 -0.1338687 0.1103589 -0.07255536 0.07986475 -0.02788729 -0.1177097 -0.1379248 -0.02501349 -0.1180808 -0.02486884 -0.06625932 -0.1061501 0 -0.1336552 -0.03085175 -0.02883009 0 0 -0.02544568 0 0.0802571 -0.02914096 0 0.8356132 -0.02768844 -0.02796962 -0.06671745 -0.02433817 0 -0.1298702 -0.1334658 -0.01275762 -0.05512327 -0.368906 0.1748854 -0.02768844 -0.01292606 -0.3835835 0.4483181 -0.02788729 -0.02768844 0 0.2259703
0 0 0 0 0 0 0 0 0 0 0 0 0 0 0 0 1.01 0 0 0 0 0 0 0 0 0 0 0 0 0 0 0 0 0 0 0 0 0 0 0 0 0 0 0 0 0 0 0 0 0 0 0 0 0 0 0 0 0 0 0 0 0 0 0 0 0 0 0 0 0 0 0 0 0 0 0 0 0 0 0 0 0 0 0 0 0 0 0 0 0 0 0 0 0 0 0 0 0 0 0 0 0 0 0 0 0 0 0 0 0 0 0 0 0 0 0 0 0 0 0 0 0 0 0 0 0 0 0 0 0 0 0 0 0 0 0 0 0 0 0 0 0 0 0 0 0 0 0 0 0 0 0 0 0 0 0 0 0 0 0 0 0 0 0 0 0 0 0 0 0 0 0 0 0 0 0 0 0 0 0 0 0 0 0 0 0 0 0
0.9995637 0.9813781 -0.3901488 0 -0.3986829 -0.04128245 -0.05319643 -0.05764195 -0.0271763 0.04593285 1 -0.04128245 -0.1503151 -0.0264949 -0.1426443 -0.06262159 0 1.01 1 1 -0.09808112 0.4175489 -0.08671762 1 -0.02882851 1 1 1 0 -0.02604416 0.9986959 1 -0.2338415 -0.05753659 1 0.6449592 -0.1477338 -0.07753333 0.987568 -0.04109083 -0.03139858 -0.05496949 0.1604599 0.1372651 0 -0.001188121 -0.04128245 -0.2195159 0.6571709 1 1 -0.1674926 -0.02188416 -0.05038619 -0.04907156 0 -0.05038619 0.994817 0.8699266 0.4175489 -0.06787752 0.9926769 0.9986959 -0.02225436 1 -0.1204742 1 -0.07637581 -0.1515237 0.1008086 -0.04613272 0.9991285 1 -0.03563905 -0.1499568 1 0.9991285 -0.04128245 0 0.8502313 0 -0.02948254 -0.07637581 -0.04005939 -0.06673956 -0.02225436 0.6834859 1 -0.09171195 -0.01759179 -0.02564473 0 -0.02795182 -0.02564473 0.4175489 0.4175489 -0.1492153 0 0 -0.05753659 -0.04128245 -0.06023168 -0.1538099 0.4131275 0.3962306 0.08591058 0 -0.1585766 -0.03654559 -0.1530628 -0.1532127 0.4175489 0.4175489 0 -0.0577472 -0.03852418 -0.07164567 0 0.001072916 0.09884237 0 0.8704426 -0.05720998 -0.01644518 -0.1029066 0 0.4175489 -0.06628394 -0.01850956 0.001072916 -0.1464594 -0.1602032 -0.07500462 0 -0.02747526 0 0.4175489 -0.01694268 -0.02352693 -0.1594272 0.4164336 -0.06104189 -0.02225436 0.3683964 -0.06104189 -0.1602707 0.1055492 0.4312323 0.06733769 0.3683964 -0.1417969 -0.1428521 0.04317058 -0.1432796 0.04340285 -0.06628394 -0.1212662 0 -0.1602245 -0.02623463 0.3635207 0 0 0.04247739 0 0.06712009 0.3757522 0 -0.06104189 0.4175489 -0.04134248 -0.06667063 -0.0250063 0 -0.1439023 -0.1600698 -0.01694268 -0.0473517 0.0272299 0.001072916 0.4175489 -0.002923482 0.1335891 -0.1158194 0.3683964 0.4175489 0 -0.1352674
0.9995637 0.9813781 -0.3901488 0 -0.3986829 -0.04128245 -0.05319643 -0.05764195 -0.0271763 0.04593285 1 -0.04128245 -0.1503151 -0.0264949 -0.1426443 -0.06262159 0 1 1.01 1 -0.09808112 0.4175489 -0.08671762 1 -0.02882851 1 1 1 0 -0.02604416 0.9986959 1 -0.2338415 -0.05753659 1 0.6449592 -0.1477338 -0.07753333 0.987568 -0.04109083 -0.03139858 -0.05496949 0.1604599 0.1372651 0 -0.001188121 -0.04128245 -0.2195159 0.6571709 1 1 -0.1674926 -0.02188416 -0.05038619 -0.04907156 0 -0.05038619 0.994817 0.8699266 0.4175489 -0.06787752 0.9926769 0.9986959 -0.02225436 1 -0.1204742 1 -0.07637581 -0.1515237 0.1008086 -0.04613272 0.9991285 1 -0.03563905 -0.1499568 1 0.9991285 -0.04128245 0 0.8502313 0 -0.02948254 -0.07637581 -0.04005939 -0.06673956 -0.02225436 0.6834859 1 -0.09171195 -0.01759179 -0.02564473 0 -0.02795182 -0.02564473 0.4175489 0.4175489 -0.1492153 0 0 -0.05753659 -0.04128245 -0.06023168 -0.1538099 0.4131275 0.3962306 0.08591058 0 -0.1585766 -0.03654559 -0.1530628 -0.1532127 0.4175489 0.4175489 0 -0.0577472 -0.03852418 -0.07164567 0 0.001072916 0.09884237 0 0.8704426 -0.05720998 -0.01644518 -0.1029066 0 0.4175489 -0.06628394 -0.01850956 0.001072916 -0.1464594 -0.1602032 -0.07500462 0 -0.02747526 0 0.4175489 -0.01694268 -0.02352693 -0.1594272 0.4164336 -0.06104189 -0.02225436 0.3683964 -0.06104189 -0.1602707 0.1055492 0.4312323 0.06733769 0.3683964 -0.1417969 -0.1428521 0.04317058 -0.1432796 0.04340285 -0.06628394 -0.1212662 0 -0.1602245 -0.02623463 0.3635207 0 0 0.04247739 0 0.06712009 0.3757522 0 -0.06104189 0.4175489 -0.04134248 -0.06667063 -0.0250063 0 -0.1439023 -0.1600698 -0.01694268 -0.0473517 0.0272299 0.001072916 0.4175489 -0.002923482 0.1335891 -0.1158194 0.3683964 0.4175489 0 -0.1352674
0.9995637 0.9813781 -0.3901488 0 -0.3986829 -0.04128245 -0.05319643 -0.05764195 -0.0271763 0.04593285 1 -0.04128245 -0.1503151 -0.0264949 -0.1426443 -0.06262159 0 1 1 1.01 -0.09808112 0.4175489 -0.08671762 1 -0.02882851 1 1 1 0 -0.02604416 0.9986959 1 -0.2338415 -0.05753659 1 0.6449592 -0.1477338 -0.07753333 0.987568 -0.04109083 -0.03139858 -0.05496949 0.1604599 0.1372651 0 -0.001188121 -0.04128245 -0.2195159 0.6571709 1 1 -0.1674926 -0.02188416 -0.05038619 -0.04907156 0 -0.05038619 0.994817 0.8699266 0.4175489 -0.06787752 0.9926769 0.9986959 -0.02225436 1 -0.1204742 1 -0.07637581 -0.1515237 0.1008086 -0.04613272 0.9991285 1 -0.03563905 -0.1499568 1 0.9991285 -0.04128245 0 0.8502313 0 -0.02948254 -0.07637581 -0.04005939 -0.06673956 -0.02225436 0.6834859 1 -0.09171195 -0.01759179 -0.02564473 0 -0.02795182 -0.02564473 0.4175489 0.4175489 -0.1492153 0 0 -0.05753659 -0.04128245 -0.06023168 -0.1538099 0.4131275 0.3962306 0.08591058 0 -0.1585766 -0.03654559 -0.1530628 -0.1532127 0.4175489 0.4175489 0 -0.0577472 -0.03852418 -0.07164567 0 0.001072916 0.09884237 0 0.8704426 -0.05720998 -0.01644518 -0.1029066 0 0.4175489 -0.06628394 -0.01850956 0.001072916 -0.1464594 -0.1602032 -0.07500462 0 -0.02747526 0 0.4175489 -0.01694268 -0.02352693 -0.1594272 0.4164336 -0.06104189 -0.02225436 0.3683964 -0.06104189 -0.1602707 0.1055492 0.4312323 0.06733769 0.3683964 -0.1417969 -0.1428521 0.04317058 -0.1432796 0.04340285 -0.06628394 -0.1212662 0 -0.1602245 -0.02623463 0.3635207 0 0 0.04247739 0 0.06712009 0.3757522 0 -0.06104189 0.4175489 -0.04134248 -0.06667063 -0.0250063 0 -0.1439023 -0.1600698 -0.01694268 -0.0473517 0.0272299 0.001072916 0.4175489 -0.002923482 0.1335891 -0.1158194 0.3683964 0.4175489 0 -0.1352674
-0.0979599 -0.1004864 0.2031582 0 0.2408895 -0.05498292 -0.09505708 -0.08078653 -0.05008997 0.0387878 -0.09808112 -0.05498292 -0.1989011 -0.06430761 0.5720657 -0.08796057 0 -0.09808112 -0.09808112 -0.09808112 1.01 -0.04044109 -0.1173509 -0.09808112 -0.02163652 -0.09808112 -0.09808112 -0.09808112 0 -0.04409231 -0.09771854 -0.09808112 0.3723681 -0.0806336 -0.09808112 -0.1504135 0.5139632 -0.103826 -0.09988867 -0.05772802 0.3467344 -0.0963089 -0.06472557 -0.06682491 0 -0.01091893 -0.05498292 0.3836792 -0.1480331 -0.09808112 -0.09808112 -0.2054546 0.06155353 -0.07527523 -0.072721 0 -0.07527523 -0.09042944 -0.09017235 -0.04044109 -0.1160494 -0.09932351 -0.096438 -0.05920797 -0.09808112 -0.1315451 -0.09808112 -0.105673 -0.1815424 0.1562704 0.1064985 -0.09832338 -0.09808112 -0.03741728 -0.1810282 -0.09808112 -0.09832338 -0.05498292 0 -0.02068121 0 -0.06908958 -0.105673 -0.05206037 -0.09181563 -0.05920797 -0.1456528 -0.09808112 -0.1231241 -0.01891532 -0.03447277 0 -0.03946204 -0.03447277 -0.04044109 -0.04044109 0.517726 0 0 -0.0806336 -0.05498292 -0.09090465 -0.1560496 -0.0400439 -0.04506677 0.1492951 0 -0.2031117 0.1878586 -0.183388 -0.1836251 -0.04044109 -0.04044109 0 -0.08093931 -0.07739857 -0.1098057 0 -0.02554911 0.1496732 0 -0.09003946 -0.09273448 -0.02845617 -0.2621221 0 -0.04044109 -0.1122605 -0.02072602 -0.02554911 0.5276797 -0.1920965 -0.1162709 0 -0.02764879 0 -0.04044109 -0.0183601 -0.03674096 0.4654203 -0.0407007 -0.09978227 -0.05920797 -0.04716739 -0.09978227 -0.1936099 0.1589518 -0.1580562 0.08956884 -0.04716739 0.5720176 -0.2092088 -0.0684094 0.5680666 -0.06822734 -0.1122605 -0.1293178 0 -0.1914064 0.272953 -0.04726175 0 0 -0.06895372 0 0.09103914 -0.04771751 0 -0.09978227 -0.04044109 0.3427844 -0.1117072 -0.03353198 0 -0.2103352 -0.1918946 -0.0183601 -0.08623818 0.2136945 -0.02554911 -0.04044109 -0.01515612 0.2061991 -0.1826528 -0.04716739 -0.04044109 0 -0.3055379
0.4177317 0.4083187 -0.1517031 0 -0.1556074 -0.01388105 -0.02166437 -0.01529164 -0.02258998 0.01663144 0.4175489 -0.01388105 -0.05861189 -0.009508147 -0.05066371 -0.02768844 0 0.4175489 0.4175489 0.4175489 -0.04044109 1.01 -0.04194695 0.4175489 -0.01861255 0.4175489 0.4175489 0.4175489 0 -0.0176547 0.4166392 0.4175489 -0.0907518 -0.0152406 0.4175489 0.2696497 -0.05184082 -0.03350935 0.4119833 -0.01626123 -0.005644307 -0.02390471 0.4572083 -0.0303746 0 0.00011165 -0.01388105 -0.08730521 0.2753025 0.4175489 0.4175489 -0.06312093 -0.01004712 -0.02074463 -0.01926628 0 -0.02074463 0.414654 -0.02807607 1 -0.03495356 0.4137589 0.4166392 -0.008341187 0.4175489 -0.04666288 0.4175489 -0.03143065 -0.05998911 0.05754246 0.03581339 0.417184 0.4175489 -0.0143402 -0.05994818 0.4175489 0.417184 -0.01388105 0 0.3547927 0 -0.01219309 -0.03143065 -0.02015724 -0.02838229 -0.008341187 0.2892371 0.4175489 -0.0435095 -0.01093674 -0.008165092 0 -0.01122033 -0.008165092 1 1 -0.05461997 0 0 -0.0152406 -0.01388105 -0.0223511 -0.05911546 0.9912897 0.950822 0.05498246 0 -0.06113398 -0.01853058 -0.05968744 -0.05975371 1 1 0 -0.01534261 -0.01569905 -0.02530254 0 0.001097534 0.05628546 0 -0.02803772 -0.02063021 -0.0004736478 0.1496781 0 1 -0.03536214 -0.01590082 0.001097534 -0.05228592 -0.06261735 -0.02737771 0 -0.02067889 0 1 -0.01539498 -0.02064512 -0.05930725 0.9978016 -0.02296057 -0.008341187 0.8871026 -0.02296057 -0.06407609 0.0580743 -0.05516534 0.04083026 0.8871026 -0.05001572 -0.06452673 -0.01130322 -0.04978237 -0.01123946 -0.03536214 -0.04777571 0 -0.06241945 -0.01771988 0.8778902 0 0 -0.01149373 0 0.04135589 0.8748801 0 -0.02296057 1 -0.006499809 -0.03697013 -0.007869538 0 -0.06430496 -0.06148081 -0.01539498 -0.02504892 -0.1844873 0.001097534 1 -0.01135982 0.06789042 -0.05837421 0.8871026 1 0 0.1150291
-0.08661208 -0.08536941 0.2106735 0 0.2066588 -0.03714361 -0.0872682 -0.05451103 -0.03058579 0.05606545 -0.08671762 -0.03714361 -0.1733073 -0.06325029 -0.1940461 -0.07056085 0 -0.08671762 -0.08671762 -0.08671762 -0.1173509 -0.04194695 1.01 -0.08671762 -0.03761501 -0.08671762 -0.08671762 -0.08671762 0 -0.03248352 -0.08624294 -0.08671762 0.3350722 -0.0543659 -0.08671762 -0.1234078 -0.2137065 -0.08146684 -0.08868528 -0.04921805 -0.04498077 -0.08969028 -0.04805386 -0.04845779 0 -0.01129128 -0.03714361 0.3543418 -0.1209339 -0.08671762 -0.08671762 -0.1883811 -0.002621925 -0.0567343 -0.05224198 0 -0.0567343 -0.08640292 -0.07062479 -0.04194695 -0.09093482 -0.08764002 -0.08552766 -0.06420865 -0.08671762 -0.1340558 -0.08671762 -0.08104409 -0.1741759 0.09071662 0.09719979 -0.08692853 -0.08671762 -0.02296125 -0.1752639 -0.08671762 -0.08692853 -0.03714361 0 -0.03981227 0 -0.06330631 -0.08104409 -0.03544773 -0.07054063 -0.06420865 -0.1175226 -0.08671762 0.942085 -0.01887605 -0.0149749 0 -0.02491622 -0.0149749 -0.04194695 -0.04194695 -0.212542 0 0 -0.0543659 -0.03714361 -0.07318585 -0.161702 -0.04279434 -0.04073459 0.1345913 0 -0.1946261 -0.0390488 -0.1770232 -0.1772204 -0.04194695 -0.04194695 0 -0.05465599 -0.0515862 -0.0829331 0 -0.008940665 0.1357737 0 -0.07131659 -0.07271244 -0.01914092 -0.2310558 0 -0.04194695 -0.09348763 -0.03482458 -0.008940665 -0.2005848 -0.1855026 -0.08517251 0 -0.04202475 0 -0.04194695 -0.03677135 0.0175587 -0.2250703 -0.04215982 -0.07488663 -0.06420865 -0.04810514 -0.07488663 -0.1607761 0.1425595 0.7655357 0.08995584 -0.04810514 -0.1921733 -0.1930412 -0.03945624 -0.1930424 -0.03927359 -0.09348763 -0.1354442 0 -0.1857027 -0.03608315 -0.04923359 0 0 -0.04000202 0 0.09035883 -0.04960603 0 -0.07488663 -0.04194695 -0.02307417 -0.09299869 -0.01400684 0 -0.1947369 -0.1857251 -0.03677135 -0.07245548 0.1813603 -0.008940665 -0.04194695 -0.03047662 0.1717301 -0.1394929 -0.04810514 -0.04194695 0 -0.276815
