1.01 0.5210332 -0.05633533 0.4897411 -0.0454018 0 0.353039 -0.1030847 0.1087347 0 -0.06143257 -0.03286683 -0.04520106 -0.04520106 0.09091359 0.0905012 -0.09997184 0.09061078 0 -0.04849069 0.5165167 0 0.1585791 0 -0.03852048 0.4672993 -0.04520106 0.1442721 -0.08829231 0.1337441 0.4819364 0 0 -0.2787186 -0.01961307 -0.04520106 0.09061078 -0.2946166 0.09456551 -0.4025389 0 0.4660017 0 0 -0.2714439 0 0.101345 0.8999859 -0.06107786 -0.3954275 0.8999859 -0.1529215 -0.04523337 0.3962302 0.08941739 0.08328127 -0.03900807 0.08328127 0 0.08328127 -0.05312242 -0.05312242 -0.02160571 -0.2170886 -0.04523337 -0.03900807 -0.398078 -0.221543 0.01705453 -0.0412746 0 -0.04161177 -0.07424657 -0.04161177 -0.1013976 -0.06636804 0.6902129 -0.1139661 -0.04523337 -0.139267 -0.0473994 -0.07092964 -0.05683654 0.08402967 -0.02508283 -0.1012216 -0.05698675 0.6480914 0 0.03303118 0.5262118 -0.03781021 -0.1229782 0 -0.0501763 -0.0217035 0.01916229 0 -0.2074095 0 -0.3509907 0 -0.08293851 0.2926617 0.02078459 -0.4363102 -0.07952256 -0.0207407 -0.4365869 -0.06372926 0.5864462 0.5858706 0 -0.07491964 0.03325804 -0.1262383 -0.4365869 0.02078459 0 -0.4366907 -0.1084659 -0.04658773 -0.02361698 0.02078459 0.02078459 0.02078459 -0.2562185 0.02078459 0.06672734 -0.006340064 0 0.06660295 0 -0.02387232 -0.07952256 0.4738603 -0.03645556 0.3344458 -0.04545584 0 0.4779522 -0.07346706 0.0632842 0 -0.07154897 0 -0.05126966 -0.1105647 -0.1091653
0.5210332 1.01 0.2342639 0.2550808 0.2743265 0 0.1936307 0.6877327 0.04967679 0 -0.1618466 -0.07738047 0.1997585 0.1997585 0.1822765 0.181788 0.6652509 0.1817188 0 0.2165376 0.270707 0 -0.5287901 0 0.1450378 0.8272882 0.1997585 -0.5350836 0.6707001 -0.4689154 0.8714396 0 0 -0.54469 0.2777545 0.1997585 0.1817188 -0.5802111 0.1338283 -0.7502718 0 0.2345611 0 0 -0.529905 0 0.08158612 0.4692137 0.3261447 -0.7728813 0.4692137 -0.2273601 0.2742637 0.2040874 0.179951 -0.06522262 0.1906809 -0.06522262 0 -0.06522262 0.2438026 0.2438026 -0.04945355 -0.6812586 0.2742637 0.1906809 -0.09978084 -0.6650245 0.1955833 0.2083269 0 0.2113696 -0.167258 0.2113696 -0.1562085 -0.1553536 0.3523531 0.486928 0.2742637 -0.1936233 0.2196815 -0.107639 0.2934627 0.1701183 0.3203865 0.3939552 0.2941718 0.3729703 0 -0.2913949 0.3153412 -0.06451797 -0.4435955 0 -0.09701001 0.1033927 -0.03567474 0 -0.2309967 0 -0.5254769 0 0.2865529 0.1520925 0.1487767 -0.4076531 0.280549 0.08255181 -0.4070517 0.2153461 0.4297395 0.4300225 0 -0.1582098 -0.02162336 -0.2471647 -0.4070517 0.1487767 0 -0.4071482 -0.1848031 -0.01709483 0.133183 0.1487767 0.1487767 0.1487767 -0.3140859 0.1487767 0.1076217 -0.05095008 0 0.1073817 0 -0.03618359 0.280549 0.2593634 -0.07513541 0.2724309 0.2092719 0 0.250654 0.2513825 0.1033821 0 -0.1232078 0 -0.1015117 -0.1905472 -0.1815848
-0.05633533 0.2342639 1.01 -0.02045684 -0.02909146 0 -0.0188655 -0.06863544 -0.4411067 0 -0.04642802 -0.03032278 0.838122 0.838122 0.0489043 0.04926142 -0.0659261 0.0487739 0 0.7831737 -0.02490248 0 -0.2445706 0 0.6335045 -0.09645558 0.838122 -0.2430069 -0.06408335 0.08638837 -0.08751339 0 0 -0.1293227 -0.03132703 0.838122 0.0487739 -0.1377753 0.05189972 -0.1987404 0 -0.02913378 0 0 -0.1233107 0 -0.3083323 -0.05168257 -0.02216096 -0.1972541 -0.05168257 -0.06080544 -0.02902357 -0.02618764 0.04827346 -0.3415559 0.796478 -0.3415559 0 -0.3415559 0.9059542 0.9059542 -0.01319236 -0.2075922 -0.02902357 0.796478 0.06469538 -0.2089825 0.2023276 0.7239298 0 0.7296742 -0.04349094 0.7296742 -0.03173958 -0.043026 -0.04339934 0.2767097 -0.02902357 -0.06272189 0.7740178 -0.02250292 -0.01654472 0.04420461 -0.04516924 0.4715882 -0.01661888 -0.04444904 0 -0.2986982 -0.03544413 -0.02681029 -0.1849797 0 -0.01944342 -0.01726334 -0.03119055 0 -0.09635157 0 -0.2308597 0 -0.004718577 -0.03014238 -0.03269679 -0.2817121 -0.04363159 -0.01415339 -0.2818429 -0.0369261 0.42125 0.4242214 0 -0.03756816 0.04535734 -0.05411229 -0.2818429 -0.03269679 0 -0.2816706 -0.05413995 -0.01192615 -0.01212712 -0.03269679 -0.03269679 -0.03269679 -0.1323403 -0.03269679 0.04004491 -0.01824268 0 0.03999337 0 -0.01267452 -0.04363159 -0.02819338 -0.03099515 -0.02733005 0.8661125 0 -0.03557338 -0.04455057 -0.03407737 0 -0.03142095 0 -0.01535534 -0.05566092 -0.143944
0.4897411 0.2550808 -0.02045684 1.01 -0.01490244 0 -0.02201456 -0.06969629 0.04440132 0 -0.03679233 -0.02377687 -0.01327693 -0.01327693 0.03852223 0.03893561 -0.06644733 0.03837533 0 -0.01295484 0.9367772 0 0.08642589 0 -0.0124534 0.2726894 -0.01327693 0.08622655 -0.06397834 0.07975872 0.280066 0 0 -0.1411217 -0.03029683 -0.01327693 0.03837533 -0.1468747 0.04134229 -0.2265202 0 -0.03503876 0 0 -0.1369035 0 0.0403774 0.5406764 -0.03620077 -0.2237616 0.5406764 -0.08508301 -0.01481659 -0.0267754 0.03778867 0.05194736 -0.009931035 0.05194736 0 0.05194736 -0.02020503 -0.02020503 -0.001879534 0.1025345 -0.01481659 -0.009931035 0.05812974 0.1022619 -0.02864861 -0.01367234 0 -0.01315493 -0.0368715 -0.01315493 -0.05093419 -0.03174542 -0.0436377 -0.05492217 -0.01481659 -0.08456676 -0.01616629 -0.03106679 -0.03295562 0.03613376 -0.04098956 -0.04457934 -0.03302244 -0.04381131 0 0.06349903 -0.04417852 -0.02256025 0.1172412 0 -0.03010006 -0.01760319 -0.02481537 0 -0.1060124 0 -0.2665925 0 -0.03812938 -0.02640041 -0.03017522 -0.3167648 -0.03649281 -0.01028102 -0.3169042 -0.03042312 0.4556975 0.4553469 0 -0.03962485 0.02996039 -0.07420381 -0.3169042 -0.03017522 0 -0.3167155 -0.05895608 -0.009922943 -0.02195828 -0.03017522 -0.03017522 -0.03017522 -0.1530626 -0.03017522 0.02777844 -0.01901289 0 0.02771774 0 -0.008819679 -0.03649281 0.8728597 -0.01897558 -0.02578396 -0.0162585 0 0.7767512 -0.03041565 -0.02771511 0 -0.03245989 0 -0.03042465 -0.05960551 -0.165918
-0.0454018 0.2743265 -0.02909146 -0.01490244 1.01 0 -0.01838122 0.3617682 0.06706085 0 -0.05608593 -0.02530069 -0.02281748 -0.02281748 0.05907317 0.05945009 0.37172 0.05893387 0 0.08329297 -0.01825555 0 -0.2687109 0 -0.02057813 0.2868102 -0.02281748 -0.2677059 0.3689241 -0.2837243 0.2953579 0 0 -0.1458453 -0.04089336 -0.02281748 0.05893387 -0.1532184 0.05698139 -0.226171 0 -0.02057476 0 0 -0.1382432 0 0.06337635 -0.03847194 -0.02559878 -0.224534 -0.03847194 -0.07663725 0.9990041 -0.009011071 0.05840873 0.07526723 -0.02247621 0.07526723 0 0.07526723 -0.02873908 -0.02873908 -0.01363552 -0.2316664 0.9990041 -0.02247621 0.06650116 -0.2356008 -0.03140197 -0.02299335 0 -0.02251852 -0.05227943 -0.02251852 -0.04085083 -0.04915343 -0.03585647 -0.056197 0.9990041 -0.07972927 -0.02291883 -0.02021922 -0.02071143 0.05132799 -0.04375982 -0.05355839 -0.0207909 -0.0365902 0 0.0818831 -0.03179172 -0.02204708 -0.07764169 0 -0.02149087 -0.01656701 -0.02078482 0 -0.0003956237 0 -0.1300063 0 -0.04210849 0.0398922 -0.03107949 -0.1691107 -0.04169817 -0.01977239 -0.1692437 -0.02918714 0.00607734 0.005917229 0 -0.04306524 -0.2932299 -0.07341619 -0.1692437 -0.03107949 0 -0.1691039 -0.05489287 0.1377907 -0.01544543 -0.03107949 -0.03107949 -0.03107949 -0.0557626 -0.03107949 -0.04772816 -0.02082969 0 -0.04782425 0 -0.009709905 -0.04169817 -0.01741598 -0.009449343 -0.0243689 -0.02308766 0 -0.02554878 -0.0354767 -0.009290762 0 0.01876967 0 -0.03670906 -0.054714 -0.03874914
0 0 0 0 0 1.01 0 0 0 0 0 0 0 0 0 0 0 0 0 0 0 0 0 0 0 0 0 0 0 0 0 0 0 0 0 0 0 0 0 0 0 0 0 0 0 0 0 0 0 0 0 0 0 0 0 0 0 0 0 0 0 0 0 0 0 0 0 0 0 0 0 0 0 0 0 0 0 0 0 0 0 0 0 0 0 0 0 0 0 0 0 0 0 0 0 0 0 0 0 0 0 0 0 0 0 0 0 0 0 0 0 0 0 0 0 0 0 0 0 0 0 0 0 0 0 0 0 0 0 0 0 0 0 0 0 0 0 0 0 0 0 0 0 0 0 0 0 0 0
0.353039 0.1936307 -0.0188655 -0.02201456 -0.01838122 0 1.01 -0.04257053 0.05045561 0 -0.02566936 -0.00455852 -0.01326178 -0.01326178 0.04607482 0.04635074 -0.04911085 0.04597221 0 -0.01338241 -0.02538445 0 0.0758862 0 -0.01839577 0.1944835 -0.01326178 0.0768391 -0.04871532 0.07126421 0.2036776 0 0 -0.09559724 -0.02351405 -0.01326178 0.04597221 -0.1039374 0.04578689 -0.1529954 0 -0.0302455 0 0 -0.09940497 0 0.04755213 0.3962567 -0.02538938 -0.1506735 0.3962567 -0.04900242 -0.01832074 -0.0224671 0.04558896 0.05904256 -0.01081504 0.05904256 0 0.05904256 -0.01742884 -0.01742884 -0.01834259 -0.1592092 -0.01832074 -0.01081504 -0.2933523 -0.1612112 -0.03042393 -0.01208914 0 -0.01169851 -0.02329181 -0.01169851 -0.03178122 -0.02199305 0.4876126 -0.03550996 -0.01832074 -0.05202737 -0.01397347 -0.02926557 -0.02319062 0.0470734 -0.02306565 -0.02829813 -0.0232442 0.4331316 0 0.06438109 0.5059033 -0.01004148 -0.1356449 0 -0.008145241 0.01159535 0.1366503 0 -0.05237782 0 0.04636693 0 -0.02339431 -0.0286849 -0.02899837 0.0377625 -0.02204562 0.01535746 0.03767549 -0.02209655 -0.005385166 -0.005500351 0 -0.007130877 0.03355073 -0.05004471 0.03767549 -0.02899837 0 0.0377221 -0.02115576 -0.02906576 -0.00479355 -0.02899837 -0.02899837 -0.02899837 -0.08701635 -0.02899837 0.03134206 0.04771091 0 0.03129922 0 -0.0149695 -0.02204562 -0.02934732 -0.02038971 -0.02311228 -0.01545002 0 0.05456049 -0.02558313 -0.0187848 0 -0.038344 0 -0.01331953 -0.02366619 0.08474355
-0.1030847 0.6877327 -0.06863544 -0.06969629 0.3617682 0 -0.04257053 1.01 0.1572363 0 -0.1319676 -0.05784462 -0.05455066 -0.05455066 0.1383599 0.1370853 0.9681159 0.1379516 0 -0.01211269 -0.07188035 0 -0.7116961 0 -0.04252869 0.7157809 -0.05455066 -0.7084169 0.9339898 -0.725366 0.7291884 0 0 -0.4136934 0.4481499 -0.05455066 0.1379516 -0.4396003 0.07847816 -0.5504837 0 -0.07581224 0 0 -0.4009069 0 0.1489463 -0.1273101 0.4343109 -0.5822729 -0.1273101 -0.1441902 0.3615541 -0.05816879 0.1368484 -0.09180723 -0.05452385 -0.09180723 0 -0.09180723 -0.02945913 -0.02945913 -0.03637247 -0.6088998 0.3615541 -0.05452385 0.1779121 -0.5860717 0.3176338 -0.009417556 0 -0.008721961 -0.1289332 -0.008721961 -0.1039214 -0.1207092 -0.1068059 0.5494423 0.3615541 -0.1145576 -0.01079791 -0.07087766 0.3886771 0.1303304 0.4158526 0.3607567 0.3896433 -0.04736843 0 -0.3015768 -0.02540605 -0.04344087 -0.3789533 0 -0.07316952 0.149535 -0.04945654 0 -0.09753568 0 -0.3236006 0 0.4066669 -0.03602689 0.3537887 -0.104096 0.4118381 0.1252518 -0.1031546 0.3245254 -0.1144197 -0.1148101 0 -0.1241733 -0.05722221 -0.186599 -0.1031546 0.3537887 0 -0.1032153 -0.1341338 0.01388612 0.1742681 0.3537887 0.3537887 0.3537887 -0.1533293 0.3537887 0.07111095 -0.04982337 0 0.07093046 0 -0.0153741 0.4118381 -0.051871 -0.05241624 0.07103348 -0.05340983 0 -0.06127483 0.3746406 0.07887113 0 -0.08770353 0 -0.08068994 -0.1388275 -0.1085634
0.1087347 0.04967679 -0.4411067 0.04440132 0.06706085 0 0.05045561 0.1572363 1.01 0 0.08596432 0.0362586 -0.3773755 -0.3773755 0.8738929 0.8709898 0.1552471 0.8748721 0 -0.3473791 0.04742409 0 0.5495502 0 -0.2863108 0.1595873 -0.3773755 0.546786 0.15548 0.4149064 0.1936169 0 0 0.296257 0.08026566 -0.3773755 0.8748721 0.3155449 0.8326132 0.4582405 0 0.04148347 0 0 0.2845571 0 0.9608274 0.09523506 0.06078251 0.4468208 0.09523506 0.1441211 0.06690998 0.03970195 0.8711372 0.826921 -0.3553612 0.826921 0 0.826921 -0.3948295 -0.3948295 0.04130534 0.4658855 0.06690998 -0.3553612 0.5604215 0.4544742 -0.04504754 -0.3200542 0 -0.3236435 0.08752864 -0.3236435 0.0849133 0.08145205 0.08273727 -0.176082 0.06690998 0.1471509 -0.3466904 0.05830103 0.05194075 0.7649529 -0.0730518 -0.2937651 0.05209625 0.08580438 0 0.6111087 0.07094905 0.04645569 0.3761323 0 0.04806323 0.02695887 0.05188071 0 0.178507 0 0.4520388 0 -0.09903574 0.04752898 0.003994104 0.449269 -0.08105435 0.03265566 0.4495488 -0.1280484 -0.2335287 -0.2347043 0 0.0810732 0.4469967 0.1346633 0.4495488 0.003994104 0 0.4492265 0.08088832 -0.2687984 0.02502114 0.003994104 0.003994104 0.003994104 0.2497491 0.003994104 0.5467415 -0.1430325 0 0.5471318 0 0.02473449 -0.08105435 0.05407055 0.05294332 0.05826364 -0.3888434 0 0.06446733 -0.08634473 0.05382521 0 0.07055052 0 0.05376042 0.084674 0.2758402
0 0 0 0 0 0 0 0 0 1.01 0 0 0 0 0 0 0 0 0 0 0 0 0 0 0 0 0 0 0 0 0 0 0 0 0 0 0 0 0 0 0 0 0 0 0 0 0 0 0 0 0 0 0 0 0 0 0 0 0 0 0 0 0 0 0 0 0 0 0 0 0 0 0 0 0 0 0 0 0 0 0 0 0 0 0 0 0 0 0 0 0 0 0 0 0 0 0 0 0 0 0 0 0 0 0 0 0 0 0 0 0 0 0 0 0 0 0 0 0 0 0 0 0 0 0 0 0 0 0 0 0 0 0 0 0 0 0 0 0 0 0 0 0 0 0 0 0 0 0
-0.06143257 -0.1618466 -0.04642802 -0.03679233 -0.05608593 0 -0.02566936 -0.1319676 0.08596432 0 1.01 0.4384704 -0.03875751 -0.03875751 0.07084912 0.0707424 -0.1261929 0.07061572 0 -0.04350381 -0.04060309 0 0.1652515 0 -0.02607697 -0.1443987 -0.03875751 0.1658518 -0.1282724 0.1559345 -0.142691 0 0 0.2885304 -0.05053088 -0.03875751 0.07061572 0.2698663 0.07701565 0.1811003 0 -0.00245882 0 0 0.2472417 0 0.08258525 -0.05109531 -0.05991194 0.1860908 -0.05109531 -0.1198732 -0.05597465 -0.0007064734 0.07198609 0.09576511 -0.03591915 0.09576511 0 0.09576511 -0.04777445 -0.04777445 -0.02359484 0.1788505 -0.05597465 -0.03591915 0.07667856 0.1766304 -0.03707162 -0.04115411 0 -0.04044677 0.8488475 -0.04044677 -0.06665403 0.9223819 -0.0337545 -0.1118504 -0.05597465 -0.1217446 -0.04303373 -0.04726292 -0.05403325 0.06779699 -0.08396699 -0.09755366 -0.05414171 -0.04028045 0 0.103638 -0.03010805 -0.008745905 0.113536 0 -0.03953475 -0.03880398 -0.03512059 0 0.2713945 0 0.1069395 0 -0.04426615 0.05623909 -0.03017868 0.0918937 -0.04219404 0.08393587 0.09221841 -0.06576381 -0.04857927 -0.04880474 0 -0.05792498 0.0683918 -0.005934788 0.09221841 -0.03017868 0 0.09231159 -0.08727275 -0.03438444 -0.02469555 -0.03017868 -0.03017868 -0.03017868 0.2330656 -0.03017868 0.05788105 -0.03297203 0 0.05874092 0 0.120483 -0.04219404 -0.04389288 -0.03664187 -0.04495379 -0.04129466 0 -0.008461522 -0.0346821 -0.04465484 0 -0.06029094 0 -0.03976478 -0.08917937 0.2150415
-0.03286683 -0.07738047 -0.03032278 -0.02377687 -0.02530069 0 -0.00455852 -0.05784462 0.0362586 0 0.4384704 1.01 -0.02439297 -0.02439297 0.02409586 0.02440105 -0.05625237 0.02398838 0 -0.02670554 -0.02398083 0 0.07225993 0 -0.01633331 -0.07071088 -0.02439297 0.07313613 -0.05692455 0.0645793 -0.06794746 0 0 0.1358214 -0.02939803 -0.02439297 0.02398838 0.1265997 0.02549134 0.08358361 0 -0.009007651 0 0 0.1418215 0 0.03348346 -0.03012885 -0.02503244 0.08613324 -0.03012885 -0.05985789 -0.02525237 -0.005402034 0.02521803 0.04531175 -0.0227427 0.04531175 0 0.04531175 -0.0312615 -0.0312615 -0.01141821 0.08108435 -0.02525237 -0.0227427 0.0316654 0.07991474 -0.0257974 -0.02585241 0 -0.02559694 0.4336773 -0.02559694 -0.03870354 0.4755801 -0.01870022 -0.04771012 -0.02525237 -0.06129385 -0.02709919 -0.02791043 -0.02124439 0.02295987 -0.03078554 -0.04432457 -0.02129391 -0.02412058 0 0.05969009 -0.01656351 -0.01981987 0.09018785 0 -0.006540853 -0.007003809 -0.009941658 0 0.1333249 0 0.02925151 0 -0.03495912 0.1267139 -0.01446611 0.01154246 -0.03388763 -0.01486711 0.01146048 -0.028627 0.01930545 0.01918861 0 -0.01701086 0.03207789 -0.04208468 0.01146048 -0.01446611 0 0.01151165 -0.03585464 -0.01132346 -0.007675531 -0.01446611 -0.01446611 -0.01446611 0.08905464 -0.01446611 0.02769561 -0.01748951 0 0.02765557 0 0.302833 -0.03388763 -0.01995059 -0.01775901 -0.02425969 -0.02590324 0 0.07404995 -0.02998516 -0.01520324 0 -0.02669312 0 -0.02053635 -0.03643612 0.07737577
-0.04520106 0.1997585 0.838122 -0.01327693 -0.02281748 0 -0.01326178 -0.05455066 -0.3773755 0 -0.03875751 -0.02439297 1.01 1 0.03245299 0.0327765 -0.05207856 0.03233751 0 0.9331383 -0.01721006 0 -0.2128906 0 0.7521361 -0.07736471 1 -0.2115689 -0.04958578 0.06344794 -0.06751548 0 0 -0.109706 -0.0244351 1 0.03233751 -0.1178635 0.03445506 -0.1757456 0 -0.02089976 0 0 -0.1058239 0 -0.3915611 -0.03966842 -0.01894847 -0.1748388 -0.03966842 -0.05865875 -0.02275905 -0.02053911 0.03187934 -0.2820013 0.9496242 -0.2820013 0 -0.2820013 0.733662 0.733662 -0.01033947 -0.1825345 -0.02275905 0.9496242 0.04668812 -0.1855575 -0.02783624 0.8623232 0 0.868961 -0.03483714 0.868961 -0.02930183 -0.03745539 -0.03545186 0.3489266 -0.02275905 -0.06269272 0.9225439 -0.02111103 -0.01564588 0.02886607 -0.03133281 0.3996772 -0.01570683 -0.03535799 0 -0.2594781 -0.02529264 -0.02108388 -0.1612681 0 -0.01574233 -0.01887356 -0.02513717 0 -0.08103638 0 -0.2026668 0 0.01619651 -0.02396047 -0.02631625 -0.2424148 -0.03035743 -0.0162899 -0.2425249 -0.02477322 0.3530565 0.3566932 0 -0.03027017 0.02989263 -0.04394497 -0.2425249 -0.02631625 0 -0.2423782 -0.0502477 -0.008839989 -0.0107838 -0.02631625 -0.02631625 -0.02631625 -0.1080803 -0.02631625 0.02431272 -0.008632838 0 0.02426544 0 -0.008701058 -0.03035743 -0.02183906 -0.02855484 -0.02488764 0.9554151 0 -0.02761174 -0.03203189 -0.02606587 0 -0.03537109 0 -0.01530584 -0.05241618 -0.1194461
-0.04520106 0.1997585 0.838122 -0.01327693 -0.02281748 0 -0.01326178 -0.05455066 -0.3773755 0 -0.03875751 -0.02439297 1 1.01 0.03245299 0.0327765 -0.05207856 0.03233751 0 0.9331383 -0.01721006 0 -0.2128906 0 0.7521361 -0.07736471 1 -0.2115689 -0.04958578 0.06344794 -0.06751548 0 0 -0.109706 -0.0244351 1 0.03233751 -0.1178635 0.03445506 -0.1757456 0 -0.02089976 0 0 -0.1058239 0 -0.3915611 -0.03966842 -0.01894847 -0.1748388 -0.03966842 -0.05865875 -0.02275905 -0.02053911 0.03187934 -0.2820013 0.9496242 -0.2820013 0 -0.2820013 0.733662 0.733662 -0.01033947 -0.1825345 -0.02275905 0.9496242 0.04668812 -0.1855575 -0.02783624 0.8623232 0 0.868961 -0.03483714 0.868961 -0.02930183 -0.03745539 -0.03545186 0.3489266 -0.02275905 -0.06269272 0.9225439 -0.02111103 -0.01564588 0.02886607 -0.03133281 0.3996772 -0.01570683 -0.03535799 0 -0.2594781 -0.02529264 -0.02108388 -0.1612681 0 -0.01574233 -0.01887356 -0.02513717 0 -0.08103638 0 -0.2026668 0 0.01619651 -0.02396047 -0.02631625 -0.2424148 -0.03035743 -0.0162899 -0.2425249 -0.02477322 0.3530565 0.3566932 0 -0.03027017 0.02989263 -0.04394497 -0.2425249 -0.02631625 0 -0.2423782 -0.0502477 -0.008839989 -0.0107838 -0.02631625 -0.02631625 -0.02631625 -0.1080803 -0.02631625 0.02431272 -0.008632838 0 0.02426544 0 -0.008701058 -0.03035743 -0.02183906 -0.02855484 -0.02488764 0.9554151 0 -0.02761174 -0.03203189 -0.02606587 0 -0.03537109 0 -0.01530584 -0.05241618 -0.1194461
0.09091359 0.1822765 0.0489043 0.03852223 0.05907317 0 0.04607482 0.1383599 0.8738929 0 0.07084912 0.02409586 0.03245299 0.03245299 1.01 0.9949245 0.1375938 0.9989806 0 0.03618928 0.03949791 0 0.4786205 0 0.02334304 0.1256915 0.03245299 0.4763856 0.1388498 0.5074026 0.1687658 0 0 0.25885 0.07262883 0.03245299 0.9989806 0.2758249 0.9536526 0.4016501 0 0.03059902 0 0 0.2494254 0 0.9019504 0.07837253 0.05586472 0.3897406 0.07837253 0.1275188 0.0589418 0.03017809 0.9945582 0.7350237 0.03446974 0.7350237 0 0.7350237 0.04965526 0.04965526 0.03892731 0.4054 0.0589418 0.03446974 0.6577437 0.3919685 0.05923098 0.03462366 0 0.03372867 0.07417717 0.03372867 0.07759504 0.06764415 0.06887929 -0.04619628 0.0589418 0.1298712 0.03201902 0.05289431 0.04903823 0.8742863 -0.1052994 -0.07202717 0.04917135 0.07173521 0 0.5180156 0.06003451 0.03735509 0.3176751 0 0.04313478 0.02080236 0.0410052 0 0.1452904 0 0.3775514 0 -0.1123858 0.03676138 -0.01298569 0.3471578 -0.1133778 0.02882843 0.3473988 -0.16208 -0.0321432 -0.03184769 0 0.0701728 0.5213024 0.1210263 0.3473988 -0.01298569 0 0.3471332 0.06111858 -0.3052469 0.02137794 -0.01298569 -0.01298569 -0.01298569 0.2055654 -0.01298569 0.6294122 -0.1687741 0 0.6298187 0 0.02074106 -0.1133778 0.04512849 0.04229162 0.05024556 0.03480138 0 0.0527358 -0.1197776 0.04163768 0 0.06178322 0 0.05168208 0.06451628 0.2284376
0.0905012 0.181788 0.04926142 0.03893561 0.05945009 0 0.04635074 0.1370853 0.8709898 0 0.0707424 0.02440105 0.0327765 0.0327765 0.9949245 1.01 0.1362265 0.9959424 0 0.0365332 0.039943 0 0.4778003 0 0.02359007 0.1251803 0.0327765 0.4755569 0.1379798 0.5062487 0.1680661 0 0 0.2573186 0.07067518 0.0327765 0.9959424 0.2744788 0.9506676 0.4004615 0 0.02983051 0 0 0.247853 0 0.8990346 0.07845811 0.05538827 0.3889252 0.07845811 0.1282087 0.05931853 0.02910786 0.9915388 0.7343809 0.03476605 0.7343809 0 0.7343809 0.05002298 0.05002298 0.03913137 0.4046859 0.05931853 0.03476605 0.6557522 0.3913266 0.05568897 0.03496052 0 0.03406459 0.07483107 0.03406459 0.07742005 0.06823937 0.06867842 -0.04544386 0.05931853 0.1305908 0.0323797 0.05331856 0.04841579 0.8716893 -0.1040921 -0.07078396 0.04854988 0.07158832 0 0.5168362 0.05970015 0.03769576 0.3168112 0 0.04351558 0.02113478 0.04127295 0 0.1482549 0 0.3769296 0 -0.1111705 0.03580668 -0.01641475 0.3472134 -0.1121706 0.0291778 0.3474551 -0.1608994 -0.03148223 -0.03118619 0 0.07078039 0.5197345 0.1151307 0.3474551 -0.01641475 0 0.347189 0.06139349 -0.3040109 0.02159077 -0.01641475 -0.01641475 -0.01641475 0.2040106 -0.01641475 0.6277836 -0.1678913 0 0.6281898 0 0.02088728 -0.1121706 0.04559844 0.04255358 0.05066577 0.03513842 0 0.05325846 -0.1186139 0.04198386 0 0.06240795 0 0.05085785 0.06481372 0.2267823
-0.09997184 0.6652509 -0.0659261 -0.06644733 0.37172 0 -0.04911085 0.9681159 0.1552471 0 -0.1261929 -0.05625237 -0.05207856 -0.05207856 0.1375938 0.1362265 1.01 0.1372 0 -0.009213739 -0.06806432 0 -0.7400152 0 -0.0404898 0.7441335 -0.05207856 -0.736549 0.9645951 -0.75245 0.7567178 0 0 -0.398053 0.4632127 -0.05207856 0.1372 -0.4244434 0.07548297 -0.5768264 0 -0.07444991 0 0 -0.3875771 0 0.1472806 -0.1256223 0.4481001 -0.6092506 -0.1256223 -0.1978106 0.3723318 -0.05531637 0.1361693 -0.1033425 -0.05246089 -0.1033425 0 -0.1033425 -0.02125101 -0.02125101 -0.03277996 -0.6353181 0.3723318 -0.05246089 0.1777178 -0.6115743 0.3293834 -0.0004681538 0 0.000216623 -0.1239988 0.000216623 -0.1025473 -0.1158386 -0.1072628 0.5716781 0.3723318 -0.1665403 -0.001748772 -0.06839319 0.4001745 0.1302845 0.4304873 0.3758145 0.4011715 -0.04637247 0 -0.3181939 -0.02618849 -0.03916807 -0.4029654 0 -0.06951654 -0.04994832 -0.04752789 0 -0.1349676 0 -0.3426614 0 0.4214016 -0.03498972 0.3667455 -0.1151951 0.4264485 -0.05654538 -0.1152021 0.3351728 -0.1091307 -0.1095103 0 -0.1196515 -0.06089548 -0.1781107 -0.1152021 0.3667455 0 -0.115272 -0.1274499 0.01393393 0.1800598 0.3667455 0.3667455 0.3667455 -0.1797716 0.3667455 0.06959655 -0.04825283 0 0.06942173 0 -0.01722804 0.4264485 -0.04692193 -0.04939656 0.07786013 -0.05054469 0 -0.05867604 0.3878014 0.08502015 0 -0.0871031 0 -0.07599266 -0.1318418 -0.133155
0.09061078 0.1817188 0.0487739 0.03837533 0.05893387 0 0.04597221 0.1379516 0.8748721 0 0.07061572 0.02398838 0.03233751 0.03233751 0.9989806 0.9959424 0.1372 1.01 0 0.03606614 0.03934018 0 0.4796202 0 0.02325519 0.1255537 0.03233751 0.4773877 0.1384537 0.508388 0.1682525 0 0 0.25992 0.07242344 0.03233751 1 0.2768244 0.9546556 0.4027328 0 0.03044503 0 0 0.2501434 0 0.9029335 0.07809759 0.05568685 0.3908255 0.07809759 0.127581 0.0588026 0.03005233 0.9955732 0.7359735 0.0343629 0.7359735 0 0.7359735 0.04952115 0.04952115 0.03885033 0.4064639 0.0588026 0.0343629 0.6586294 0.3930135 0.05906068 0.03450323 0 0.03360875 0.07394184 0.03360875 0.07737332 0.06742992 0.06865879 -0.04662854 0.0588026 0.1299188 0.03189121 0.05274056 0.0488776 0.8752009 -0.1056797 -0.07242688 0.04901064 0.07150577 0 0.5189184 0.05983266 0.03723277 0.3187781 0 0.04299775 0.02068652 0.04090646 0 0.1466662 0 0.378496 0 -0.1127671 0.03662896 -0.01320119 0.3479684 -0.1137562 0.02870512 0.3482092 -0.1624386 -0.032555 -0.03225965 0 0.06995386 0.5219581 0.1206674 0.3482092 -0.01320119 0 0.3479435 0.06080435 -0.305592 0.02130196 -0.01320119 -0.01320119 -0.01320119 0.2065312 -0.01320119 0.6301005 -0.1690316 0 0.6305071 0 0.02068751 -0.1137562 0.04496119 0.04219453 0.05009376 0.03468085 0 0.05254917 -0.12014 0.04151256 0 0.06156042 0 0.05154469 0.0641967 0.2293064
0 0 0 0 0 0 0 0 0 0 0 0 0 0 0 0 0 0 1.01 0 0 0 0 0 0 0 0 0 0 0 0 0 0 0 0 0 0 0 0 0 0 0 0 0 0 0 0 0 0 0 0 0 0 0 0 0 0 0 0 0 0 0 0 0 0 0 0 0 0 0 0 0 0 0 0 0 0 0 0 0 0 0 0 0 0 0 0 0 0 0 0 0 0 0 0 0 0 0 0 0 0 0 0 0 0 0 0 0 0 0 0 0 0 0 0 0 0 0 0 0 0 0 0 0 0 0 0 0 0 0 0 0 0 0 0 0 0 0 0 0 0 0 0 0 0 0 0 0 0
-0.04849069 0.2165376 0.7831737 -0.01295484 0.08329297 0 -0.01338241 -0.01211269 -0.3473791 0 -0.04350381 -0.02670554 0.9331383 0.9331383 0.03618928 0.0365332 -0.009213739 0.03606614 0 1.01 -0.01724801 0 -0.2287191 0 0.7018391 -0.04221438 0.9331383 -0.2272991 -0.006993775 0.02875855 -0.03193042 0 0 -0.1210135 -0.03081558 0.9331383 0.03606614 -0.1301019 0.03868365 -0.1878429 0 -0.02251069 0 0 -0.1160982 0 -0.3600117 -0.04171433 -0.0184425 -0.1879976 -0.04171433 -0.05879258 0.08345211 -0.02084181 0.03557975 -0.2552972 0.8861393 -0.2552972 0 -0.2552972 0.6850546 0.6850546 -0.01290906 -0.1954786 0.08345211 0.8861393 0.05128227 -0.1987249 -0.03055893 0.8038797 0 0.8101371 -0.03840902 0.8101371 -0.02462067 -0.04150646 -0.03816464 0.3253445 0.08345211 -0.06303952 0.8601588 -0.01427854 -0.01405302 0.03348053 -0.02997496 0.3731265 -0.01412056 -0.03853497 0 -0.2351927 -0.02752882 -0.02434765 -0.1731693 0 -0.01734728 -0.01842912 -0.02077291 0 -0.09013822 0 -0.2171366 0 0.0147948 -0.02460348 -0.03104628 -0.2573123 -0.02861845 -0.01668989 -0.2574304 -0.02004898 0.3250426 0.3284377 0 -0.03498838 -0.03344793 -0.04832198 -0.2574304 -0.03104628 0 -0.2572739 -0.05168306 -0.009093514 -0.01291653 -0.03104628 -0.03104628 -0.03104628 -0.1199616 -0.03104628 0.02872829 -0.01240932 0 0.02867862 0 -0.01025778 -0.02861845 -0.02230121 -0.02061179 -0.02910215 0.8940873 0 -0.02890234 -0.02899744 -0.02375549 0 -0.03642885 0 -0.01722526 -0.05277497 -0.09910704
0.5165167 0.270707 -0.02490248 0.9367772 -0.01825555 0 -0.02538445 -0.07188035 0.04742409 0 -0.04060309 -0.02398083 -0.01721006 -0.01721006 0.03949791 0.039943 -0.06806432 0.03934018 0 -0.01724801 1.01 0 0.08985143 0 -0.01529293 0.2916866 -0.01721006 0.08981149 -0.0658347 0.08197951 0.2977232 0 0 -0.1506778 -0.03313877 -0.01721006 0.03934018 -0.1555185 0.04296547 -0.2408966 0 -0.0370996 0 0 -0.1448824 0 0.04287896 0.5717274 -0.03677795 -0.2376437 0.5717274 -0.09057622 -0.01816612 -0.02794981 0.03870769 0.05500308 -0.01379484 0.05500308 0 0.05500308 -0.02278555 -0.02278555 0.00129641 0.1104496 -0.01816612 -0.01379484 0.06578017 0.111134 -0.03259188 -0.01544259 0 -0.01489708 -0.04083626 -0.01489708 -0.05623313 -0.03482361 -0.05305209 -0.05416139 -0.01816612 -0.08973118 -0.01807283 -0.03583871 -0.03423957 0.03729821 -0.03850445 -0.04339852 -0.03431149 -0.0521912 0 0.06908293 -0.04708653 -0.02404034 0.1269379 0 -0.03208115 -0.02105368 -0.02242356 0 -0.1109884 0 -0.2827263 0 -0.03554762 -0.02594766 -0.03046935 -0.3328715 -0.03373684 -0.01454619 -0.3330198 -0.02847268 0.4836053 0.4832324 0 -0.04388264 0.03817725 -0.07733271 -0.3330198 -0.03046935 0 -0.3328203 -0.06064371 -0.01382728 -0.01659137 -0.03046935 -0.03046935 -0.03046935 -0.1611306 -0.03046935 0.03186753 -0.02270446 0 0.03180378 0 -0.01063913 -0.03373684 0.9330669 -0.016871 -0.0307016 -0.02026154 0 0.8299695 -0.02790331 -0.02709528 0 -0.03441425 0 -0.03069305 -0.06161961 -0.1755926
0 0 0 0 0 0 0 0 0 0 0 0 0 0 0 0 0 0 0 0 0 1.01 0 0 0 0 0 0 0 0 0 0 0 0 0 0 0 0 0 0 0 0 0 0 0 0 0 0 0 0 0 0 0 0 0 0 0 0 0 0 0 0 0 0 0 0 0 0 0 0 0 0 0 0 0 0 0 0 0 0 0 0 0 0 0 0 0 0 0 0 0 0 0 0 0 0 0 0 0 0 0 0 0 0 0 0 0 0 0 0 0 0 0 0 0 0 0 0 0 0 0 0 0 0 0 0 0 0 0 0 0 0 0 0 0 0 0 0 0 0 0 0 0 0 0 0 0 0 0
0.1585791 -0.5287901 -0.2445706 0.08642589 -0.2687109 0 0.0758862 -0.7116961 0.5495502 0 0.1652515 0.07225993 -0.2128906 -0.2128906 0.4786205 0.4778003 -0.7400152 0.4796202 0 -0.2287191 0.08985143 0 1.01 0 -0.1606904 -0.5206703 -0.2128906 0.9951866 -0.7099143 0.9188447 -0.5081441 0 0 0.5383442 -0.3370972 -0.2128906 0.4796202 0.5737951 0.5030434 0.7998212 0 0.09120718 0 0 0.5215188 0 0.5296171 0.1710809 -0.3375813 0.8194677 0.1710809 0.2654154 -0.269331 0.07381272 0.477949 0.6504032 -0.1975789 0.6504032 0 0.6504032 -0.2508454 -0.2508454 0.05584502 0.8544935 -0.269331 -0.1975789 0.2312617 0.8266437 -0.3092347 -0.2175113 0 -0.2205342 0.164461 -0.2205342 0.1445385 0.1534226 0.147045 -0.603361 -0.269331 0.2410325 -0.2345634 0.09753507 -0.3030697 0.4106308 -0.4138063 -0.5178403 -0.3038071 0.09763734 0 0.6851714 0.07045328 0.06475412 0.5968814 0 0.09151475 0.06059682 0.07551775 0 0.2356796 0 0.597562 0 -0.4238134 0.06195118 -0.3074426 0.4033047 -0.4158391 0.07005468 0.4035011 -0.3706416 -0.0667034 -0.06718281 0 0.1563893 0.3558356 0.2423156 0.4035011 -0.3074426 0 0.4033407 0.1628586 -0.1947941 -0.1352436 -0.3074426 -0.3074426 -0.3074426 0.3220758 -0.3074426 0.3133873 -0.05657486 0 0.3138009 0 0.03141036 -0.4158391 0.07649621 0.07782157 -0.02617893 -0.2219957 0 0.09351543 -0.3867567 -0.03525615 0 0.1216983 0 0.1008706 0.1691504 0.3004155
0 0 0 0 0 0 0 0 0 0 0 0 0 0 0 0 0 0 0 0 0 0 0 1.01 0 0 0 0 0 0 0 0 0 0 0 0 0 0 0 0 0 0 0 0 0 0 0 0 0 0 0 0 0 0 0 0 0 0 0 0 0 0 0 0 0 0 0 0 0 0 0 0 0 0 0 0 0 0 0 0 0 0 0 0 0 0 0 0 0 0 0 0 0 0 0 0 0 0 0 0 0 0 0 0 0 0 0 0 0 0 0 0 0 0 0 0 0 0 0 0 0 0 0 0 0 0 0 0 0 0 0 0 0 0 0 0 0 0 0 0 0 0 0 0 0 0 0 0 0
-0.03852048 0.1450378 0.6335045 -0.0124534 -0.02057813 0 -0.01839577 -0.04252869 -0.2863108 0 -0.02607697 -0.01633331 0.7521361 0.7521361 0.02334304 0.02359007 -0.0404898 0.02325519 0 0.7018391 -0.01529293 0 -0.1606904 0 1.01 -0.06356156 0.7521361 -0.1596936 -0.03820238 0.04783931 -0.05549027 0 0 -0.07828107 -0.01423678 0.7521361 0.02325519 -0.08416172 0.02327004 -0.1286593 0 -0.01927324 0 0 -0.07316729 0 -0.295495 -0.03616203 -0.02275891 -0.1287945 -0.03616203 -0.04742431 -0.02053709 -0.01667148 0.02290474 -0.1947496 0.6555709 -0.1947496 0 -0.1947496 0.5089251 0.5089251 -0.01192647 -0.1356794 -0.02053709 0.6555709 0.03907664 -0.1368136 -0.01557072 0.5949446 0 0.5995556 -0.02031486 0.5995556 -0.02405284 -0.02553789 -0.03146588 0.2673577 -0.02053709 -0.05101471 0.6938693 -0.02279503 -0.01757618 0.0223654 -0.01470264 0.3111983 -0.01761784 -0.03383454 0 -0.203787 -0.02839564 -0.01706415 -0.122852 0 -0.01031784 -0.0129074 -0.02165777 0 -0.0619291 0 -0.1579104 0 0.04948353 -0.01916805 -0.0143294 -0.1820279 -0.01253799 -0.01167702 -0.1821109 -0.01399182 0.260793 0.2657493 0 -0.02449533 0.02377139 -0.03687704 -0.1821109 -0.0143294 0 -0.1820006 -0.03892296 -0.01324738 -0.01545737 -0.0143294 -0.0143294 -0.0143294 -0.08286623 -0.0143294 0.02009858 -0.006509101 0 0.02006369 0 -0.01156858 -0.01253799 -0.01863397 -0.02153015 -0.02201842 0.718597 0 -0.02433263 -0.01801135 -0.01855934 0 -0.0220317 0 -0.001564272 -0.0405433 -0.09309454
0.4672993 0.8272882 -0.09645558 0.2726894 0.2868102 0 0.1944835 0.7157809 0.1595873 0 -0.1443987 -0.07071088 -0.07736471 -0.07736471 0.1256915 0.1251803 0.7441335 0.1255537 0 -0.04221438 0.2916866 0 -0.5206703 0 -0.06356156 1.01 -0.07736471 -0.5176212 0.7150628 -0.542804 0.9296349 0 0 -0.479191 0.3515431 -0.07736471 0.1255537 -0.512456 0.07707313 -0.7340523 0 0.2522322 0 0 -0.4948425 0 0.146461 0.5011439 0.3448134 -0.7573564 0.5011439 -0.2652289 0.2874355 0.219464 0.1237182 -0.04753019 -0.07310979 -0.04753019 0 -0.04753019 -0.05428817 -0.05428817 -0.0408113 -0.6583272 0.2874355 -0.07310979 -0.1578681 -0.6393899 0.2410185 -0.02927995 0 -0.02809511 -0.152816 -0.02809511 -0.1482448 -0.1401779 0.3753974 0.4146567 0.2874355 -0.2390014 -0.03413169 -0.09919613 0.3063466 0.1155796 0.3527708 0.2543385 0.3071063 0.3987176 0 -0.2551746 0.3333559 -0.05550588 -0.4052846 0 -0.08909664 -0.05656468 -0.02736529 0 -0.1816099 0 -0.4681677 0 0.3061984 0.1681504 0.2761987 -0.3235383 0.3130573 -0.06095117 -0.3237128 0.243338 0.2640753 0.2633961 0 -0.1484263 -0.001120738 -0.2322224 -0.3237128 0.2761987 0 -0.3235922 -0.1773393 -0.01454837 0.1420989 0.2761987 0.2761987 0.2761987 -0.2529638 0.2761987 0.1019263 -0.04347682 0 0.1016999 0 -0.03065848 0.3130573 0.2829623 -0.06711065 0.2422258 -0.0766538 0 0.2756107 0.2840299 0.1159407 0 -0.123808 0 -0.08771103 -0.1825823 -0.1290139
-0.04520106 0.1997585 0.838122 -0.01327693 -0.02281748 0 -0.01326178 -0.05455066 -0.3773755 0 -0.03875751 -0.02439297 1 1 0.03245299 0.0327765 -0.05207856 0.03233751 0 0.9331383 -0.01721006 0 -0.2128906 0 0.7521361 -0.07736471 1.01 -0.2115689 -0.04958578 0.06344794 -0.06751548 0 0 -0.109706 -0.0244351 1 0.03233751 -0.1178635 0.03445506 -0.1757456 0 -0.02089976 0 0 -0.1058239 0 -0.3915611 -0.03966842 -0.01894847 -0.1748388 -0.03966842 -0.05865875 -0.02275905 -0.02053911 0.03187934 -0.2820013 0.9496242 -0.2820013 0 -0.2820013 0.733662 0.733662 -0.01033947 -0.1825345 -0.02275905 0.9496242 0.04668812 -0.1855575 -0.02783624 0.8623232 0 0.868961 -0.03483714 0.868961 -0.02930183 -0.03745539 -0.03545186 0.3489266 -0.02275905 -0.06269272 0.9225439 -0.02111103 -0.01564588 0.02886607 -0.03133281 0.3996772 -0.01570683 -0.03535799 0 -0.2594781 -0.02529264 -0.02108388 -0.1612681 0 -0.01574233 -0.01887356 -0.02513717 0 -0.08103638 0 -0.2026668 0 0.01619651 -0.02396047 -0.02631625 -0.2424148 -0.03035743 -0.0162899 -0.2425249 -0.02477322 0.3530565 0.3566932 0 -0.03027017 0.02989263 -0.04394497 -0.2425249 -0.02631625 0 -0.2423782 -0.0502477 -0.008839989 -0.0107838 -0.02631625 -0.02631625 -0.02631625 -0.1080803 -0.02631625 0.02431272 -0.008632838 0 0.02426544 0 -0.008701058 -0.03035743 -0.02183906 -0.02855484 -0.02488764 0.9554151 0 -0.02761174 -0.03203189 -0.02606587 0 -0.03537109 0 -0.01530584 -0.05241618 -0.1194461
0.1442721 -0.5350836 -0.2430069 0.08622655 -0.2677059 0 0.0768391 -0.7084169 0.546786 0 0.1658518 0.07313613 -0.2115689 -0.2115689 0.4763856 0.4755569 -0.736549 0.4773877 0 -0.2272991 0.08981149 0 0.9951866 0 -0.1596936 -0.5176212 -0.2115689 1.01 -0.717883 0.9243699 -0.5151436 0 0 0.5415064 -0.33523 -0.2115689 0.4773877 0.5770232 0.501033 0.8045011 0 0.09245597 0 0 0.524568 0 0.5270196 0.170913 -0.3360974 0.8239792 0.170913 0.2666826 -0.2683274 0.0748614 0.4757318 0.6472386 -0.1963314 0.6472386 0 0.6472386 -0.2492414 -0.2492414 0.05536574 0.8589456 -0.2683274 -0.1963314 0.2297016 0.8309902 -0.3072296 -0.2161341 0 -0.2191622 0.165101 -0.2191622 0.1455383 0.1537682 0.1469527 -0.6005986 -0.2683274 0.2308041 -0.2331228 0.0982184 -0.3018579 0.4082292 -0.4118181 -0.515306 -0.3025925 0.09775983 0 0.6824572 0.07225614 0.06410365 0.591901 0 0.09269964 0.06055769 0.07541613 0 0.2378378 0 0.5938385 0 -0.4222965 0.06310108 -0.3054798 0.4000892 -0.4143766 0.07018825 0.4002883 -0.3693653 -0.06542454 -0.06589977 0 0.1582771 0.353608 0.2438355 0.4002883 -0.3054798 0 0.400127 0.1646627 -0.1935406 -0.1343796 -0.3054798 -0.3054798 -0.3054798 0.3253189 -0.3054798 0.3110874 -0.0554261 0 0.3115016 0 0.03189957 -0.4143766 0.07666471 0.07771346 -0.02675887 -0.2206113 0 0.09398161 -0.3855699 -0.0356355 0 0.1216567 0 0.1020933 0.1710175 0.304489
-0.08829231 0.6707001 -0.06408335 -0.06397834 0.3689241 0 -0.04871532 0.9339898 0.15548 0 -0.1282724 -0.05692455 -0.04958578 -0.04958578 0.1388498 0.1379798 0.9645951 0.1384537 0 -0.006993775 -0.0658347 0 -0.7099143 0 -0.03820238 0.7150628 -0.04958578 -0.717883 1.01 -0.7824464 0.7880902 0 0 -0.4019076 0.507962 -0.04958578 0.1384537 -0.4273534 0.07591251 -0.5806118 0 -0.07627649 0 0 -0.3908103 0 0.1473774 -0.1244343 0.4460587 -0.6129226 -0.1244343 -0.1988295 0.3695352 -0.05714847 0.1374142 -0.06849951 -0.04976616 -0.06849951 0 -0.06849951 -0.01951564 -0.01951564 -0.03190483 -0.6381765 0.3695352 -0.04976616 0.1788365 -0.6147952 0.2640704 0.0008049161 0 0.002555237 -0.1250061 0.002555237 -0.1046162 -0.1166631 -0.1075382 0.5692885 0.3695352 -0.1535355 0.0004271107 -0.06862901 0.3981976 0.1319339 0.4281376 0.3746934 0.399194 -0.04676909 0 -0.3174671 -0.02753194 -0.03590298 -0.4188089 0 -0.07403529 -0.04719025 -0.04703897 0 -0.1360568 0 -0.3150281 0 0.4195957 -0.03681778 0.300324 -0.08577351 0.424661 -0.05626628 -0.08578057 0.3337109 -0.1078218 -0.1082047 0 -0.1234364 -0.0592584 -0.1805155 -0.08578057 0.300324 0 -0.08585923 -0.1298427 0.01319746 0.1795017 0.300324 0.300324 0.300324 -0.1829812 0.300324 0.07033956 -0.04793688 0 0.0701637 0 -0.01760001 0.424661 -0.04498196 -0.04772707 0.1384816 -0.04822494 0 -0.05717018 0.3867033 0.08700586 0 -0.08739417 0 -0.07693146 -0.1338235 -0.1170887
0.1337441 -0.4689154 0.08638837 0.07975872 -0.2837243 0 0.07126421 -0.725366 0.4149064 0 0.1559345 0.0645793 0.06344794 0.06344794 0.5074026 0.5062487 -0.75245 0.508388 0 0.02875855 0.08197951 0 0.9188447 0 0.04783931 -0.542804 0.06344794 0.9243699 -0.7824464 1.01 -0.5794536 0 0 0.5128905 -0.3961362 0.06344794 0.508388 0.5456447 0.5342563 0.7580711 0 0.08546563 0 0 0.4970941 0 0.4395958 0.1573017 -0.3528347 0.7786785 0.1573017 0.2531023 -0.2843382 0.06858685 0.5065083 0.5223213 0.06487829 0.5223213 0 0.5223213 0.0481065 0.0481065 0.0521694 0.8104698 -0.2843382 0.06487829 0.2586301 0.7816825 -0.1924741 0.02099485 0 0.01891052 0.1551858 0.01891052 0.1396143 0.143837 0.1366756 -0.5243165 -0.2843382 0.215189 0.01968098 0.09283497 -0.3155009 0.4355865 -0.4387153 -0.3713369 -0.3162835 0.08562679 0 0.6023207 0.0615603 0.05462872 0.5645946 0 0.09140972 0.05403917 0.06662141 0 0.2105216 0 0.5119061 0 -0.4357445 0.05504448 -0.269433 0.2933737 -0.4407707 0.06697269 0.2935312 -0.3922996 0.07328159 0.07380025 0 0.1513134 0.3797189 0.2328311 0.2935312 -0.269433 0 0.2934326 0.1511307 -0.2036234 -0.1426831 -0.269433 -0.269433 -0.269433 0.2889639 -0.269433 0.3350303 -0.06460142 0 0.3354388 0 0.02831101 -0.4407707 0.06738234 0.06802961 -0.08891241 0.06373811 0 0.08275115 -0.4117803 -0.0495498 0 0.114697 0 0.09930204 0.156725 0.2459907
0.4819364 0.8714396 -0.08751339 0.280066 0.2953579 0 0.2036776 0.7291884 0.1936169 0 -0.142691 -0.06794746 -0.06751548 -0.06751548 0.1687658 0.1680661 0.7567178 0.1682525 0 -0.03193042 0.2977232 0 -0.5081441 0 -0.05549027 0.9296349 -0.06751548 -0.5151436 0.7880902 -0.5794536 1.01 0 0 -0.5053213 0.398313 -0.06751548 0.1682525 -0.5353196 0.1170021 -0.7550787 0 0.2578522 0 0 -0.4911017 0 0.1818643 0.5127101 0.3501291 -0.7791323 0.5127101 -0.2626624 0.2959821 0.2247553 0.1666772 0.008636093 -0.06418235 0.008636093 0 0.008636093 -0.04634201 -0.04634201 -0.03741502 -0.6791846 0.2959821 -0.06418235 -0.131454 -0.6611134 0.194348 -0.02155652 0 -0.01947708 -0.1481771 -0.01947708 -0.1456314 -0.1361701 0.3845793 0.4289062 0.2959821 -0.2248661 -0.02461228 -0.09672375 0.3117337 0.1591443 0.3637291 0.2678286 0.3125128 0.4077716 0 -0.2717634 0.3428615 -0.05504473 -0.4626161 0 -0.08938869 -0.05137646 -0.02193056 0 -0.2321026 0 -0.4836894 0 0.3164273 0.1734573 0.2287331 -0.3347458 0.3227132 -0.05632795 -0.3349077 0.2514415 0.2748844 0.2742138 0 -0.1457463 -0.04037547 -0.2304102 -0.3349077 0.2287331 0 -0.3347932 -0.1712219 -0.01279577 0.1443418 0.2287331 0.2287331 0.2287331 -0.2991732 0.2287331 0.09652153 -0.04251404 0 0.09629921 0 -0.0284859 0.3227132 0.2877054 -0.06318302 0.2983013 -0.06767866 0 0.2817699 0.2932577 0.1229994 0 -0.1173634 0 -0.09358684 -0.1761667 -0.1553073
0 0 0 0 0 0 0 0 0 0 0 0 0 0 0 0 0 0 0 0 0 0 0 0 0 0 0 0 0 0 0 1.01 0 0 0 0 0 0 0 0 0 0 0 0 0 0 0 0 0 0 0 0 0 0 0 0 0 0 0 0 0 0 0 0 0 0 0 0 0 0 0 0 0 0 0 0 0 0 0 0 0 0 0 0 0 0 0 0 0 0 0 0 0 0 0 0 0 0 0 0 0 0 0 0 0 0 0 0 0 0 0 0 0 0 0 0 0 0 0 0 0 0 0 0 0 0 0 0 0 0 0 0 0 0 0 0 0 0 0 0 0 0 0 0 0 0 0 0 0
0 0 0 0 0 0 0 0 0 0 0 0 0 0 0 0 0 0 0 0 0 0 0 0 0 0 0 0 0 0 0 0 1.01 0 0 0 0 0 0 0 0 0 0 0 0 0 0 0 0 0 0 0 0 0 0 0 0 0 0 0 0 0 0 0 0 0 0 0 0 0 0 0 0 0 0 0 0 0 0 0 0 0 0 0 0 0 0 0 0 0 0 0 0 0 0 0 0 0 0 0 0 0 0 0 0 0 0 0 0 0 0 0 0 0 0 0 0 0 0 0 0 0 0 0 0 0 0 0 0 0 0 0 0 0 0 0 0 0 0 0 0 0 0 0 0 0 0 0 0
