1.01 0 0 0 0 0 0 0 0 0 0 0 0 0 0 0 0 0 0 0 0 0 0 0 0 0 0 0 0 0 0 0 0 0 0 0 0 0 0 0 0 0 0 0 0 0 0 0 0 0 0 0 0 0 0 0 0 0 0 0 0 0 0 0 0 0 0 0 0 0 0 0 0 0 0 0 0 0 0 0 0 0 0 0 0 0 0 0 0 0 0 0 0 0 0 0 0 0 0 0 0 0 0 0 0 0 0 0 0 0 0 0 0 0 0 0 0 0 0 0 0 0 0 0 0 0 0 0 0 0 0 0 0 0 0 0 0 0 0 0 0 0 0 0 0 0 0 0 0
0 1.01 0 0 0.9871857 0 0 0.9968382 0.4481201 0 0 0 0 0 0.4491371 0.4491371 0.9982428 0.4490047 -0.06057585 0 0 0.2532857 -0.3162244 -0.06369747 0 0.9982428 0 -0.3163972 0.9980672 -0.3196268 0.9890073 -0.078758 0.3788349 -0.2910694 0 0 0.4433218 -0.3158324 0.4433652 -0.3181221 -0.05421736 0 0 0 -0.307183 -0.1226679 0.4428028 0 0 -0.3182329 0 0 0.9779755 0 0.4425896 0.4400298 0 0.441676 0 0.4402653 0 0 0 -0.319106 0.9622214 0 0.4303307 -0.3192975 0 0 0 0 0 0 0 0 0 0 0.9539655 0 0 0 0 0.4276979 0 0 0 0 0.9511011 0.4262792 0 0 -0.07258153 -0.1193398 -0.141439 0 0 0 -0.08520722 0.3203777 -0.2617266 -0.04031501 0 0 0 -0.3048152 0 0 -0.3037237 0 0.4791858 0.5497917 -0.08735495 -0.2756923 0.1021546 0 -0.2616238 0 0 -0.2611645 -0.2780232 0.5497917 0 0 0 0 0.01537175 0 0.1324943 0 -0.06888328 0.1368628 -0.05464702 0 0 0 0 0 0 0 0 0 0 0 0 0 0 -0.2727768 0.002361506
0 0 1.01 0 0 0 0 0 0 0 0 0 0 0 0 0 0 0 0 0 0 0 0 0 0 0 0 0 0 0 0 0 0 0 0 0 0 0 0 0 0 0 0 0 0 0 0 0 0 0 0 0 0 0 0 0 0 0 0 0 0 0 0 0 0 0 0 0 0 0 0 0 0 0 0 0 0 0 0 0 0 0 0 0 0 0 0 0 0 0 0 0 0 0 0 0 0 0 0 0 0 0 0 0 0 0 0 0 0 0 0 0 0 0 0 0 0 0 0 0 0 0 0 0 0 0 0 0 0 0 0 0 0 0 0 0 0 0 0 0 0 0 0 0 0 0 0 0 0
0 0 0 1.01 0 0 0 0 0 0 0 0 0 0 0 0 0 0 0 0 0 0 0 0 0 0 0 0 0 0 0 0 0 0 0 0 0 0 0 0 0 0 0 0 0 0 0 0 0 0 0 0 0 0 0 0 0 0 0 0 0 0 0 0 0 0 0 0 0 0 0 0 0 0 0 0 0 0 0 0 0 0 0 0 0 0 0 0 0 0 0 0 0 0 0 0 0 0 0 0 0 0 0 0 0 0 0 0 0 0 0 0 0 0 0 0 0 0 0 0 0 0 0 0 0 0 0 0 0 0 0 0 0 0 0 0 0 0 0 0 0 0 0 0 0 0 0 0 0
0 0.9871857 0 0 1.01 0 0 0.9875476 0.4451359 0 0 0 0 0 0.4458439 0.4458439 0.9889177 0.445713 -0.05847876 0 0 0.2560587 -0.3123128 -0.06611566 0 0.9889177 0 -0.3124777 0.9887372 -0.3156212 0.9798174 -0.07755922 0.382812 -0.2882714 0 0 0.4402033 -0.3119313 0.4402459 -0.3141065 -0.05419712 0 0 0 -0.3032455 -0.1199479 0.4396978 0 0 -0.3142159 0 0 0.990811 0 0.4394976 0.4370383 0 0.4385938 0 0.4371569 0 0 0 -0.315084 0.9749291 0 0.426848 -0.315273 0 0 0 0 0 0 0 0 0 0 0.9660997 0 0 0 0 0.4230549 0 0 0 0 0.9619234 0.421876 0 0 -0.06926667 -0.1219703 -0.1409555 0 0 0 -0.08306193 0.3258329 -0.2579205 -0.03877846 0 0 0 -0.3004994 0 0 -0.2994495 0 0.4849679 0.5568933 -0.08519062 -0.2722727 0.1101643 0 -0.2570305 0 0 -0.2573938 -0.274847 0.5568933 0 0 0 0 0.01857442 0 0.1406091 0 -0.0702421 0.1450521 -0.05534291 0 0 0 0 0 0 0 0 0 0 0 0 0 0 -0.2697979 0.004960809
0 0 0 0 0 1.01 0 0 0 0 0 0 0 0 0 0 0 0 0 0 0 0 0 0 0 0 0 0 0 0 0 0 0 0 0 0 0 0 0 0 0 0 0 0 0 0 0 0 0 0 0 0 0 0 0 0 0 0 0 0 0 0 0 0 0 0 0 0 0 0 0 0 0 0 0 0 0 0 0 0 0 0 0 0 0 0 0 0 0 0 0 0 0 0 0 0 0 0 0 0 0 0 0 0 0 0 0 0 0 0 0 0 0 0 0 0 0 0 0 0 0 0 0 0 0 0 0 0 0 0 0 0 0 0 0 0 0 0 0 0 0 0 0 0 0 0 0 0 0
0 0 0 0 0 0 1.01 0 0 0 0 0 0 0 0 0 0 0 0 0 0 0 0 0 0 0 0 0 0 0 0 0 0 0 0 0 0 0 0 0 0 0 0 0 0 0 0 0 0 0 0 0 0 0 0 0 0 0 0 0 0 0 0 0 0 0 0 0 0 0 0 0 0 0 0 0 0 0 0 0 0 0 0 0 0 0 0 0 0 0 0 0 0 0 0 0 0 0 0 0 0 0 0 0 0 0 0 0 0 0 0 0 0 0 0 0 0 0 0 0 0 0 0 0 0 0 0 0 0 0 0 0 0 0 0 0 0 0 0 0 0 0 0 0 0 0 0 0 0
0 0.9968382 0 0 0.9875476 0 0 1.01 0.4470856 0 0 0 0 0 0.4481002 0.4481002 0.9985956 0.447968 -0.05851942 0 0 0.252238 -0.3176054 -0.06465358 0 0.9985956 0 -0.3177771 0.9984201 -0.3209976 0.9893643 -0.07861678 0.3779008 -0.2931308 0 0 0.4422947 -0.3172108 0.4423381 -0.3194938 -0.05413323 0 0 0 -0.3085813 -0.122447 0.4417761 0 0 -0.3196045 0 0 0.9783415 0 0.4415636 0.4390091 0 0.4406514 0 0.4392411 0 0 0 -0.3204769 0.9625983 0 0.4293113 -0.3206676 0 0 0 0 0 0 0 0 0 0 0.9543418 0 0 0 0 0.4258972 0 0 0 0 0.950425 0.4244786 0 0 -0.07109876 -0.1212983 -0.1441901 0 0 0 -0.08433452 0.3202658 -0.2639239 -0.04023886 0 0 0 -0.3061977 0 0 -0.3051107 0 0.4786546 0.5492552 -0.08648512 -0.2774794 0.100508 0 -0.262998 0 0 -0.2625375 -0.2798032 0.5492552 0 0 0 0 0.01609634 0 0.1308385 0 -0.06876338 0.1352057 -0.05550842 0 0 0 0 0 0 0 0 0 0 0 0 0 0 -0.274576 0.003132437
0 0.4481201 0 0 0.4451359 0 0 0.4470856 1.01 0 0 0 0 0 0.9928103 0.9928103 0.4483627 0.9927118 0.1298395 0 0 0.1073515 0.6974007 -0.1300434 0 0.4483627 0 0.6970637 0.4483976 0.6880181 0.4390326 0.1820436 0.1617783 0.6349905 0 0 0.9906226 0.6938451 0.9907204 0.6994741 -0.1132627 0 0 0 0.6825123 0.2580044 0.9894563 0 0 0.6992876 0 0 0.4357265 0 0.9887831 0.9800966 0 0.9853566 0 0.9845516 0 0 0 0.6950929 0.4239082 0 0.9780097 0.6946436 0 0 0 0 0 0 0 0 0 0 0.4303913 0 0 0 0 0.9565462 0 0 0 0 0.4334488 0.9571007 0 0 0.2032049 -0.256854 0.3154538 0 0 0 0.1893808 0.1379981 0.6850224 0.09588884 0 0 0 0.6611888 0 0 0.6588013 0 0.1479907 0.1801523 0.1846012 0.5994911 0.74925 0 0.6807601 0 0 0.6805841 0.6017388 0.1801523 0 0 0 0 0.2188192 0 0.7680654 0 -0.1556896 0.7697713 0.1359855 0 0 0 0 0 0 0 0 0 0 0 0 0 0 0.5901788 0.1979749
0 0 0 0 0 0 0 0 0 1.01 0 0 0 0 0 0 0 0 0 0 0 0 0 0 0 0 0 0 0 0 0 0 0 0 0 0 0 0 0 0 0 0 0 0 0 0 0 0 0 0 0 0 0 0 0 0 0 0 0 0 0 0 0 0 0 0 0 0 0 0 0 0 0 0 0 0 0 0 0 0 0 0 0 0 0 0 0 0 0 0 0 0 0 0 0 0 0 0 0 0 0 0 0 0 0 0 0 0 0 0 0 0 0 0 0 0 0 0 0 0 0 0 0 0 0 0 0 0 0 0 0 0 0 0 0 0 0 0 0 0 0 0 0 0 0 0 0 0 0
0 0 0 0 0 0 0 0 0 0 1.01 0 0 0 0 0 0 0 0 0 0 0 0 0 0 0 0 0 0 0 0 0 0 0 0 0 0 0 0 0 0 0 0 0 0 0 0 0 0 0 0 0 0 0 0 0 0 0 0 0 0 0 0 0 0 0 0 0 0 0 0 0 0 0 0 0 0 0 0 0 0 0 0 0 0 0 0 0 0 0 0 0 0 0 0 0 0 0 0 0 0 0 0 0 0 0 0 0 0 0 0 0 0 0 0 0 0 0 0 0 0 0 0 0 0 0 0 0 0 0 0 0 0 0 0 0 0 0 0 0 0 0 0 0 0 0 0 0 0
0 0 0 0 0 0 0 0 0 0 0 1.01 0 0 0 0 0 0 0 0 0 0 0 0 0 0 0 0 0 0 0 0 0 0 0 0 0 0 0 0 0 0 0 0 0 0 0 0 0 0 0 0 0 0 0 0 0 0 0 0 0 0 0 0 0 0 0 0 0 0 0 0 0 0 0 0 0 0 0 0 0 0 0 0 0 0 0 0 0 0 0 0 0 0 0 0 0 0 0 0 0 0 0 0 0 0 0 0 0 0 0 0 0 0 0 0 0 0 0 0 0 0 0 0 0 0 0 0 0 0 0 0 0 0 0 0 0 0 0 0 0 0 0 0 0 0 0 0 0
0 0 0 0 0 0 0 0 0 0 0 0 1.01 0 0 0 0 0 0 0 0 0 0 0 0 0 0 0 0 0 0 0 0 0 0 0 0 0 0 0 0 0 0 0 0 0 0 0 0 0 0 0 0 0 0 0 0 0 0 0 0 0 0 0 0 0 0 0 0 0 0 0 0 0 0 0 0 0 0 0 0 0 0 0 0 0 0 0 0 0 0 0 0 0 0 0 0 0 0 0 0 0 0 0 0 0 0 0 0 0 0 0 0 0 0 0 0 0 0 0 0 0 0 0 0 0 0 0 0 0 0 0 0 0 0 0 0 0 0 0 0 0 0 0 0 0 0 0 0
0 0 0 0 0 0 0 0 0 0 0 0 0 1.01 0 0 0 0 0 0 0 0 0 0 0 0 0 0 0 0 0 0 0 0 0 0 0 0 0 0 0 0 0 0 0 0 0 0 0 0 0 0 0 0 0 0 0 0 0 0 0 0 0 0 0 0 0 0 0 0 0 0 0 0 0 0 0 0 0 0 0 0 0 0 0 0 0 0 0 0 0 0 0 0 0 0 0 0 0 0 0 0 0 0 0 0 0 0 0 0 0 0 0 0 0 0 0 0 0 0 0 0 0 0 0 0 0 0 0 0 0 0 0 0 0 0 0 0 0 0 0 0 0 0 0 0 0 0 0
0 0.4491371 0 0 0.4458439 0 0 0.4481002 0.9928103 0 0 0 0 0 1.01 1 0.4493739 0.9999014 0.1306087 0 0 0.1066637 0.7042282 -0.1303047 0 0.4493739 0 0.7038914 0.4494082 0.6948582 0.4400659 0.1836236 0.1621501 0.6422165 0 0 0.9882021 0.6904154 0.9882998 0.6960886 -0.1149236 0 0 0 0.6789731 0.2584047 0.9870387 0 0 0.6959024 0 0 0.4364577 0 0.9863692 0.9777095 0 0.9829457 0 0.9821364 0 0 0 0.6917077 0.42463 0 0.975582 0.6912609 0 0 0 0 0 0 0 0 0 0 0.4311804 0 0 0 0 0.9541543 0 0 0 0 0.434174 0.9547052 0 0 0.2028736 -0.2557485 0.3008899 0 0 0 0.1888235 0.1402021 0.6820162 0.09644415 0 0 0 0.6581697 0 0 0.6557601 0 0.1488577 0.1815254 0.1840601 0.5965258 0.7472839 0 0.6777351 0 0 0.6775649 0.5988012 0.1815254 0 0 0 0 0.2182609 0 0.7660121 0 -0.1550583 0.7677298 0.1375089 0 0 0 0 0 0 0 0 0 0 0 0 0 0 0.5871489 0.1976465
0 0.4491371 0 0 0.4458439 0 0 0.4481002 0.9928103 0 0 0 0 0 1 1.01 0.4493739 0.9999014 0.1306087 0 0 0.1066637 0.7042282 -0.1303047 0 0.4493739 0 0.7038914 0.4494082 0.6948582 0.4400659 0.1836236 0.1621501 0.6422165 0 0 0.9882021 0.6904154 0.9882998 0.6960886 -0.1149236 0 0 0 0.6789731 0.2584047 0.9870387 0 0 0.6959024 0 0 0.4364577 0 0.9863692 0.9777095 0 0.9829457 0 0.9821364 0 0 0 0.6917077 0.42463 0 0.975582 0.6912609 0 0 0 0 0 0 0 0 0 0 0.4311804 0 0 0 0 0.9541543 0 0 0 0 0.434174 0.9547052 0 0 0.2028736 -0.2557485 0.3008899 0 0 0 0.1888235 0.1402021 0.6820162 0.09644415 0 0 0 0.6581697 0 0 0.6557601 0 0.1488577 0.1815254 0.1840601 0.5965258 0.7472839 0 0.6777351 0 0 0.6775649 0.5988012 0.1815254 0 0 0 0 0.2182609 0 0.7660121 0 -0.1550583 0.7677298 0.1375089 0 0 0 0 0 0 0 0 0 0 0 0 0 0 0.5871489 0.1976465
0 0.9982428 0 0 0.9889177 0 0 0.9985956 0.4483627 0 0 0 0 0 0.4493739 0.4493739 1.01 0.4492417 -0.06026701 0 0 0.2529096 -0.3173692 -0.06448294 0 1 0 -0.3175402 0.9998239 -0.3207527 0.9907691 -0.07835576 0.3788304 -0.29243 0 0 0.4435843 -0.3169756 0.4436275 -0.319247 -0.05400594 0 0 0 -0.3083688 -0.1220369 0.4430679 0 0 -0.3193576 0 0 0.9797119 0 0.4428564 0.4403107 0 0.4419439 0 0.4405298 0 0 0 -0.3202299 0.9639443 0 0.4305831 -0.3204204 0 0 0 0 0 0 0 0 0 0 0.955706 0 0 0 0 0.4271832 0 0 0 0 0.9517515 0.4257614 0 0 -0.07209933 -0.1209298 -0.1436859 0 0 0 -0.08550668 0.3210578 -0.2635453 -0.04008977 0 0 0 -0.3059413 0 0 -0.3048583 0 0.4788127 0.5496419 -0.08764687 -0.2767645 0.1011268 0 -0.2626232 0 0 -0.2621613 -0.2790853 0.5496419 0 0 0 0 0.0153744 0 0.1315452 0 -0.06854955 0.1359233 -0.05529058 0 0 0 0 0 0 0 0 0 0 0 0 0 0 -0.2738748 0.002247423
0 0.4490047 0 0 0.445713 0 0 0.447968 0.9927118 0 0 0 0 0 0.9999014 0.9999014 0.4492417 1.01 0.1305696 0 0 0.1066262 0.7044379 -0.1303178 0 0.4492417 0 0.7041009 0.4492761 0.6950666 0.4399337 0.1835715 0.1621009 0.6422404 0 0 0.9882995 0.690626 0.9883971 0.6962969 -0.1149326 0 0 0 0.6791892 0.2583258 0.987136 0 0 0.6961107 0 0 0.4363268 0 0.9864664 0.9778061 0 0.983043 0 0.9822339 0 0 0 0.6919163 0.4245001 0 0.9756805 0.6914694 0 0 0 0 0 0 0 0 0 0 0.4310484 0 0 0 0 0.9542526 0 0 0 0 0.4340433 0.9548036 0 0 0.2033127 -0.2557765 0.3007952 0 0 0 0.1893101 0.1401598 0.682217 0.09641581 0 0 0 0.6583825 0 0 0.6559741 0 0.1487748 0.1814345 0.1845431 0.5965548 0.7474174 0 0.677937 0 0 0.6777665 0.5988291 0.1814345 0 0 0 0 0.2186556 0 0.7661401 0 -0.1550738 0.7678572 0.1374683 0 0 0 0 0 0 0 0 0 0 0 0 0 0 0.587181 0.1980844
0 -0.06057585 0 0 -0.05847876 0 0 -0.05851942 0.1298395 0 0 0 0 0 0.1306087 0.1306087 -0.06026701 0.1305696 1.01 0 0 -0.03547659 0.1865401 -0.01377049 0 -0.06026701 0 0.1862906 -0.06023399 0.1855637 -0.05979137 -0.02760629 -0.02734031 -0.08933044 0 0 0.1288562 0.1862302 0.1288694 0.1840387 -0.01910999 0 0 0 0.1901816 -0.03320267 0.1286218 0 0 0.1840181 0 0 -0.05796727 0 0.1291328 0.1273578 0 0.1288629 0 0.1283398 0 0 0 0.1846263 -0.05797035 0 0.1294818 0.1844829 0 0 0 0 0 0 0 0 0 0 -0.05999625 0 0 0 0 0.1252858 0 0 0 0 -0.05974223 0.1262187 0 0 0.6466088 -0.01961724 -0.04836579 0 0 0 0.5875163 -0.002619057 0.1735576 -0.01937471 0 0 0 0.1807635 0 0 0.1811028 0 -0.03806164 -0.03564267 0.5826143 -0.04495509 0.140131 0 0.1736521 0 0 0.1733444 -0.04357819 -0.03564267 0 0 0 0 0.483913 0 0.1391994 0 -0.03076395 0.1400693 0.1601871 0 0 0 0 0 0 0 0 0 0 0 0 0 0 -0.04236112 0.5338385
0 0 0 0 0 0 0 0 0 0 0 0 0 0 0 0 0 0 0 1.01 0 0 0 0 0 0 0 0 0 0 0 0 0 0 0 0 0 0 0 0 0 0 0 0 0 0 0 0 0 0 0 0 0 0 0 0 0 0 0 0 0 0 0 0 0 0 0 0 0 0 0 0 0 0 0 0 0 0 0 0 0 0 0 0 0 0 0 0 0 0 0 0 0 0 0 0 0 0 0 0 0 0 0 0 0 0 0 0 0 0 0 0 0 0 0 0 0 0 0 0 0 0 0 0 0 0 0 0 0 0 0 0 0 0 0 0 0 0 0 0 0 0 0 0 0 0 0 0 0
0 0 0 0 0 0 0 0 0 0 0 0 0 0 0 0 0 0 0 0 1.01 0 0 0 0 0 0 0 0 0 0 0 0 0 0 0 0 0 0 0 0 0 0 0 0 0 0 0 0 0 0 0 0 0 0 0 0 0 0 0 0 0 0 0 0 0 0 0 0 0 0 0 0 0 0 0 0 0 0 0 0 0 0 0 0 0 0 0 0 0 0 0 0 0 0 0 0 0 0 0 0 0 0 0 0 0 0 0 0 0 0 0 0 0 0 0 0 0 0 0 0 0 0 0 0 0 0 0 0 0 0 0 0 0 0 0 0 0 0 0 0 0 0 0 0 0 0 0 0
0 0.2532857 0 0 0.2560587 0 0 0.252238 0.1073515 0 0 0 0 0 0.1066637 0.1066637 0.2529096 0.1066262 -0.03547659 0 0 1.01 -0.0876774 -0.02042173 0 0.2529096 0 -0.08781792 0.2529604 -0.08795168 0.2517641 -0.01819122 -0.01511796 -0.07596948 0 0 0.1063016 -0.08903099 0.1063178 -0.08791847 -0.01588086 0 0 0 -0.08666894 -0.02491816 0.1060443 0 0 -0.08795168 0 0 0.2549035 0 0.1058262 0.1062148 0 0.1062942 0 0.1065073 0 0 0 -0.08813156 0.2564856 0 0.1069113 -0.08819229 0 0 0 0 0 0 0 0 0 0 0.2328 0 0 0 0 0.1063287 0 0 0 0 0.2371266 0.1079838 0 0 0.006841917 -0.02725154 -0.04211131 0 0 0 -0.04059129 -0.02633396 0.08054524 -0.008695606 0 0 0 -0.06886524 0 0 -0.06807837 0 0.07657101 0.06574845 -0.04113994 -0.05478978 0.1181314 0 0.08059354 0 0 0.08035589 -0.05581086 0.06574845 0 0 0 0 0.2960617 0 0.1141487 0 -0.01677212 0.1135548 -0.01807006 0 0 0 0 0 0 0 0 0 0 0 0 0 0 -0.05535939 -0.04295448
0 -0.3162244 0 0 -0.3123128 0 0 -0.3176054 0.6974007 0 0 0 0 0 0.7042282 0.7042282 -0.3173692 0.7044379 0.1865401 0 0 -0.0876774 1.01 -0.08705497 0 -0.3173692 0 0.9993339 -0.3171929 0.9922996 -0.3199147 0.2571911 -0.1288125 0.9136734 0 0 0.6965169 0.9845815 0.6965862 0.9924094 -0.07905828 0 0 0 0.9655946 0.3712899 0.6956925 0 0 0.9922996 0 0 -0.3149613 0 0.69515 0.687982 0 0.6922413 0 0.6925056 0 0 0 0.9885403 -0.314989 0 0.6934504 0.9882175 0 0 0 0 0 0 0 0 0 0 -0.3014897 0 0 0 0 0.6734093 0 0 0 0 -0.2951723 0.6751234 0 0 0.2731885 -0.1757641 0.4335967 0 0 0 0.2689683 -0.1062167 0.9332269 0.1342389 0 0 0 0.9415892 0 0 0.9381705 0 -0.2223149 -0.243905 0.2656089 0.852729 0.7128466 0 0.9279497 0 0 0.9274022 0.8569894 -0.243905 0 0 0 0 0.2199911 0 0.7085637 0 -0.1108072 0.7069092 0.1899118 0 0 0 0 0 0 0 0 0 0 0 0 0 0 0.8404774 0.2085741
0 -0.06369747 0 0 -0.06611566 0 0 -0.06465358 -0.1300434 0 0 0 0 0 -0.1303047 -0.1303047 -0.06448294 -0.1303178 -0.01377049 0 0 -0.02042173 -0.08705497 1.01 0 -0.06448294 0 -0.08717813 -0.06445308 -0.08782529 -0.06472724 -0.03097648 -0.01932123 -0.08350491 0 0 -0.1315995 -0.08771277 -0.1315603 -0.08779501 -0.003764014 0 0 0 -0.08774776 -0.02946038 -0.1319928 0 0 -0.08782529 0 0 -0.06631421 0 -0.1321378 -0.1320014 0 -0.1314361 0 -0.1312257 0 0 0 -0.0879876 -0.06527579 0 -0.1310139 -0.08803959 0 0 0 0 0 0 0 0 0 0 -0.06681224 0 0 0 0 -0.06650949 0 0 0 0 -0.06510322 -0.1339087 0 0 -0.01563045 0.483075 -0.04085567 0 0 0 -0.01897255 -0.02079564 -0.09358622 -0.01652973 0 0 0 -0.09080669 0 0 -0.09013804 0 0.3445646 0.3173423 -0.02175498 -0.08499023 0.1134007 0 -0.09297156 0 0 -0.09305465 -0.08497595 0.3173423 0 0 0 0 -0.02562861 0 0.1093086 0 -0.01304517 0.1087733 -0.02093106 0 0 0 0 0 0 0 0 0 0 0 0 0 0 -0.0835931 -0.02383955
0 0 0 0 0 0 0 0 0 0 0 0 0 0 0 0 0 0 0 0 0 0 0 0 1.01 0 0 0 0 0 0 0 0 0 0 0 0 0 0 0 0 0 0 0 0 0 0 0 0 0 0 0 0 0 0 0 0 0 0 0 0 0 0 0 0 0 0 0 0 0 0 0 0 0 0 0 0 0 0 0 0 0 0 0 0 0 0 0 0 0 0 0 0 0 0 0 0 0 0 0 0 0 0 0 0 0 0 0 0 0 0 0 0 0 0 0 0 0 0 0 0 0 0 0 0 0 0 0 0 0 0 0 0 0 0 0 0 0 0 0 0 0 0 0 0 0 0 0 0
0 0.9982428 0 0 0.9889177 0 0 0.9985956 0.4483627 0 0 0 0 0 0.4493739 0.4493739 1 0.4492417 -0.06026701 0 0 0.2529096 -0.3173692 -0.06448294 0 1.01 0 -0.3175402 0.9998239 -0.3207527 0.9907691 -0.07835576 0.3788304 -0.29243 0 0 0.4435843 -0.3169756 0.4436275 -0.319247 -0.05400594 0 0 0 -0.3083688 -0.1220369 0.4430679 0 0 -0.3193576 0 0 0.9797119 0 0.4428564 0.4403107 0 0.4419439 0 0.4405298 0 0 0 -0.3202299 0.9639443 0 0.4305831 -0.3204204 0 0 0 0 0 0 0 0 0 0 0.955706 0 0 0 0 0.4271832 0 0 0 0 0.9517515 0.4257614 0 0 -0.07209933 -0.1209298 -0.1436859 0 0 0 -0.08550668 0.3210578 -0.2635453 -0.04008977 0 0 0 -0.3059413 0 0 -0.3048583 0 0.4788127 0.5496419 -0.08764687 -0.2767645 0.1011268 0 -0.2626232 0 0 -0.2621613 -0.2790853 0.5496419 0 0 0 0 0.0153744 0 0.1315452 0 -0.06854955 0.1359233 -0.05529058 0 0 0 0 0 0 0 0 0 0 0 0 0 0 -0.2738748 0.002247423
0 0 0 0 0 0 0 0 0 0 0 0 0 0 0 0 0 0 0 0 0 0 0 0 0 0 1.01 0 0 0 0 0 0 0 0 0 0 0 0 0 0 0 0 0 0 0 0 0 0 0 0 0 0 0 0 0 0 0 0 0 0 0 0 0 0 0 0 0 0 0 0 0 0 0 0 0 0 0 0 0 0 0 0 0 0 0 0 0 0 0 0 0 0 0 0 0 0 0 0 0 0 0 0 0 0 0 0 0 0 0 0 0 0 0 0 0 0 0 0 0 0 0 0 0 0 0 0 0 0 0 0 0 0 0 0 0 0 0 0 0 0 0 0 0 0 0 0 0 0
0 -0.3163972 0 0 -0.3124777 0 0 -0.3177771 0.6970637 0 0 0 0 0 0.7038914 0.7038914 -0.3175402 0.7041009 0.1862906 0 0 -0.08781792 0.9993339 -0.08717813 0 -0.3175402 0 1.01 -0.3173638 0.9929576 -0.3200913 0.2568604 -0.1289785 0.9145096 0 0 0.6970057 0.985253 0.697075 0.9930674 -0.07914958 0 0 0 0.9663001 0.3707847 0.6961806 0 0 0.9929576 0 0 -0.3151316 0 0.6956373 0.6884639 0 0.6927285 0 0.6929936 0 0 0 0.9891991 -0.3151595 0 0.69394 0.9888757 0 0 0 0 0 0 0 0 0 0 -0.3016791 0 0 0 0 0.6738943 0 0 0 0 -0.29535 0.6756087 0 0 0.2728157 -0.1755881 0.4329905 0 0 0 0.2686197 -0.1063611 0.9338617 0.1340594 0 0 0 0.9422744 0 0 0.9388626 0 -0.2223222 -0.243954 0.2652596 0.8535974 0.7134203 0 0.9285907 0 0 0.9280419 0.8578487 -0.243954 0 0 0 0 0.2196134 0 0.709115 0 -0.1102368 0.7074584 0.1927372 0 0 0 0 0 0 0 0 0 0 0 0 0 0 0.8413666 0.2082274
0 0.9980672 0 0 0.9887372 0 0 0.9984201 0.4483976 0 0 0 0 0 0.4494082 0.4494082 0.9998239 0.4492761 -0.06023399 0 0 0.2529604 -0.3171929 -0.06445308 0 0.9998239 0 -0.3173638 1.01 -0.3205752 0.9909458 -0.07831276 0.3788969 -0.2922677 0 0 0.443885 -0.3167996 0.4439281 -0.3190694 -0.05398289 0 0 0 -0.3081964 -0.1219694 0.443369 0 0 -0.31918 0 0 0.9798867 0 0.4431576 0.4406133 0 0.4422451 0 0.4408307 0 0 0 -0.3200522 0.9641184 0 0.4308833 -0.3202427 0 0 0 0 0 0 0 0 0 0 0.9558816 0 0 0 0 0.4274854 0 0 0 0 0.9519247 0.4260635 0 0 -0.07204854 -0.1208677 -0.1436038 0 0 0 -0.08546133 0.3211147 -0.2633598 -0.04006582 0 0 0 -0.3057642 0 0 -0.3046818 0 0.4789313 0.5497711 -0.0876012 -0.2766024 0.1013878 0 -0.2624383 0 0 -0.2619763 -0.2789226 0.5497711 0 0 0 0 0.01543555 0 0.1318133 0 -0.06851374 0.1361922 -0.05525602 0 0 0 0 0 0 0 0 0 0 0 0 0 0 -0.2737148 0.002302322
0 -0.3196268 0 0 -0.3156212 0 0 -0.3209976 0.6880181 0 0 0 0 0 0.6948582 0.6948582 -0.3207527 0.6950666 0.1855637 0 0 -0.08795168 0.9922996 -0.08782529 0 -0.3207527 0 0.9929576 -0.3205752 1.01 -0.3094842 0.2550737 -0.1310077 0.9108892 0 0 0.7009875 0.9811379 0.7010574 0.9888368 -0.07918819 0 0 0 0.962463 0.368634 0.7001523 0 0 0.9887257 0 0 -0.3043541 0 0.6995997 0.6923561 0 0.6966847 0 0.6969595 0 0 0 0.9849674 -0.304357 0 0.6981324 0.9846411 0 0 0 0 0 0 0 0 0 0 -0.2909531 0 0 0 0 0.6782078 0 0 0 0 -0.2983121 0.6799282 0 0 0.2709922 -0.1769405 0.4469074 0 0 0 0.2671807 -0.106664 0.9405605 0.1335014 0 0 0 0.9492816 0 0 0.9459328 0 -0.2234253 -0.2451903 0.263794 0.8616105 0.718975 0 0.9353443 0 0 0.9347813 0.8657797 -0.2451903 0 0 0 0 0.2179915 0 0.7146274 0 -0.1112729 0.7129459 0.1903854 0 0 0 0 0 0 0 0 0 0 0 0 0 0 0.8493387 0.2070705
0 0.9890073 0 0 0.9798174 0 0 0.9893643 0.4390326 0 0 0 0 0 0.4400659 0.4400659 0.9907691 0.4399337 -0.05979137 0 0 0.2517641 -0.3199147 -0.06472724 0 0.9907691 0 -0.3200913 0.9909458 -0.3094842 1.01 -0.0787504 0.3746825 -0.2950525 0 0 0.4477913 -0.3195141 0.4478348 -0.3218654 -0.05500026 0 0 0 -0.3107337 -0.1229681 0.4472666 0 0 -0.321977 0 0 0.9888564 0 0.4470457 0.4444286 0 0.4461248 0 0.4447276 0 0 0 -0.3228532 0.9732008 0 0.4351131 -0.3230455 0 0 0 0 0 0 0 0 0 0 0.9649821 0 0 0 0 0.431862 0 0 0 0 0.9438386 0.4304573 0 0 -0.07241403 -0.121507 -0.122881 0 0 0 -0.08535353 0.3193382 -0.2527612 -0.03980764 0 0 0 -0.2946817 0 0 -0.29355 0 0.4757491 0.5460915 -0.08751953 -0.2650549 0.1090483 0 -0.2518023 0 0 -0.2513583 -0.2674347 0.5460915 0 0 0 0 0.01480084 0 0.139326 0 -0.06923711 0.1436541 -0.0568428 0 0 0 0 0 0 0 0 0 0 0 0 0 0 -0.2626 0.002208023
0 -0.078758 0 0 -0.07755922 0 0 -0.07861678 0.1820436 0 0 0 0 0 0.1836236 0.1836236 -0.07835576 0.1835715 -0.02760629 0 0 -0.01819122 0.2571911 -0.03097648 0 -0.07835576 0 0.2568604 -0.07831276 0.2550737 -0.0787504 1.01 -0.02871488 0.2797269 0 0 0.1811452 0.2561583 0.1811609 0.2544972 -0.02290878 0 0 0 0.2615542 -0.04220272 0.1808494 0 0 0.2544709 0 0 -0.07790658 0 0.1811306 0.1793793 0 0.1796327 0 0.1799008 0 0 0 0.2536544 -0.080207 0 0.178737 0.2534636 0 0 0 0 0 0 0 0 0 0 -0.08027118 0 0 0 0 0.17516 0 0 0 0 -0.0814912 0.1742907 0 0 -0.03883299 -0.05338263 -0.0534405 0 0 0 -0.02642261 -0.03314782 0.2458298 -0.01152917 0 0 0 0.2327622 0 0 0.2330007 0 -0.06273678 -0.06890246 -0.02729863 0.2530177 0.1697118 0 0.2457694 0 0 0.2459486 0.2741461 -0.06890246 0 0 0 0 -0.03314747 0 0.1872018 0 -0.02973055 0.1870069 -0.03360857 0 0 0 0 0 0 0 0 0 0 0 0 0 0 0.2778359 -0.02758493
0 0.3788349 0 0 0.382812 0 0 0.3779008 0.1617783 0 0 0 0 0 0.1621501 0.1621501 0.3788304 0.1621009 -0.02734031 0 0 -0.01511796 -0.1288125 -0.01932123 0 0.3788304 0 -0.1289785 0.3788969 -0.1310077 0.3746825 -0.02871488 1.01 -0.1161922 0 0 0.1586848 -0.1279066 0.158702 -0.1303306 -0.02129749 0 0 0 -0.1259862 -0.04699413 0.158385 0 0 -0.1303727 0 0 0.3786264 0 0.1581086 0.1588638 0 0.1583699 0 0.1586319 0 0 0 -0.1312317 0.378694 0 0.1573504 -0.1313002 0 0 0 0 0 0 0 0 0 0 0.3727799 0 0 0 0 0.1586879 0 0 0 0 0.3805042 0.1583459 0 0 -0.0394857 -0.03516488 -0.05728491 0 0 0 -0.03225407 -0.02853009 -0.1325447 -0.009293117 0 0 0 -0.1299549 0 0 -0.1290409 0 -0.05892198 -0.06266489 -0.03305996 -0.1172704 -0.1647511 0 -0.1317008 0 0 -0.1318123 -0.1184464 -0.06266489 0 0 0 0 -0.03532253 0 -0.170011 0 -0.02087337 -0.1581574 -0.03793094 0 0 0 0 0 0 0 0 0 0 0 0 0 0 -0.1148041 -0.04272198
0 -0.2910694 0 0 -0.2882714 0 0 -0.2931308 0.6349905 0 0 0 0 0 0.6422165 0.6422165 -0.29243 0.6422404 -0.08933044 0 0 -0.07596948 0.9136734 -0.08350491 0 -0.29243 0 0.9145096 -0.2922677 0.9108892 -0.2950525 0.2797269 -0.1161922 1.01 0 0 0.638309 0.9176416 0.6383731 0.9109904 -0.07258547 0 0 0 0.8958211 0.4063202 0.6373781 0 0 0.9108892 0 0 -0.2910189 0 0.6369483 0.6301728 0 0.6336804 0 0.6340479 0 0 0 0.906884 -0.2916254 0 0.6345618 0.9066364 0 0 0 0 0 0 0 0 0 0 -0.2770971 0 0 0 0 0.6155205 0 0 0 0 -0.2710293 0.6173815 0 0 -0.1179761 -0.1632728 0.4722296 0 0 0 -0.08112091 -0.1021451 0.8550706 0.1495767 0 0 0 0.8601208 0 0 0.8563994 0 -0.2074997 -0.2291913 -0.0816134 0.9228069 0.6501158 0 0.8495801 0 0 0.8491999 0.9268144 -0.2291913 0 0 0 0 -0.07132087 0 0.6449281 0 -0.09696823 0.6431361 0.1571203 0 0 0 0 0 0 0 0 0 0 0 0 0 0 0.9087157 -0.1124035
0 0 0 0 0 0 0 0 0 0 0 0 0 0 0 0 0 0 0 0 0 0 0 0 0 0 0 0 0 0 0 0 0 0 1.01 0 0 0 0 0 0 0 0 0 0 0 0 0 0 0 0 0 0 0 0 0 0 0 0 0 0 0 0 0 0 0 0 0 0 0 0 0 0 0 0 0 0 0 0 0 0 0 0 0 0 0 0 0 0 0 0 0 0 0 0 0 0 0 0 0 0 0 0 0 0 0 0 0 0 0 0 0 0 0 0 0 0 0 0 0 0 0 0 0 0 0 0 0 0 0 0 0 0 0 0 0 0 0 0 0 0 0 0 0 0 0 0 0 0
0 0 0 0 0 0 0 0 0 0 0 0 0 0 0 0 0 0 0 0 0 0 0 0 0 0 0 0 0 0 0 0 0 0 0 1.01 0 0 0 0 0 0 0 0 0 0 0 0 0 0 0 0 0 0 0 0 0 0 0 0 0 0 0 0 0 0 0 0 0 0 0 0 0 0 0 0 0 0 0 0 0 0 0 0 0 0 0 0 0 0 0 0 0 0 0 0 0 0 0 0 0 0 0 0 0 0 0 0 0 0 0 0 0 0 0 0 0 0 0 0 0 0 0 0 0 0 0 0 0 0 0 0 0 0 0 0 0 0 0 0 0 0 0 0 0 0 0 0 0
0 0.4433218 0 0 0.4402033 0 0 0.4422947 0.9906226 0 0 0 0 0 0.9882021 0.9882021 0.4435843 0.9882995 0.1288562 0 0 0.1063016 0.6965169 -0.1315995 0 0.4435843 0 0.6970057 0.443885 0.7009875 0.4477913 0.1811452 0.1586848 0.638309 0 0 1.01 0.6967253 0.9999014 0.7022197 -0.1140648 0 0 0 0.6857225 0.2553441 0.9986204 0 0 0.7020314 0 0 0.4444321 0 0.9979322 0.9891235 0 0.9944862 0 0.9936947 0 0 0 0.6978235 0.4326325 0 0.9873749 0.6973675 0 0 0 0 0 0 0 0 0 0 0.439012 0 0 0 0 0.9659162 0 0 0 0 0.4292246 0.9664846 0 0 0.2020179 -0.2592507 0.3284435 0 0 0 0.1887262 0.138765 0.6977504 0.09514918 0 0 0 0.6744482 0 0 0.6721353 0 0.1465209 0.1788885 0.1838953 0.613679 0.760449 0 0.6935442 0 0 0.6933469 0.6158289 0.1788885 0 0 0 0 0.217517 0 0.7791166 0 -0.1571316 0.780784 0.1370882 0 0 0 0 0 0 0 0 0 0 0 0 0 0 0.6043641 0.1972685
0 -0.3158324 0 0 -0.3119313 0 0 -0.3172108 0.6938451 0 0 0 0 0 0.6904154 0.6904154 -0.3169756 0.690626 0.1862302 0 0 -0.08903099 0.9845815 -0.08771277 0 -0.3169756 0 0.985253 -0.3167996 0.9811379 -0.3195141 0.2561583 -0.1279066 0.9176416 0 0 0.6967253 1.01 0.6967943 0.9923107 -0.07670268 0 0 0 0.9811015 0.3723191 0.6959037 0 0 0.9922012 0 0 -0.3145727 0 0.695362 0.6882073 0 0.6924578 0 0.6927214 0 0 0 0.988449 -0.3151617 0 0.693247 0.9881263 0 0 0 0 0 0 0 0 0 0 -0.3013973 0 0 0 0 0.6730342 0 0 0 0 -0.2951006 0.6749542 0 0 0.2378698 -0.1762508 0.4482721 0 0 0 0.2708137 -0.1059926 0.9321279 0.1329371 0 0 0 0.9409182 0 0 0.9375065 0 -0.2218378 -0.2433834 0.2674448 0.8673364 0.7121709 0 0.9268601 0 0 0.9263133 0.8715604 -0.2433834 0 0 0 0 0.2206136 0 0.7079006 0 -0.1098625 0.7062495 0.1926747 0 0 0 0 0 0 0 0 0 0 0 0 0 0 0.8551474 0.2098183
0 0.4433652 0 0 0.4402459 0 0 0.4423381 0.9907204 0 0 0 0 0 0.9882998 0.9882998 0.4436275 0.9883971 0.1288694 0 0 0.1063178 0.6965862 -0.1315603 0 0.4436275 0 0.697075 0.4439281 0.7010574 0.4478348 0.1811609 0.158702 0.6383731 0 0 0.9999014 0.6967943 1.01 0.7022895 -0.114033 0 0 0 0.6857896 0.2553718 0.9987195 0 0 0.7021012 0 0 0.444475 0 0.9980315 0.9892248 0 0.9945859 0 0.9937943 0 0 0 0.6978938 0.4326768 0 0.9874751 0.6974379 0 0 0 0 0 0 0 0 0 0 0.4390571 0 0 0 0 0.9660203 0 0 0 0 0.4292692 0.9665886 0 0 0.2020369 -0.2591713 0.3284751 0 0 0 0.1887431 0.1387795 0.6978242 0.09515841 0 0 0 0.67452 0 0 0.672207 0 0.1465743 0.1789435 0.1839131 0.6137449 0.7605578 0 0.693618 0 0 0.6934208 0.6158952 0.1789435 0 0 0 0 0.2175385 0 0.7792275 0 -0.157085 0.7808951 0.1371014 0 0 0 0 0 0 0 0 0 0 0 0 0 0 0.6044295 0.1972881
0 -0.3181221 0 0 -0.3141065 0 0 -0.3194938 0.6994741 0 0 0 0 0 0.6960886 0.6960886 -0.319247 0.6962969 0.1840387 0 0 -0.08791847 0.9924094 -0.08779501 0 -0.319247 0 0.9930674 -0.3190694 0.9888368 -0.3218654 0.2544972 -0.1303306 0.9109904 0 0 0.7022197 0.9923107 0.7022895 1.01 -0.07697481 0 0 0 0.9736704 0.3686764 0.7013857 0 0 0.9998895 0 0 -0.3168265 0 0.700833 0.6935902 0 0.6979175 0 0.698192 0 0 0 0.9961319 -0.3168537 0 0.6991566 0.9958022 0 0 0 0 0 0 0 0 0 0 -0.3035551 0 0 0 0 0.6790249 0 0 0 0 -0.2970821 0.6807454 0 0 0.2715514 -0.1777379 0.4455921 0 0 0 0.2677816 -0.1073531 0.9402408 0.1324385 0 0 0 0.9489511 0 0 0.9456015 0 -0.2236841 -0.2454244 0.2643914 0.8610272 0.7185222 0 0.935024 0 0 0.9344614 0.8651981 -0.2454244 0 0 0 0 0.2185163 0 0.7141785 0 -0.1112367 0.7124976 0.1904068 0 0 0 0 0 0 0 0 0 0 0 0 0 0 0.8489816 0.2071048
0 -0.05421736 0 0 -0.05419712 0 0 -0.05413323 -0.1132627 0 0 0 0 0 -0.1149236 -0.1149236 -0.05400594 -0.1149326 -0.01910999 0 0 -0.01588086 -0.07905828 -0.003764014 0 -0.05400594 0 -0.07914958 -0.05398289 -0.07918819 -0.05500026 -0.02290878 -0.02129749 -0.07258547 0 0 -0.1140648 -0.07670268 -0.114033 -0.07697481 1.01 0 0 0 -0.07566567 -0.01799533 -0.1143793 0 0 -0.07699876 0 0 -0.05516683 0 -0.1144897 -0.1156129 0 -0.1145549 0 -0.1143901 0 0 0 -0.07712555 -0.05519554 0 -0.1142332 -0.07716338 0 0 0 0 0 0 0 0 0 0 -0.05441559 0 0 0 0 -0.1169701 0 0 0 0 -0.0522863 -0.1179248 0 0 -0.02204537 -0.02081742 -0.03919226 0 0 0 -0.0198372 -0.02550517 -0.08246139 0.007420739 0 0 0 -0.08261394 0 0 -0.083206 0 -0.03954237 -0.04445347 -0.02028191 -0.07737578 -0.1091628 0 -0.08307129 0 0 -0.08312758 -0.0768909 -0.04445347 0 0 0 0 -0.02039022 0 -0.1090463 0 -0.01857616 -0.1094401 -0.02389177 0 0 0 0 0 0 0 0 0 0 0 0 0 0 -0.07563754 -0.01956257
0 0 0 0 0 0 0 0 0 0 0 0 0 0 0 0 0 0 0 0 0 0 0 0 0 0 0 0 0 0 0 0 0 0 0 0 0 0 0 0 0 1.01 0 0 0 0 0 0 0 0 0 0 0 0 0 0 0 0 0 0 0 0 0 0 0 0 0 0 0 0 0 0 0 0 0 0 0 0 0 0 0 0 0 0 0 0 0 0 0 0 0 0 0 0 0 0 0 0 0 0 0 0 0 0 0 0 0 0 0 0 0 0 0 0 0 0 0 0 0 0 0 0 0 0 0 0 0 0 0 0 0 0 0 0 0 0 0 0 0 0 0 0 0 0 0 0 0 0 0
0 0 0 0 0 0 0 0 0 0 0 0 0 0 0 0 0 0 0 0 0 0 0 0 0 0 0 0 0 0 0 0 0 0 0 0 0 0 0 0 0 0 1.01 0 0 0 0 0 0 0 0 0 0 0 0 0 0 0 0 0 0 0 0 0 0 0 0 0 0 0 0 0 0 0 0 0 0 0 0 0 0 0 0 0 0 0 0 0 0 0 0 0 0 0 0 0 0 0 0 0 0 0 0 0 0 0 0 0 0 0 0 0 0 0 0 0 0 0 0 0 0 0 0 0 0 0 0 0 0 0 0 0 0 0 0 0 0 0 0 0 0 0 0 0 0 0 0 0 0
0 0 0 0 0 0 0 0 0 0 0 0 0 0 0 0 0 0 0 0 0 0 0 0 0 0 0 0 0 0 0 0 0 0 0 0 0 0 0 0 0 0 0 1.01 0 0 0 0 0 0 0 0 0 0 0 0 0 0 0 0 0 0 0 0 0 0 0 0 0 0 0 0 0 0 0 0 0 0 0 0 0 0 0 0 0 0 0 0 0 0 0 0 0 0 0 0 0 0 0 0 0 0 0 0 0 0 0 0 0 0 0 0 0 0 0 0 0 0 0 0 0 0 0 0 0 0 0 0 0 0 0 0 0 0 0 0 0 0 0 0 0 0 0 0 0 0 0 0 0
0 -0.307183 0 0 -0.3032455 0 0 -0.3085813 0.6825123 0 0 0 0 0 0.6789731 0.6789731 -0.3083688 0.6791892 0.1901816 0 0 -0.08666894 0.9655946 -0.08774776 0 -0.3083688 0 0.9663001 -0.3081964 0.962463 -0.3107337 0.2615542 -0.1259862 0.8958211 0 0 0.6857225 0.9811015 0.6857896 0.9736704 -0.07566567 0 0 0 1.01 0.3806356 0.685141 0 0 0.9737854 0 0 -0.3057182 0 0.6846253 0.6770466 0 0.6815346 0 0.6817717 0 0 0 0.9700422 -0.3068669 0 0.682038 0.9697364 0 0 0 0 0 0 0 0 0 0 -0.3135071 0 0 0 0 0.6612724 0 0 0 0 -0.3078632 0.6633827 0 0 0.2428414 -0.1758153 0.450188 0 0 0 0.2755647 -0.1017719 0.9132133 0.1336479 0 0 0 0.9379157 0 0 0.9343713 0 -0.215276 -0.2357116 0.2728355 0.8619113 0.6985953 0 0.9075968 0 0 0.9070881 0.8660789 -0.2357116 0 0 0 0 0.1889019 0 0.6945864 0 -0.112063 0.6930058 0.1605385 0 0 0 0 0 0 0 0 0 0 0 0 0 0 0.8502263 0.2141893
0 -0.1226679 0 0 -0.1199479 0 0 -0.122447 0.2580044 0 0 0 0 0 0.2584047 0.2584047 -0.1220369 0.2583258 -0.03320267 0 0 -0.02491816 0.3712899 -0.02946038 0 -0.1220369 0 0.3707847 -0.1219694 0.368634 -0.1229681 -0.04220272 -0.04699413 0.4063202 0 0 0.2553441 0.3723191 0.2553718 0.3686764 -0.01799533 0 0 0 0.3806356 1.01 0.2548604 0 0 0.368634 0 0 -0.1213313 0 0.254415 0.2527389 0 0.2538698 0 0.2539043 0 0 0 0.367887 -0.1213436 0 0.2547393 0.3675971 0 0 0 0 0 0 0 0 0 0 -0.1263804 0 0 0 0 0.2332713 0 0 0 0 -0.1230445 0.2340669 0 0 -0.06103969 -0.06918888 -0.1050596 0 0 0 -0.05182821 -0.03711746 0.3391935 0.3556443 0 0 0 0.3492688 0 0 0.3506905 0 -0.09181105 -0.09887554 -0.05207114 0.3864274 0.2567745 0 0.3380923 0 0 0.3378831 0.3839073 -0.09887554 0 0 0 0 -0.05898243 0 0.2498043 0 -0.04208749 0.2490016 -0.03894797 0 0 0 0 0 0 0 0 0 0 0 0 0 0 0.3188765 -0.05748382
0 0.4428028 0 0 0.4396978 0 0 0.4417761 0.9894563 0 0 0 0 0 0.9870387 0.9870387 0.4430679 0.987136 0.1286218 0 0 0.1060443 0.6956925 -0.1319928 0 0.4430679 0 0.6961806 0.443369 0.7001523 0.4472666 0.1808494 0.158385 0.6373781 0 0 0.9986204 0.6959037 0.9987195 0.7013857 -0.1143793 0 0 0 0.685141 0.2548604 1.01 0 0 0.7014059 0 0 0.4439186 0 0.9969405 0.988112 0 0.9934915 0 0.9927013 0 0 0 0.6971934 0.43211 0 0.9863788 0.6967367 0 0 0 0 0 0 0 0 0 0 0.4384723 0 0 0 0 0.9648844 0 0 0 0 0.4287014 0.9654541 0 0 0.202169 -0.2588331 0.3278698 0 0 0 0.1889529 0.1385092 0.6970707 0.09498215 0 0 0 0.6738147 0 0 0.6715062 0 0.1461158 0.1784286 0.1841108 0.6129567 0.7592837 0 0.6928672 0 0 0.6926692 0.6151007 0.1784286 0 0 0 0 0.2175896 0 0.7781121 0 -0.1555809 0.7797758 0.1368482 0 0 0 0 0 0 0 0 0 0 0 0 0 0 0.6036558 0.1974137
0 0 0 0 0 0 0 0 0 0 0 0 0 0 0 0 0 0 0 0 0 0 0 0 0 0 0 0 0 0 0 0 0 0 0 0 0 0 0 0 0 0 0 0 0 0 0 1.01 0 0 0 0 0 0 0 0 0 0 0 0 0 0 0 0 0 0 0 0 0 0 0 0 0 0 0 0 0 0 0 0 0 0 0 0 0 0 0 0 0 0 0 0 0 0 0 0 0 0 0 0 0 0 0 0 0 0 0 0 0 0 0 0 0 0 0 0 0 0 0 0 0 0 0 0 0 0 0 0 0 0 0 0 0 0 0 0 0 0 0 0 0 0 0 0 0 0 0 0 0
0 0 0 0 0 0 0 0 0 0 0 0 0 0 0 0 0 0 0 0 0 0 0 0 0 0 0 0 0 0 0 0 0 0 0 0 0 0 0 0 0 0 0 0 0 0 0 0 1.01 0 0 0 0 0 0 0 0 0 0 0 0 0 0 0 0 0 0 0 0 0 0 0 0 0 0 0 0 0 0 0 0 0 0 0 0 0 0 0 0 0 0 0 0 0 0 0 0 0 0 0 0 0 0 0 0 0 0 0 0 0 0 0 0 0 0 0 0 0 0 0 0 0 0 0 0 0 0 0 0 0 0 0 0 0 0 0 0 0 0 0 0 0 0 0 0 0 0 0 0
0 -0.3182329 0 0 -0.3142159 0 0 -0.3196045 0.6992876 0 0 0 0 0 0.6959024 0.6959024 -0.3193576 0.6961107 0.1840181 0 0 -0.08795168 0.9922996 -0.08782529 0 -0.3193576 0 0.9929576 -0.31918 0.9887257 -0.321977 0.2544709 -0.1303727 0.9108892 0 0 0.7020314 0.9922012 0.7021012 0.9998895 -0.07699876 0 0 0 0.9737854 0.368634 0.7014059 0 0 1.01 0 0 -0.3169368 0 0.700853 0.6936086 0 0.6979373 0 0.6982119 0 0 0 0.9962422 -0.3169641 0 0.6991768 0.9959123 0 0 0 0 0 0 0 0 0 0 -0.3036666 0 0 0 0 0.6790423 0 0 0 0 -0.2971915 0.6807629 0 0 0.27152 -0.1773703 0.4455405 0 0 0 0.2677537 -0.1073891 0.9403422 0.1324236 0 0 0 0.9490605 0 0 0.9457114 0 -0.2237673 -0.2455139 0.2643631 0.8611534 0.7185592 0 0.9351258 0 0 0.934563 0.8653234 -0.2455139 0 0 0 0 0.2184781 0 0.7142111 0 -0.1105614 0.7125297 0.1903854 0 0 0 0 0 0 0 0 0 0 0 0 0 0 0.8491095 0.2070705
0 0 0 0 0 0 0 0 0 0 0 0 0 0 0 0 0 0 0 0 0 0 0 0 0 0 0 0 0 0 0 0 0 0 0 0 0 0 0 0 0 0 0 0 0 0 0 0 0 0 1.01 0 0 0 0 0 0 0 0 0 0 0 0 0 0 0 0 0 0 0 0 0 0 0 0 0 0 0 0 0 0 0 0 0 0 0 0 0 0 0 0 0 0 0 0 0 0 0 0 0 0 0 0 0 0 0 0 0 0 0 0 0 0 0 0 0 0 0 0 0 0 0 0 0 0 0 0 0 0 0 0 0 0 0 0 0 0 0 0 0 0 0 0 0 0 0 0 0 0
0 0 0 0 0 0 0 0 0 0 0 0 0 0 0 0 0 0 0 0 0 0 0 0 0 0 0 0 0 0 0 0 0 0 0 0 0 0 0 0 0 0 0 0 0 0 0 0 0 0 0 1.01 0 0 0 0 0 0 0 0 0 0 0 0 0 0 0 0 0 0 0 0 0 0 0 0 0 0 0 0 0 0 0 0 0 0 0 0 0 0 0 0 0 0 0 0 0 0 0 0 0 0 0 0 0 0 0 0 0 0 0 0 0 0 0 0 0 0 0 0 0 0 0 0 0 0 0 0 0 0 0 0 0 0 0 0 0 0 0 0 0 0 0 0 0 0 0 0 0
0 0.9779755 0 0 0.990811 0 0 0.9783415 0.4357265 0 0 0 0 0 0.4364577 0.4364577 0.9797119 0.4363268 -0.05796727 0 0 0.2549035 -0.3149613 -0.06631421 0 0.9797119 0 -0.3151316 0.9798867 -0.3043541 0.9888564 -0.07790658 0.3786264 -0.2910189 0 0 0.4444321 -0.3145727 0.444475 -0.3168265 -0.05516683 0 0 0 -0.3057182 -0.1213313 0.4439186 0 0 -0.3169368 0 0 1.01 0 0.4437091 0.4411793 0 0.4427971 0 0.4413772 0 0 0 -0.3178087 0.9842329 0 0.4314053 -0.3179995 0 0 0 0 0 0 0 0 0 0 0.9754292 0 0 0 0 0.427767 0 0 0 0 0.9539394 0.426604 0 0 -0.06953711 -0.1224669 -0.1199122 0 0 0 -0.08286271 0.3240876 -0.2471407 -0.03847138 0 0 0 -0.2892457 0 0 -0.2881474 0 0.4819013 0.5533311 -0.08501681 -0.2605894 0.1180803 0 -0.2462143 0 0 -0.2465912 -0.2632204 0.5533311 0 0 0 0 0.0180393 0 0.1483858 0 -0.07088024 0.1527784 -0.05686355 0 0 0 0 0 0 0 0 0 0 0 0 0 0 -0.2582636 0.00496181
0 0 0 0 0 0 0 0 0 0 0 0 0 0 0 0 0 0 0 0 0 0 0 0 0 0 0 0 0 0 0 0 0 0 0 0 0 0 0 0 0 0 0 0 0 0 0 0 0 0 0 0 0 1.01 0 0 0 0 0 0 0 0 0 0 0 0 0 0 0 0 0 0 0 0 0 0 0 0 0 0 0 0 0 0 0 0 0 0 0 0 0 0 0 0 0 0 0 0 0 0 0 0 0 0 0 0 0 0 0 0 0 0 0 0 0 0 0 0 0 0 0 0 0 0 0 0 0 0 0 0 0 0 0 0 0 0 0 0 0 0 0 0 0 0 0 0 0 0 0
0 0.4425896 0 0 0.4394976 0 0 0.4415636 0.9887831 0 0 0 0 0 0.9863692 0.9863692 0.4428564 0.9864664 0.1291328 0 0 0.1058262 0.69515 -0.1321378 0 0.4428564 0 0.6956373 0.4431576 0.6995997 0.4470457 0.1811306 0.1581086 0.6369483 0 0 0.9979322 0.695362 0.9980315 0.700833 -0.1144897 0 0 0 0.6846253 0.254415 0.9969405 0 0 0.700853 0 0 0.4437091 0 1.01 0.9911626 0 0.9965487 0 0.9957596 0 0 0 0.7006095 0.4319035 0 0.9894424 0.7001513 0 0 0 0 0 0 0 0 0 0 0.4382466 0 0 0 0 0.9679356 0 0 0 0 0.4284966 0.9685071 0 0 0.2018368 -0.2595404 0.327648 0 0 0 0.1886484 0.1396416 0.7004059 0.09482387 0 0 0 0.6772442 0 0 0.6749456 0 0.1455974 0.1784792 0.1838051 0.6166425 0.7626847 0 0.6962094 0 0 0.6960079 0.6187735 0.1784792 0 0 0 0 0.2172245 0 0.7812882 0 -0.1570976 0.7829483 0.137347 0 0 0 0 0 0 0 0 0 0 0 0 0 0 0.6073676 0.1970822
0 0.4400298 0 0 0.4370383 0 0 0.4390091 0.9800966 0 0 0 0 0 0.9777095 0.9777095 0.4403107 0.9778061 0.1273578 0 0 0.1062148 0.687982 -0.1320014 0 0.4403107 0 0.6884639 0.4406133 0.6923561 0.4444286 0.1793793 0.1588638 0.6301728 0 0 0.9891235 0.6882073 0.9892248 0.6935902 -0.1156129 0 0 0 0.6770466 0.2527389 0.988112 0 0 0.6936086 0 0 0.4411793 0 0.9911626 1.01 0 0.9946092 0 0.9938306 0 0 0 0.6964884 0.434409 0 0.9873344 0.6960278 0 0 0 0 0 0 0 0 0 0 0.4408007 0 0 0 0 0.9763659 0 0 0 0 0.4310124 0.9767502 0 0 0.2001529 -0.258886 0.3261513 0 0 0 0.187278 0.1377125 0.7069295 0.09558019 0 0 0 0.684064 0 0 0.6818159 0 0.1434572 0.1758817 0.1824101 0.6243954 0.7671735 0 0.7027741 0 0 0.7025595 0.6264605 0.1758817 0 0 0 0 0.2156506 0 0.785524 0 -0.1588185 0.7873533 0.1376851 0 0 0 0 0 0 0 0 0 0 0 0 0 0 0.6150543 0.1953946
0 0 0 0 0 0 0 0 0 0 0 0 0 0 0 0 0 0 0 0 0 0 0 0 0 0 0 0 0 0 0 0 0 0 0 0 0 0 0 0 0 0 0 0 0 0 0 0 0 0 0 0 0 0 0 0 1.01 0 0 0 0 0 0 0 0 0 0 0 0 0 0 0 0 0 0 0 0 0 0 0 0 0 0 0 0 0 0 0 0 0 0 0 0 0 0 0 0 0 0 0 0 0 0 0 0 0 0 0 0 0 0 0 0 0 0 0 0 0 0 0 0 0 0 0 0 0 0 0 0 0 0 0 0 0 0 0 0 0 0 0 0 0 0 0 0 0 0 0 0
0 0.441676 0 0 0.4385938 0 0 0.4406514 0.9853566 0 0 0 0 0 0.9829457 0.9829457 0.4419439 0.983043 0.1288629 0 0 0.1062942 0.6922413 -0.1314361 0 0.4419439 0 0.6927285 0.4422451 0.6966847 0.4461248 0.1796327 0.1583699 0.6336804 0 0 0.9944862 0.6924578 0.9945859 0.6979175 -0.1145549 0 0 0 0.6815346 0.2538698 0.9934915 0 0 0.6979373 0 0 0.4427971 0 0.9965487 0.9946092 0 1.01 0 0.9992122 0 0 0 0.7008244 0.4360248 0 0.992706 0.7003659 0 0 0 0 0 0 0 0 0 0 0.4425466 0 0 0 0 0.9713916 0 0 0 0 0.4326205 0.9717678 0 0 0.2024223 -0.2568985 0.3285882 0 0 0 0.1893522 0.1386639 0.700576 0.09462843 0 0 0 0.6774814 0 0 0.6751895 0 0.1450221 0.1778484 0.184502 0.6166291 0.7624455 0 0.6963863 0 0 0.6961835 0.6187525 0.1778484 0 0 0 0 0.2176933 0 0.78101 0 -0.1572074 0.7826662 0.1377914 0 0 0 0 0 0 0 0 0 0 0 0 0 0 0.6073746 0.1976669
0 0 0 0 0 0 0 0 0 0 0 0 0 0 0 0 0 0 0 0 0 0 0 0 0 0 0 0 0 0 0 0 0 0 0 0 0 0 0 0 0 0 0 0 0 0 0 0 0 0 0 0 0 0 0 0 0 0 1.01 0 0 0 0 0 0 0 0 0 0 0 0 0 0 0 0 0 0 0 0 0 0 0 0 0 0 0 0 0 0 0 0 0 0 0 0 0 0 0 0 0 0 0 0 0 0 0 0 0 0 0 0 0 0 0 0 0 0 0 0 0 0 0 0 0 0 0 0 0 0 0 0 0 0 0 0 0 0 0 0 0 0 0 0 0 0 0 0 0 0
0 0.4402653 0 0 0.4371569 0 0 0.4392411 0.9845516 0 0 0 0 0 0.9821364 0.9821364 0.4405298 0.9822339 0.1283398 0 0 0.1065073 0.6925056 -0.1312257 0 0.4405298 0 0.6929936 0.4408307 0.6969595 0.4447276 0.1799008 0.1586319 0.6340479 0 0 0.9936947 0.6927214 0.9937943 0.698192 -0.1143901 0 0 0 0.6817717 0.2539043 0.9927013 0 0 0.6982119 0 0 0.4413772 0 0.9957596 0.9938306 0 0.9992122 0 1.01 0 0 0 0.7010998 0.4346022 0 0.9919152 0.7006418 0 0 0 0 0 0 0 0 0 0 0.4411641 0 0 0 0 0.9706184 0 0 0 0 0.4311972 0.9709934 0 0 0.2022347 -0.2568726 0.3287764 0 0 0 0.1890948 0.1388887 0.7010958 0.09477701 0 0 0 0.6779587 0 0 0.6756627 0 0.1429809 0.1759841 0.1842514 0.6172065 0.7617529 0 0.6969025 0 0 0.6967003 0.619335 0.1759841 0 0 0 0 0.217577 0 0.7803468 0 -0.1576299 0.7820062 0.1380049 0 0 0 0 0 0 0 0 0 0 0 0 0 0 0.6079387 0.1974819
0 0 0 0 0 0 0 0 0 0 0 0 0 0 0 0 0 0 0 0 0 0 0 0 0 0 0 0 0 0 0 0 0 0 0 0 0 0 0 0 0 0 0 0 0 0 0 0 0 0 0 0 0 0 0 0 0 0 0 0 1.01 0 0 0 0 0 0 0 0 0 0 0 0 0 0 0 0 0 0 0 0 0 0 0 0 0 0 0 0 0 0 0 0 0 0 0 0 0 0 0 0 0 0 0 0 0 0 0 0 0 0 0 0 0 0 0 0 0 0 0 0 0 0 0 0 0 0 0 0 0 0 0 0 0 0 0 0 0 0 0 0 0 0 0 0 0 0 0 0
0 0 0 0 0 0 0 0 0 0 0 0 0 0 0 0 0 0 0 0 0 0 0 0 0 0 0 0 0 0 0 0 0 0 0 0 0 0 0 0 0 0 0 0 0 0 0 0 0 0 0 0 0 0 0 0 0 0 0 0 0 1.01 0 0 0 0 0 0 0 0 0 0 0 0 0 0 0 0 0 0 0 0 0 0 0 0 0 0 0 0 0 0 0 0 0 0 0 0 0 0 0 0 0 0 0 0 0 0 0 0 0 0 0 0 0 0 0 0 0 0 0 0 0 0 0 0 0 0 0 0 0 0 0 0 0 0 0 0 0 0 0 0 0 0 0 0 0 0 0
0 0 0 0 0 0 0 0 0 0 0 0 0 0 0 0 0 0 0 0 0 0 0 0 0 0 0 0 0 0 0 0 0 0 0 0 0 0 0 0 0 0 0 0 0 0 0 0 0 0 0 0 0 0 0 0 0 0 0 0 0 0 1.01 0 0 0 0 0 0 0 0 0 0 0 0 0 0 0 0 0 0 0 0 0 0 0 0 0 0 0 0 0 0 0 0 0 0 0 0 0 0 0 0 0 0 0 0 0 0 0 0 0 0 0 0 0 0 0 0 0 0 0 0 0 0 0 0 0 0 0 0 0 0 0 0 0 0 0 0 0 0 0 0 0 0 0 0 0 0
0 -0.319106 0 0 -0.315084 0 0 -0.3204769 0.6950929 0 0 0 0 0 0.6917077 0.6917077 -0.3202299 0.6919163 0.1846263 0 0 -0.08813156 0.9885403 -0.0879876 0 -0.3202299 0 0.9891991 -0.3200522 0.9849674 -0.3228532 0.2536544 -0.1312317 0.906884 0 0 0.6978235 0.988449 0.6978938 0.9961319 -0.07712555 0 0 0 0.9700422 0.367887 0.6971934 0 0 0.9962422 0 0 -0.3178087 0 0.7006095 0.6964884 0 0.7008244 0 0.7010998 0 0 0 1.01 -0.3178371 0 0.7020681 0.9996686 0 0 0 0 0 0 0 0 0 0 -0.3045448 0 0 0 0 0.6819174 0 0 0 0 -0.2980628 0.6836397 0 0 0.2717994 -0.183291 0.4454742 0 0 0 0.2681006 -0.1068561 0.9440184 0.1323051 0 0 0 0.9528238 0 0 0.9494838 0 -0.2245594 -0.2456732 0.2647037 0.8649204 0.7219492 0 0.9388077 0 0 0.9382412 0.8690788 -0.2456732 0 0 0 0 0.2186874 0 0.7175793 0 -0.1107539 0.7158948 0.1909838 0 0 0 0 0 0 0 0 0 0 0 0 0 0 0.8528984 0.207345
0 0.9622214 0 0 0.9749291 0 0 0.9625983 0.4239082 0 0 0 0 0 0.42463 0.42463 0.9639443 0.4245001 -0.05797035 0 0 0.2564856 -0.314989 -0.06527579 0 0.9639443 0 -0.3151595 0.9641184 -0.304357 0.9732008 -0.080207 0.378694 -0.2916254 0 0 0.4326325 -0.3151617 0.4326768 -0.3168537 -0.05519554 0 0 0 -0.3068669 -0.1213436 0.43211 0 0 -0.3169641 0 0 0.9842329 0 0.4319035 0.434409 0 0.4360248 0 0.4346022 0 0 0 -0.3178371 1.01 0 0.442076 -0.3180282 0 0 0 0 0 0 0 0 0 0 0.9734903 0 0 0 0 0.4386903 0 0 0 0 0.968226 0.4372634 0 0 -0.06883831 -0.1121496 -0.1203072 0 0 0 -0.08359902 0.3239157 -0.2470181 -0.03710142 0 0 0 -0.2892231 0 0 -0.2881245 0 0.4822477 0.553883 -0.08575091 -0.2608511 0.1185518 0 -0.2460917 0 0 -0.2464693 -0.2634844 0.553883 0 0 0 0 0.01763925 0 0.1486685 0 -0.07089863 0.1530713 -0.05491207 0 0 0 0 0 0 0 0 0 0 0 0 0 0 -0.2588185 0.004469787
0 0 0 0 0 0 0 0 0 0 0 0 0 0 0 0 0 0 0 0 0 0 0 0 0 0 0 0 0 0 0 0 0 0 0 0 0 0 0 0 0 0 0 0 0 0 0 0 0 0 0 0 0 0 0 0 0 0 0 0 0 0 0 0 0 1.01 0 0 0 0 0 0 0 0 0 0 0 0 0 0 0 0 0 0 0 0 0 0 0 0 0 0 0 0 0 0 0 0 0 0 0 0 0 0 0 0 0 0 0 0 0 0 0 0 0 0 0 0 0 0 0 0 0 0 0 0 0 0 0 0 0 0 0 0 0 0 0 0 0 0 0 0 0 0 0 0 0 0 0
