1.01 0 0 0 0 0 0 0 0 0 0 0 0 0 0 0 0 0 0 0 0 0 0 0 0 0 0 0 0 0 0 0 0 0 0 0 0 0 0 0 0 0 0 0 0 0 0 0 0 0 0 0 0 0 0 0 0 0 0 0 0 0 0 0 0 0 0 0 0 0 0 0 0 0 0 0 0 0 0 0 0 0 0 0 0 0 0 0 0 0 0 0 0 0 0 0 0 0 0 0 0 0 0 0 0 0 0 0 0 0 0 0 0 0 0 0 0 0 0 0 0 0 0 0 0 0 0 0 0 0 0 0 0 0 0 0 0 0 0 0 0 0 0 0 0 0 0 0 0
0 1.01 0 0 1 -0.05490757 0 1 0.1455136 -0.02023131 0 0 0 0 0.1455136 0.1455136 1 0.1455136 0 0 0 0 -0.3813671 0 0 1 0 -0.3813221 1 -0.3806317 1 0 0 -0.3276101 0 0 0.1458125 -0.3549606 0.1458125 -0.3869187 0 0 -0.04572938 -0.04744125 -0.3394675 0 0.1423455 0 0 -0.3869187 0 -0.03429252 1 0 0.1422827 0.1176945 0 0.1420314 -0.03418437 0.1423455 0 0 0 -0.3881815 1 0 0.1414614 -0.3880886 0 0 -0.04674462 0 0 0 0 0 0 0 0.9897068 -0.03218079 0 0 0 0.1413544 0 0 0 0 0.8036145 0.1437265 0 0 -0.06462011 0 0 0 0 -0.03458597 -0.04338706 0 -0.2887596 0 0 0 0 -0.2938039 0 0 -0.2938053 0 0.5887469 0.5887469 0 -0.2713696 0.1539761 0 -0.2938039 0 0.7936128 -0.2939236 -0.271594 0.5737804 0 0 0 0 -0.04338706 0 0.1476889 -0.04060022 0 0.1502768 0 0 0 0 0 0 0 -0.02682242 0 0 0 0.4212867 0 -0.04292639 0 -0.1609346 -0.04327099
0 0 1.01 0 0 0 0 0 0 0 0 0 0 0 0 0 0 0 0 0 0 0 0 0 0 0 0 0 0 0 0 0 0 0 0 0 0 0 0 0 0 0 0 0 0 0 0 0 0 0 0 0 0 0 0 0 0 0 0 0 0 0 0 0 0 0 0 0 0 0 0 0 0 0 0 0 0 0 0 0 0 0 0 0 0 0 0 0 0 0 0 0 0 0 0 0 0 0 0 0 0 0 0 0 0 0 0 0 0 0 0 0 0 0 0 0 0 0 0 0 0 0 0 0 0 0 0 0 0 0 0 0 0 0 0 0 0 0 0 0 0 0 0 0 0 0 0 0 0
0 0 0 1.01 0 0 0 0 0 0 0 0 0 0 0 0 0 0 0 0 0 0 0 0 0 0 0 0 0 0 0 0 0 0 0 0 0 0 0 0 0 0 0 0 0 0 0 0 0 0 0 0 0 0 0 0 0 0 0 0 0 0 0 0 0 0 0 0 0 0 0 0 0 0 0 0 0 0 0 0 0 0 0 0 0 0 0 0 0 0 0 0 0 0 0 0 0 0 0 0 0 0 0 0 0 0 0 0 0 0 0 0 0 0 0 0 0 0 0 0 0 0 0 0 0 0 0 0 0 0 0 0 0 0 0 0 0 0 0 0 0 0 0 0 0 0 0 0 0
0 1 0 0 1.01 -0.05490757 0 1 0.1455136 -0.02023131 0 0 0 0 0.1455136 0.1455136 1 0.1455136 0 0 0 0 -0.3813671 0 0 1 0 -0.3813221 1 -0.3806317 1 0 0 -0.3276101 0 0 0.1458125 -0.3549606 0.1458125 -0.3869187 0 0 -0.04572938 -0.04744125 -0.3394675 0 0.1423455 0 0 -0.3869187 0 -0.03429252 1 0 0.1422827 0.1176945 0 0.1420314 -0.03418437 0.1423455 0 0 0 -0.3881815 1 0 0.1414614 -0.3880886 0 0 -0.04674462 0 0 0 0 0 0 0 0.9897068 -0.03218079 0 0 0 0.1413544 0 0 0 0 0.8036145 0.1437265 0 0 -0.06462011 0 0 0 0 -0.03458597 -0.04338706 0 -0.2887596 0 0 0 0 -0.2938039 0 0 -0.2938053 0 0.5887469 0.5887469 0 -0.2713696 0.1539761 0 -0.2938039 0 0.7936128 -0.2939236 -0.271594 0.5737804 0 0 0 0 -0.04338706 0 0.1476889 -0.04060022 0 0.1502768 0 0 0 0 0 0 0 -0.02682242 0 0 0 0.4212867 0 -0.04292639 0 -0.1609346 -0.04327099
0 -0.05490757 0 0 -0.05490757 1.01 0 -0.05490757 0.110753 -0.004038608 0 0 0 0 0.110753 0.110753 -0.05490757 0.110753 0 0 0 0 0.1318895 0 0 -0.05490757 0 0.1319345 -0.05490757 0.1311693 -0.05490757 0 0 0.154645 0 0 0.1093398 0.1460496 0.1093398 0.1312649 0 0 -0.03665443 0.02249832 0.151132 0 0.1102822 0 0 0.1312649 0 -0.0465908 -0.05490757 0 0.1105074 0.09254206 0 0.1100473 -0.04651977 0.1102822 0 0 0 0.1304753 -0.05490757 0 0.1080711 0.1305648 0 0 -0.02603584 0 0 0 0 0 0 0 -0.05516371 -0.04252258 0 0 0 0.1097207 0 0 0 0 -0.07044993 0.1137213 0 0 -0.05073236 0 0 0 0 -0.01219145 -0.02986178 0 -0.08133765 0 0 0 0 -0.08503476 0 0 -0.08477068 0 -0.08910313 -0.08910313 0 -0.07229978 -0.1713796 0 -0.08503476 0 -0.03761792 -0.08542919 -0.07222211 -0.09174014 0 0 0 0 -0.02986178 0 -0.1704306 -0.02852555 0 -0.166983 0 0 0 0 0 0 0 -0.01063302 0 0 0 -0.0443376 0 -0.0284409 0 -0.07819351 -0.0309175
0 0 0 0 0 0 1.01 0 0 0 0 0 0 0 0 0 0 0 0 0 0 0 0 0 0 0 0 0 0 0 0 0 0 0 0 0 0 0 0 0 0 0 0 0 0 0 0 0 0 0 0 0 0 0 0 0 0 0 0 0 0 0 0 0 0 0 0 0 0 0 0 0 0 0 0 0 0 0 0 0 0 0 0 0 0 0 0 0 0 0 0 0 0 0 0 0 0 0 0 0 0 0 0 0 0 0 0 0 0 0 0 0 0 0 0 0 0 0 0 0 0 0 0 0 0 0 0 0 0 0 0 0 0 0 0 0 0 0 0 0 0 0 0 0 0 0 0 0 0
0 1 0 0 1 -0.05490757 0 1.01 0.1455136 -0.02023131 0 0 0 0 0.1455136 0.1455136 1 0.1455136 0 0 0 0 -0.3813671 0 0 1 0 -0.3813221 1 -0.3806317 1 0 0 -0.3276101 0 0 0.1458125 -0.3549606 0.1458125 -0.3869187 0 0 -0.04572938 -0.04744125 -0.3394675 0 0.1423455 0 0 -0.3869187 0 -0.03429252 1 0 0.1422827 0.1176945 0 0.1420314 -0.03418437 0.1423455 0 0 0 -0.3881815 1 0 0.1414614 -0.3880886 0 0 -0.04674462 0 0 0 0 0 0 0 0.9897068 -0.03218079 0 0 0 0.1413544 0 0 0 0 0.8036145 0.1437265 0 0 -0.06462011 0 0 0 0 -0.03458597 -0.04338706 0 -0.2887596 0 0 0 0 -0.2938039 0 0 -0.2938053 0 0.5887469 0.5887469 0 -0.2713696 0.1539761 0 -0.2938039 0 0.7936128 -0.2939236 -0.271594 0.5737804 0 0 0 0 -0.04338706 0 0.1476889 -0.04060022 0 0.1502768 0 0 0 0 0 0 0 -0.02682242 0 0 0 0.4212867 0 -0.04292639 0 -0.1609346 -0.04327099
0 0.1455136 0 0 0.1455136 0.110753 0 0.1455136 1.01 0.06991054 0 0 0 0 1 1 0.1455136 1 0 0 0 0 0.8590902 0 0 0.1455136 0 0.8589903 0.1455136 0.8472558 0.1455136 0 0 0.690604 0 0 0.9906818 0.7635918 0.9906818 0.8366696 0 0 0.09872051 -0.3225199 0.7109917 0 0.9792482 0 0 0.8366696 0 0.1320119 0.1455136 0 0.9779332 0.8055818 0 0.9784574 0.1317983 0.9792482 0 0 0 0.8316982 0.1455136 0 0.9695255 0.8319916 0 0 -0.2531307 0 0 0 0 0 0 0 0.1473962 0.1213326 0 0 0 0.9674106 0 0 0 0 0.1840216 0.941119 0 0 0.1871065 0 0 0 0 0.09310982 0.1204826 0 0.585178 0 0 0 0 0.563936 0 0 0.5632692 0 0.2475816 0.2475816 0 0.500673 0.837617 0 0.563936 0 0.1156796 0.5625688 0.4990902 0.250554 0 0 0 0 0.1204826 0 0.8336202 0.09025824 0 0.8274824 0 0 0 0 0 0 0 0.01809502 0 0 0 0.0903318 0 0.02689317 0 0.5127449 0.1187807
0 -0.02023131 0 0 -0.02023131 -0.004038608 0 -0.02023131 0.06991054 1.01 0 0 0 0 0.06991054 0.06991054 -0.02023131 0.06991054 0 0 0 0 0.07578851 0 0 -0.02023131 0 0.07581351 -0.02023131 0.0750684 -0.02023131 0 0 -0.1235926 0 0 0.06846082 -0.1326878 0.06846082 0.07420204 0 0 -0.02428563 -0.02435219 -0.1283981 0 0.06836764 0 0 0.07420204 0 0.4772761 -0.02023131 0 0.06926288 0.05469868 0 0.06823989 0.4775618 0.06836764 0 0 0 0.07343777 -0.02023131 0 0.06682211 0.07348734 0 0 -0.01343387 0 0 0 0 0 0 0 -0.01910521 0.5162153 0 0 0 0.0684855 0 0 0 0 -0.02905062 0.06901152 0 0 0.329293 0 0 0 0 -0.01674135 -0.01563718 0 0.01587061 0 0 0 0 0.01526835 0 0 0.0144221 0 0.06861265 0.06861265 0 -0.1109746 0.07105368 0 0.01526835 0 -0.01780131 0.0150554 -0.1112409 0.06295755 0 0 0 0 -0.01563718 0 0.06900525 -0.02226466 0 0.06809259 0 0 0 0 0 0 0 -0.01262314 0 0 0 -0.01348634 0 -0.01742298 0 -0.1150036 -0.01467395
0 0 0 0 0 0 0 0 0 0 1.01 0 0 0 0 0 0 0 0 0 0 0 0 0 0 0 0 0 0 0 0 0 0 0 0 0 0 0 0 0 0 0 0 0 0 0 0 0 0 0 0 0 0 0 0 0 0 0 0 0 0 0 0 0 0 0 0 0 0 0 0 0 0 0 0 0 0 0 0 0 0 0 0 0 0 0 0 0 0 0 0 0 0 0 0 0 0 0 0 0 0 0 0 0 0 0 0 0 0 0 0 0 0 0 0 0 0 0 0 0 0 0 0 0 0 0 0 0 0 0 0 0 0 0 0 0 0 0 0 0 0 0 0 0 0 0 0 0 0
0 0 0 0 0 0 0 0 0 0 0 1.01 0 0 0 0 0 0 0 0 0 0 0 0 0 0 0 0 0 0 0 0 0 0 0 0 0 0 0 0 0 0 0 0 0 0 0 0 0 0 0 0 0 0 0 0 0 0 0 0 0 0 0 0 0 0 0 0 0 0 0 0 0 0 0 0 0 0 0 0 0 0 0 0 0 0 0 0 0 0 0 0 0 0 0 0 0 0 0 0 0 0 0 0 0 0 0 0 0 0 0 0 0 0 0 0 0 0 0 0 0 0 0 0 0 0 0 0 0 0 0 0 0 0 0 0 0 0 0 0 0 0 0 0 0 0 0 0 0
0 0 0 0 0 0 0 0 0 0 0 0 1.01 0 0 0 0 0 0 0 0 0 0 0 0 0 0 0 0 0 0 0 0 0 0 0 0 0 0 0 0 0 0 0 0 0 0 0 0 0 0 0 0 0 0 0 0 0 0 0 0 0 0 0 0 0 0 0 0 0 0 0 0 0 0 0 0 0 0 0 0 0 0 0 0 0 0 0 0 0 0 0 0 0 0 0 0 0 0 0 0 0 0 0 0 0 0 0 0 0 0 0 0 0 0 0 0 0 0 0 0 0 0 0 0 0 0 0 0 0 0 0 0 0 0 0 0 0 0 0 0 0 0 0 0 0 0 0 0
0 0 0 0 0 0 0 0 0 0 0 0 0 1.01 0 0 0 0 0 0 0 0 0 0 0 0 0 0 0 0 0 0 0 0 0 0 0 0 0 0 0 0 0 0 0 0 0 0 0 0 0 0 0 0 0 0 0 0 0 0 0 0 0 0 0 0 0 0 0 0 0 0 0 0 0 0 0 0 0 0 0 0 0 0 0 0 0 0 0 0 0 0 0 0 0 0 0 0 0 0 0 0 0 0 0 0 0 0 0 0 0 0 0 0 0 0 0 0 0 0 0 0 0 0 0 0 0 0 0 0 0 0 0 0 0 0 0 0 0 0 0 0 0 0 0 0 0 0 0
0 0.1455136 0 0 0.1455136 0.110753 0 0.1455136 1 0.06991054 0 0 0 0 1.01 1 0.1455136 1 0 0 0 0 0.8590902 0 0 0.1455136 0 0.8589903 0.1455136 0.8472558 0.1455136 0 0 0.690604 0 0 0.9906818 0.7635918 0.9906818 0.8366696 0 0 0.09872051 -0.3225199 0.7109917 0 0.9792482 0 0 0.8366696 0 0.1320119 0.1455136 0 0.9779332 0.8055818 0 0.9784574 0.1317983 0.9792482 0 0 0 0.8316982 0.1455136 0 0.9695255 0.8319916 0 0 -0.2531307 0 0 0 0 0 0 0 0.1473962 0.1213326 0 0 0 0.9674106 0 0 0 0 0.1840216 0.941119 0 0 0.1871065 0 0 0 0 0.09310982 0.1204826 0 0.585178 0 0 0 0 0.563936 0 0 0.5632692 0 0.2475816 0.2475816 0 0.500673 0.837617 0 0.563936 0 0.1156796 0.5625688 0.4990902 0.250554 0 0 0 0 0.1204826 0 0.8336202 0.09025824 0 0.8274824 0 0 0 0 0 0 0 0.01809502 0 0 0 0.0903318 0 0.02689317 0 0.5127449 0.1187807
0 0.1455136 0 0 0.1455136 0.110753 0 0.1455136 1 0.06991054 0 0 0 0 1 1.01 0.1455136 1 0 0 0 0 0.8590902 0 0 0.1455136 0 0.8589903 0.1455136 0.8472558 0.1455136 0 0 0.690604 0 0 0.9906818 0.7635918 0.9906818 0.8366696 0 0 0.09872051 -0.3225199 0.7109917 0 0.9792482 0 0 0.8366696 0 0.1320119 0.1455136 0 0.9779332 0.8055818 0 0.9784574 0.1317983 0.9792482 0 0 0 0.8316982 0.1455136 0 0.9695255 0.8319916 0 0 -0.2531307 0 0 0 0 0 0 0 0.1473962 0.1213326 0 0 0 0.9674106 0 0 0 0 0.1840216 0.941119 0 0 0.1871065 0 0 0 0 0.09310982 0.1204826 0 0.585178 0 0 0 0 0.563936 0 0 0.5632692 0 0.2475816 0.2475816 0 0.500673 0.837617 0 0.563936 0 0.1156796 0.5625688 0.4990902 0.250554 0 0 0 0 0.1204826 0 0.8336202 0.09025824 0 0.8274824 0 0 0 0 0 0 0 0.01809502 0 0 0 0.0903318 0 0.02689317 0 0.5127449 0.1187807
0 1 0 0 1 -0.05490757 0 1 0.1455136 -0.02023131 0 0 0 0 0.1455136 0.1455136 1.01 0.1455136 0 0 0 0 -0.3813671 0 0 1 0 -0.3813221 1 -0.3806317 1 0 0 -0.3276101 0 0 0.1458125 -0.3549606 0.1458125 -0.3869187 0 0 -0.04572938 -0.04744125 -0.3394675 0 0.1423455 0 0 -0.3869187 0 -0.03429252 1 0 0.1422827 0.1176945 0 0.1420314 -0.03418437 0.1423455 0 0 0 -0.3881815 1 0 0.1414614 -0.3880886 0 0 -0.04674462 0 0 0 0 0 0 0 0.9897068 -0.03218079 0 0 0 0.1413544 0 0 0 0 0.8036145 0.1437265 0 0 -0.06462011 0 0 0 0 -0.03458597 -0.04338706 0 -0.2887596 0 0 0 0 -0.2938039 0 0 -0.2938053 0 0.5887469 0.5887469 0 -0.2713696 0.1539761 0 -0.2938039 0 0.7936128 -0.2939236 -0.271594 0.5737804 0 0 0 0 -0.04338706 0 0.1476889 -0.04060022 0 0.1502768 0 0 0 0 0 0 0 -0.02682242 0 0 0 0.4212867 0 -0.04292639 0 -0.1609346 -0.04327099
0 0.1455136 0 0 0.1455136 0.110753 0 0.1455136 1 0.06991054 0 0 0 0 1 1 0.1455136 1.01 0 0 0 0 0.8590902 0 0 0.1455136 0 0.8589903 0.1455136 0.8472558 0.1455136 0 0 0.690604 0 0 0.9906818 0.7635918 0.9906818 0.8366696 0 0 0.09872051 -0.3225199 0.7109917 0 0.9792482 0 0 0.8366696 0 0.1320119 0.1455136 0 0.9779332 0.8055818 0 0.9784574 0.1317983 0.9792482 0 0 0 0.8316982 0.1455136 0 0.9695255 0.8319916 0 0 -0.2531307 0 0 0 0 0 0 0 0.1473962 0.1213326 0 0 0 0.9674106 0 0 0 0 0.1840216 0.941119 0 0 0.1871065 0 0 0 0 0.09310982 0.1204826 0 0.585178 0 0 0 0 0.563936 0 0 0.5632692 0 0.2475816 0.2475816 0 0.500673 0.837617 0 0.563936 0 0.1156796 0.5625688 0.4990902 0.250554 0 0 0 0 0.1204826 0 0.8336202 0.09025824 0 0.8274824 0 0 0 0 0 0 0 0.01809502 0 0 0 0.0903318 0 0.02689317 0 0.5127449 0.1187807
0 0 0 0 0 0 0 0 0 0 0 0 0 0 0 0 0 0 1.01 0 0 0 0 0 0 0 0 0 0 0 0 0 0 0 0 0 0 0 0 0 0 0 0 0 0 0 0 0 0 0 0 0 0 0 0 0 0 0 0 0 0 0 0 0 0 0 0 0 0 0 0 0 0 0 0 0 0 0 0 0 0 0 0 0 0 0 0 0 0 0 0 0 0 0 0 0 0 0 0 0 0 0 0 0 0 0 0 0 0 0 0 0 0 0 0 0 0 0 0 0 0 0 0 0 0 0 0 0 0 0 0 0 0 0 0 0 0 0 0 0 0 0 0 0 0 0 0 0 0
0 0 0 0 0 0 0 0 0 0 0 0 0 0 0 0 0 0 0 1.01 0 0 0 0 0 0 0 0 0 0 0 0 0 0 0 0 0 0 0 0 0 0 0 0 0 0 0 0 0 0 0 0 0 0 0 0 0 0 0 0 0 0 0 0 0 0 0 0 0 0 0 0 0 0 0 0 0 0 0 0 0 0 0 0 0 0 0 0 0 0 0 0 0 0 0 0 0 0 0 0 0 0 0 0 0 0 0 0 0 0 0 0 0 0 0 0 0 0 0 0 0 0 0 0 0 0 0 0 0 0 0 0 0 0 0 0 0 0 0 0 0 0 0 0 0 0 0 0 0
0 0 0 0 0 0 0 0 0 0 0 0 0 0 0 0 0 0 0 0 1.01 0 0 0 0 0 0 0 0 0 0 0 0 0 0 0 0 0 0 0 0 0 0 0 0 0 0 0 0 0 0 0 0 0 0 0 0 0 0 0 0 0 0 0 0 0 0 0 0 0 0 0 0 0 0 0 0 0 0 0 0 0 0 0 0 0 0 0 0 0 0 0 0 0 0 0 0 0 0 0 0 0 0 0 0 0 0 0 0 0 0 0 0 0 0 0 0 0 0 0 0 0 0 0 0 0 0 0 0 0 0 0 0 0 0 0 0 0 0 0 0 0 0 0 0 0 0 0 0
0 0 0 0 0 0 0 0 0 0 0 0 0 0 0 0 0 0 0 0 0 1.01 0 0 0 0 0 0 0 0 0 0 0 0 0 0 0 0 0 0 0 0 0 0 0 0 0 0 0 0 0 0 0 0 0 0 0 0 0 0 0 0 0 0 0 0 0 0 0 0 0 0 0 0 0 0 0 0 0 0 0 0 0 0 0 0 0 0 0 0 0 0 0 0 0 0 0 0 0 0 0 0 0 0 0 0 0 0 0 0 0 0 0 0 0 0 0 0 0 0 0 0 0 0 0 0 0 0 0 0 0 0 0 0 0 0 0 0 0 0 0 0 0 0 0 0 0 0 0
0 -0.3813671 0 0 -0.3813671 0.1318895 0 -0.3813671 0.8590902 0.07578851 0 0 0 0 0.8590902 0.8590902 -0.3813671 0.8590902 0 0 0 0 1.01 0 0 -0.3813671 0 0.9998833 -0.3813671 0.9885618 -0.3813671 0 0 0.8147616 0 0 0.8502289 0.8971083 0.8502289 0.9819228 0 0 0.1158986 -0.2768098 0.8399454 0 0.8413394 0 0 0.9819228 0 0.1410883 -0.3813671 0 0.8401431 0.6918235 0 0.840763 0.1408329 0.8413394 0 0 0 0.977931 -0.3813671 0 0.8327121 0.9781571 0 0 -0.212335 0 0 0 0 0 0 0 -0.3742832 0.1300175 0 0 0 0.8307914 0 0 0 0 -0.2437903 0.8049981 0 0 0.2082564 0 0 0 0 0.1048913 0.1350206 0 0.6961562 0 0 0 0 0.678918 0 0 0.6782956 0 -0.07324421 -0.07324421 0 0.608201 0.7029867 0 0.678918 0 -0.3024728 0.6777024 0.6068382 -0.06272427 0 0 0 0 0.1350206 0 0.7025048 0.1053382 0 0.695431 0 0 0 0 0 0 0 0.03078348 0 0 0 -0.1335412 0 0.04733527 0 0.5623493 0.1333704
0 0 0 0 0 0 0 0 0 0 0 0 0 0 0 0 0 0 0 0 0 0 0 1.01 0 0 0 0 0 0 0 0 0 0 0 0 0 0 0 0 0 0 0 0 0 0 0 0 0 0 0 0 0 0 0 0 0 0 0 0 0 0 0 0 0 0 0 0 0 0 0 0 0 0 0 0 0 0 0 0 0 0 0 0 0 0 0 0 0 0 0 0 0 0 0 0 0 0 0 0 0 0 0 0 0 0 0 0 0 0 0 0 0 0 0 0 0 0 0 0 0 0 0 0 0 0 0 0 0 0 0 0 0 0 0 0 0 0 0 0 0 0 0 0 0 0 0 0 0
0 0 0 0 0 0 0 0 0 0 0 0 0 0 0 0 0 0 0 0 0 0 0 0 1.01 0 0 0 0 0 0 0 0 0 0 0 0 0 0 0 0 0 0 0 0 0 0 0 0 0 0 0 0 0 0 0 0 0 0 0 0 0 0 0 0 0 0 0 0 0 0 0 0 0 0 0 0 0 0 0 0 0 0 0 0 0 0 0 0 0 0 0 0 0 0 0 0 0 0 0 0 0 0 0 0 0 0 0 0 0 0 0 0 0 0 0 0 0 0 0 0 0 0 0 0 0 0 0 0 0 0 0 0 0 0 0 0 0 0 0 0 0 0 0 0 0 0 0 0
0 1 0 0 1 -0.05490757 0 1 0.1455136 -0.02023131 0 0 0 0 0.1455136 0.1455136 1 0.1455136 0 0 0 0 -0.3813671 0 0 1.01 0 -0.3813221 1 -0.3806317 1 0 0 -0.3276101 0 0 0.1458125 -0.3549606 0.1458125 -0.3869187 0 0 -0.04572938 -0.04744125 -0.3394675 0 0.1423455 0 0 -0.3869187 0 -0.03429252 1 0 0.1422827 0.1176945 0 0.1420314 -0.03418437 0.1423455 0 0 0 -0.3881815 1 0 0.1414614 -0.3880886 0 0 -0.04674462 0 0 0 0 0 0 0 0.9897068 -0.03218079 0 0 0 0.1413544 0 0 0 0 0.8036145 0.1437265 0 0 -0.06462011 0 0 0 0 -0.03458597 -0.04338706 0 -0.2887596 0 0 0 0 -0.2938039 0 0 -0.2938053 0 0.5887469 0.5887469 0 -0.2713696 0.1539761 0 -0.2938039 0 0.7936128 -0.2939236 -0.271594 0.5737804 0 0 0 0 -0.04338706 0 0.1476889 -0.04060022 0 0.1502768 0 0 0 0 0 0 0 -0.02682242 0 0 0 0.4212867 0 -0.04292639 0 -0.1609346 -0.04327099
0 0 0 0 0 0 0 0 0 0 0 0 0 0 0 0 0 0 0 0 0 0 0 0 0 0 1.01 0 0 0 0 0 0 0 0 0 0 0 0 0 0 0 0 0 0 0 0 0 0 0 0 0 0 0 0 0 0 0 0 0 0 0 0 0 0 0 0 0 0 0 0 0 0 0 0 0 0 0 0 0 0 0 0 0 0 0 0 0 0 0 0 0 0 0 0 0 0 0 0 0 0 0 0 0 0 0 0 0 0 0 0 0 0 0 0 0 0 0 0 0 0 0 0 0 0 0 0 0 0 0 0 0 0 0 0 0 0 0 0 0 0 0 0 0 0 0 0 0 0
0 -0.3813221 0 0 -0.3813221 0.1319345 0 -0.3813221 0.8589903 0.07581351 0 0 0 0 0.8589903 0.8589903 -0.3813221 0.8589903 0 0 0 0 0.9998833 0 0 -0.3813221 0 1.01 -0.3813221 0.9884454 -0.3813221 0 0 0.8146105 0 0 0.85013 0.8969747 0.85013 0.9818081 0 0 0.1159385 -0.2767729 0.8398032 0 0.8412413 0 0 0.9818081 0 0.1411393 -0.3813221 0 0.8400452 0.6917432 0 0.840665 0.1408838 0.8412413 0 0 0 0.9778169 -0.3813221 0 0.8326152 0.978043 0 0 -0.2123097 0 0 0 0 0 0 0 -0.3742374 0.1300649 0 0 0 0.830694 0 0 0 0 -0.2437288 0.8048968 0 0 0.2083317 0 0 0 0 0.1049251 0.1350695 0 0.6959858 0 0 0 0 0.6787493 0 0 0.6781269 0 -0.07315401 -0.07315401 0 0.6080112 0.7028752 0 0.6787493 0 -0.302436 0.6775339 0.6066486 -0.06263232 0 0 0 0 0.1350695 0 0.7023932 0.1053784 0 0.6953182 0 0 0 0 0 0 0 0.03080284 0 0 0 -0.1335118 0 0.04736547 0 0.5621645 0.1334187
0 1 0 0 1 -0.05490757 0 1 0.1455136 -0.02023131 0 0 0 0 0.1455136 0.1455136 1 0.1455136 0 0 0 0 -0.3813671 0 0 1 0 -0.3813221 1.01 -0.3806317 1 0 0 -0.3276101 0 0 0.1458125 -0.3549606 0.1458125 -0.3869187 0 0 -0.04572938 -0.04744125 -0.3394675 0 0.1423455 0 0 -0.3869187 0 -0.03429252 1 0 0.1422827 0.1176945 0 0.1420314 -0.03418437 0.1423455 0 0 0 -0.3881815 1 0 0.1414614 -0.3880886 0 0 -0.04674462 0 0 0 0 0 0 0 0.9897068 -0.03218079 0 0 0 0.1413544 0 0 0 0 0.8036145 0.1437265 0 0 -0.06462011 0 0 0 0 -0.03458597 -0.04338706 0 -0.2887596 0 0 0 0 -0.2938039 0 0 -0.2938053 0 0.5887469 0.5887469 0 -0.2713696 0.1539761 0 -0.2938039 0 0.7936128 -0.2939236 -0.271594 0.5737804 0 0 0 0 -0.04338706 0 0.1476889 -0.04060022 0 0.1502768 0 0 0 0 0 0 0 -0.02682242 0 0 0 0.4212867 0 -0.04292639 0 -0.1609346 -0.04327099
0 -0.3806317 0 0 -0.3806317 0.1311693 0 -0.3806317 0.8472558 0.0750684 0 0 0 0 0.8472558 0.8472558 -0.3806317 0.8472558 0 0 0 0 0.9885618 0 0 -0.3806317 0 0.9884454 -0.3806317 1.01 -0.3806317 0 0 0.8203627 0 0 0.8553398 0.9019943 0.8553398 0.9864784 0 0 0.114734 -0.2779768 0.8452531 0 0.8466396 0 0 0.9864784 0 0.1395782 -0.3806317 0 0.8454325 0.6967174 0 0.8460574 0.1393234 0.8466396 0 0 0 0.9824488 -0.3806317 0 0.837939 0.9826772 0 0 -0.2139486 0 0 0 0 0 0 0 -0.3735885 0.1286089 0 0 0 0.8360328 0 0 0 0 -0.2435388 0.8103234 0 0 0.2056566 0 0 0 0 0.1039266 0.1330316 0 0.700422 0 0 0 0 0.6832727 0 0 0.6826529 0 -0.07186599 -0.07186599 0 0.6134021 0.7088964 0 0.6832727 0 -0.3015561 0.6820465 0.6120271 -0.06143131 0 0 0 0 0.1330316 0 0.7084171 0.1080518 0 0.7011273 0 0 0 0 0 0 0 0.03140371 0 0 0 -0.1336442 0 0.04467442 0 0.5676303 0.1313916
0 1 0 0 1 -0.05490757 0 1 0.1455136 -0.02023131 0 0 0 0 0.1455136 0.1455136 1 0.1455136 0 0 0 0 -0.3813671 0 0 1 0 -0.3813221 1 -0.3806317 1.01 0 0 -0.3276101 0 0 0.1458125 -0.3549606 0.1458125 -0.3869187 0 0 -0.04572938 -0.04744125 -0.3394675 0 0.1423455 0 0 -0.3869187 0 -0.03429252 1 0 0.1422827 0.1176945 0 0.1420314 -0.03418437 0.1423455 0 0 0 -0.3881815 1 0 0.1414614 -0.3880886 0 0 -0.04674462 0 0 0 0 0 0 0 0.9897068 -0.03218079 0 0 0 0.1413544 0 0 0 0 0.8036145 0.1437265 0 0 -0.06462011 0 0 0 0 -0.03458597 -0.04338706 0 -0.2887596 0 0 0 0 -0.2938039 0 0 -0.2938053 0 0.5887469 0.5887469 0 -0.2713696 0.1539761 0 -0.2938039 0 0.7936128 -0.2939236 -0.271594 0.5737804 0 0 0 0 -0.04338706 0 0.1476889 -0.04060022 0 0.1502768 0 0 0 0 0 0 0 -0.02682242 0 0 0 0.4212867 0 -0.04292639 0 -0.1609346 -0.04327099
0 0 0 0 0 0 0 0 0 0 0 0 0 0 0 0 0 0 0 0 0 0 0 0 0 0 0 0 0 0 0 1.01 0 0 0 0 0 0 0 0 0 0 0 0 0 0 0 0 0 0 0 0 0 0 0 0 0 0 0 0 0 0 0 0 0 0 0 0 0 0 0 0 0 0 0 0 0 0 0 0 0 0 0 0 0 0 0 0 0 0 0 0 0 0 0 0 0 0 0 0 0 0 0 0 0 0 0 0 0 0 0 0 0 0 0 0 0 0 0 0 0 0 0 0 0 0 0 0 0 0 0 0 0 0 0 0 0 0 0 0 0 0 0 0 0 0 0 0 0
0 0 0 0 0 0 0 0 0 0 0 0 0 0 0 0 0 0 0 0 0 0 0 0 0 0 0 0 0 0 0 0 1.01 0 0 0 0 0 0 0 0 0 0 0 0 0 0 0 0 0 0 0 0 0 0 0 0 0 0 0 0 0 0 0 0 0 0 0 0 0 0 0 0 0 0 0 0 0 0 0 0 0 0 0 0 0 0 0 0 0 0 0 0 0 0 0 0 0 0 0 0 0 0 0 0 0 0 0 0 0 0 0 0 0 0 0 0 0 0 0 0 0 0 0 0 0 0 0 0 0 0 0 0 0 0 0 0 0 0 0 0 0 0 0 0 0 0 0 0
0 -0.3276101 0 0 -0.3276101 0.154645 0 -0.3276101 0.690604 -0.1235926 0 0 0 0 0.690604 0.690604 -0.3276101 0.690604 0 0 0 0 0.8147616 0 0 -0.3276101 0 0.8146105 -0.3276101 0.8203627 -0.3276101 0 0 1.01 0 0 0.6999757 0.9104649 0.6999757 0.8143946 0 0 0.1352637 -0.2260272 0.8489852 0 0.6914897 0 0 0.8143946 0 -0.2689939 -0.3276101 0 0.690261 0.5679876 0 0.6909222 -0.2690194 0.6914897 0 0 0 0.8105667 -0.3276101 0 0.6842739 0.8106988 0 0 -0.1746372 0 0 0 0 0 0 0 -0.3203447 -0.2509411 0 0 0 0.680838 0 0 0 0 -0.1966337 0.6542872 0 0 -0.3232903 0 0 0 0 0.1125874 -0.2632167 0 0.5326636 0 0 0 0 0.5177356 0 0 0.517189 0 -0.03413402 -0.03413402 0 0.6335568 0.5565065 0 0.5177356 0 -0.2618354 0.5165207 0.6324933 -0.02289634 0 0 0 0 -0.2632167 0 0.5560933 0.1135691 0 0.5485013 0 0 0 0 0 0 0 0.0446971 0 0 0 -0.130891 0 0.06252582 0 0.5889473 -0.2599029
0 0 0 0 0 0 0 0 0 0 0 0 0 0 0 0 0 0 0 0 0 0 0 0 0 0 0 0 0 0 0 0 0 0 1.01 0 0 0 0 0 0 0 0 0 0 0 0 0 0 0 0 0 0 0 0 0 0 0 0 0 0 0 0 0 0 0 0 0 0 0 0 0 0 0 0 0 0 0 0 0 0 0 0 0 0 0 0 0 0 0 0 0 0 0 0 0 0 0 0 0 0 0 0 0 0 0 0 0 0 0 0 0 0 0 0 0 0 0 0 0 0 0 0 0 0 0 0 0 0 0 0 0 0 0 0 0 0 0 0 0 0 0 0 0 0 0 0 0 0
0 0 0 0 0 0 0 0 0 0 0 0 0 0 0 0 0 0 0 0 0 0 0 0 0 0 0 0 0 0 0 0 0 0 0 1.01 0 0 0 0 0 0 0 0 0 0 0 0 0 0 0 0 0 0 0 0 0 0 0 0 0 0 0 0 0 0 0 0 0 0 0 0 0 0 0 0 0 0 0 0 0 0 0 0 0 0 0 0 0 0 0 0 0 0 0 0 0 0 0 0 0 0 0 0 0 0 0 0 0 0 0 0 0 0 0 0 0 0 0 0 0 0 0 0 0 0 0 0 0 0 0 0 0 0 0 0 0 0 0 0 0 0 0 0 0 0 0 0 0
0 0.1458125 0 0 0.1458125 0.1093398 0 0.1458125 0.9906818 0.06846082 0 0 0 0 0.9906818 0.9906818 0.1458125 0.9906818 0 0 0 0 0.8502289 0 0 0.1458125 0 0.85013 0.1458125 0.8553398 0.1458125 0 0 0.6999757 0 0 1.01 0.7724106 1 0.8453187 0 0 0.09634587 -0.3253901 0.7204668 0 0.9886991 0 0 0.8453187 0 0.1306856 0.1458125 0 0.9873617 0.8134958 0 0.9878955 0.1304743 0.9886991 0 0 0 0.840269 0.1458125 0 0.9788211 0.8405673 0 0 -0.2556438 0 0 0 0 0 0 0 0.1476245 0.120325 0 0 0 0.9767383 0 0 0 0 0.183214 0.9506327 0 0 0.1849999 0 0 0 0 0.09115203 0.1187199 0 0.5942577 0 0 0 0 0.5729815 0 0 0.5723193 0 0.2476688 0.2476688 0 0.5105246 0.8476202 0 0.5729815 0 0.1162367 0.5715931 0.508917 0.2504814 0 0 0 0 0.1187199 0 0.8436156 0.09201088 0 0.8372827 0 0 0 0 0 0 0 0.01812756 0 0 0 0.08973577 0 0.02482466 0 0.5225949 0.11707
0 -0.3549606 0 0 -0.3549606 0.1460496 0 -0.3549606 0.7635918 -0.1326878 0 0 0 0 0.7635918 0.7635918 -0.3549606 0.7635918 0 0 0 0 0.8971083 0 0 -0.3549606 0 0.8969747 -0.3549606 0.9019943 -0.3549606 0 0 0.9104649 0 0 0.7724106 1.01 0.7724106 0.8959913 0 0 0.1261098 -0.2510471 0.9403467 0 0.7638248 0 0 0.8959913 0 -0.2935663 -0.3549606 0 0.7626067 0.6284606 0 0.7633716 -0.2935555 0.7638248 0 0 0 0.892067 -0.3549606 0 0.7557633 0.8922459 0 0 -0.1927843 0 0 0 0 0 0 0 -0.3482444 -0.2738803 0 0 0 0.75321 0 0 0 0 -0.2294607 0.7274535 0 0 -0.04855183 0 0 0 0 0.1032156 0.1454707 0 0.6243897 0 0 0 0 0.6082099 0 0 0.607732 0 -0.07262158 -0.07262158 0 0.5617498 0.6251565 0 0.6082099 0 -0.2821562 0.6069913 0.5604248 -0.0613474 0 0 0 0 0.1454707 0 0.6248334 0.1230619 0 0.6176761 0 0 0 0 0 0 0 0.03730004 0 0 0 -0.1491563 0 0.05695612 0 0.5193335 0.1431186
0 0.1458125 0 0 0.1458125 0.1093398 0 0.1458125 0.9906818 0.06846082 0 0 0 0 0.9906818 0.9906818 0.1458125 0.9906818 0 0 0 0 0.8502289 0 0 0.1458125 0 0.85013 0.1458125 0.8553398 0.1458125 0 0 0.6999757 0 0 1 0.7724106 1.01 0.8453187 0 0 0.09634587 -0.3253901 0.7204668 0 0.9886991 0 0 0.8453187 0 0.1306856 0.1458125 0 0.9873617 0.8134958 0 0.9878955 0.1304743 0.9886991 0 0 0 0.840269 0.1458125 0 0.9788211 0.8405673 0 0 -0.2556438 0 0 0 0 0 0 0 0.1476245 0.120325 0 0 0 0.9767383 0 0 0 0 0.183214 0.9506327 0 0 0.1849999 0 0 0 0 0.09115203 0.1187199 0 0.5942577 0 0 0 0 0.5729815 0 0 0.5723193 0 0.2476688 0.2476688 0 0.5105246 0.8476202 0 0.5729815 0 0.1162367 0.5715931 0.508917 0.2504814 0 0 0 0 0.1187199 0 0.8436156 0.09201088 0 0.8372827 0 0 0 0 0 0 0 0.01812756 0 0 0 0.08973577 0 0.02482466 0 0.5225949 0.11707
0 -0.3869187 0 0 -0.3869187 0.1312649 0 -0.3869187 0.8366696 0.07420204 0 0 0 0 0.8366696 0.8366696 -0.3869187 0.8366696 0 0 0 0 0.9819228 0 0 -0.3869187 0 0.9818081 -0.3869187 0.9864784 -0.3869187 0 0 0.8143946 0 0 0.8453187 0.8959913 0.8453187 1.01 0 0 0.113006 -0.2880358 0.8586597 0 0.8576479 0 0 1 0 0.1398571 -0.3869187 0 0.8564184 0.7060661 0 0.8570535 0.1396065 0.8576479 0 0 0 0.9958939 -0.3869187 0 0.8487985 0.9961276 0 0 -0.2149113 0 0 0 0 0 0 0 -0.3799052 0.1294472 0 0 0 0.8469302 0 0 0 0 -0.2494833 0.8212294 0 0 0.2061436 0 0 0 0 0.1036782 0.1335786 0 0.7147008 0 0 0 0 0.69752 0 0 0.6969059 0 -0.0782755 -0.0782755 0 0.6275459 0.7193215 0 0.69752 0 -0.3079091 0.6962726 0.6261458 -0.0679722 0 0 0 0 0.1335786 0 0.7188503 0.1075322 0 0.7116478 0 0 0 0 0 0 0 0.02979816 0 0 0 -0.1354947 0 0.04464854 0 0.5808542 0.1320476
0 0 0 0 0 0 0 0 0 0 0 0 0 0 0 0 0 0 0 0 0 0 0 0 0 0 0 0 0 0 0 0 0 0 0 0 0 0 0 0 1.01 0 0 0 0 0 0 0 0 0 0 0 0 0 0 0 0 0 0 0 0 0 0 0 0 0 0 0 0 0 0 0 0 0 0 0 0 0 0 0 0 0 0 0 0 0 0 0 0 0 0 0 0 0 0 0 0 0 0 0 0 0 0 0 0 0 0 0 0 0 0 0 0 0 0 0 0 0 0 0 0 0 0 0 0 0 0 0 0 0 0 0 0 0 0 0 0 0 0 0 0 0 0 0 0 0 0 0 0
0 0 0 0 0 0 0 0 0 0 0 0 0 0 0 0 0 0 0 0 0 0 0 0 0 0 0 0 0 0 0 0 0 0 0 0 0 0 0 0 0 1.01 0 0 0 0 0 0 0 0 0 0 0 0 0 0 0 0 0 0 0 0 0 0 0 0 0 0 0 0 0 0 0 0 0 0 0 0 0 0 0 0 0 0 0 0 0 0 0 0 0 0 0 0 0 0 0 0 0 0 0 0 0 0 0 0 0 0 0 0 0 0 0 0 0 0 0 0 0 0 0 0 0 0 0 0 0 0 0 0 0 0 0 0 0 0 0 0 0 0 0 0 0 0 0 0 0 0 0
0 -0.04572938 0 0 -0.04572938 -0.03665443 0 -0.04572938 0.09872051 -0.02428563 0 0 0 0 0.09872051 0.09872051 -0.04572938 0.09872051 0 0 0 0 0.1158986 0 0 -0.04572938 0 0.1159385 -0.04572938 0.114734 -0.04572938 0 0 0.1352637 0 0 0.09634587 0.1261098 0.09634587 0.113006 0 0 1.01 -0.035761 0.1283013 0 0.09580107 0 0 0.113006 0 -0.03812813 -0.04572938 0 0.09543581 0.07760485 0 0.09559228 -0.03806363 0.09580107 0 0 0 0.1131224 -0.04572938 0 0.09543865 0.1132016 0 0 -0.02249306 0 0 0 0 0 0 0 -0.04698599 -0.03374614 0 0 0 0.09633667 0 0 0 0 -0.05315176 0.1005442 0 0 -0.04817675 0 0 0 0 -0.0289209 -0.02948246 0 0.05967528 0 0 0 0 0.05816514 0 0 0.05460722 0 -0.07239278 -0.07239278 0 0.07232546 0.004568426 0 0.05816514 0 -0.04300966 0.0590748 0.07316099 -0.07209656 0 0 0 0 -0.02948246 0 0.005490781 -0.02340147 0 0.006520398 0 0 0 0 0 0 0 -0.01114559 0 0 0 -0.02146267 0 -0.01480112 0 0.06724169 -0.02957409
0 -0.04744125 0 0 -0.04744125 0.02249832 0 -0.04744125 -0.3225199 -0.02435219 0 0 0 0 -0.3225199 -0.3225199 -0.04744125 -0.3225199 0 0 0 0 -0.2768098 0 0 -0.04744125 0 -0.2767729 -0.04744125 -0.2779768 -0.04744125 0 0 -0.2260272 0 0 -0.3253901 -0.2510471 -0.3253901 -0.2880358 0 0 -0.035761 1.01 -0.2501048 0 -0.3356406 0 0 -0.2880358 0 -0.04320069 -0.04744125 0 -0.3362286 -0.4118168 0 -0.3360297 -0.04312156 -0.3356406 0 0 0 -0.2892196 -0.04744125 0 -0.338879 -0.289144 0 0 -0.0447046 0 0 0 0 0 0 0 -0.0490292 -0.04298644 0 0 0 -0.3365897 0 0 0 0 -0.06746986 -0.330174 0 0 -0.06872212 0 0 0 0 -0.03737189 -0.0408189 0 -0.2208215 0 0 0 0 -0.2236746 0 0 -0.2233426 0 -0.09349628 -0.09349628 0 -0.201384 -0.3281467 0 -0.2236746 0 -0.0340811 -0.2241073 -0.2018968 -0.09440571 0 0 0 0 -0.0408189 0 -0.3282861 -0.04379622 0 -0.3256843 0 0 0 0 0 0 0 0.02328599 0 0 0 -0.03469091 0 -0.02044894 0 -0.1964349 -0.04038267
0 -0.3394675 0 0 -0.3394675 0.151132 0 -0.3394675 0.7109917 -0.1283981 0 0 0 0 0.7109917 0.7109917 -0.3394675 0.7109917 0 0 0 0 0.8399454 0 0 -0.3394675 0 0.8398032 -0.3394675 0.8452531 -0.3394675 0 0 0.8489852 0 0 0.7204668 0.9403467 0.7204668 0.8586597 0 0 0.1283013 -0.2501048 1.01 0 0.7323924 0 0 0.8586597 0 -0.2817521 -0.3394675 0 0.7312872 0.6050639 0 0.7317605 -0.2817592 0.7323924 0 0 0 0.8551107 -0.3394675 0 0.7243945 0.8552669 0 0 -0.1818096 0 0 0 0 0 0 0 -0.3325132 -0.2617737 0 0 0 0.7223583 0 0 0 0 -0.2109362 0.6967047 0 0 -0.03345194 0 0 0 0 0.1112915 0.1528823 0 0.5799822 0 0 0 0 0.564822 0 0 0.5643112 0 -0.05204332 -0.05204332 0 0.5153651 0.5940553 0 0.564822 0 -0.2711745 0.5634986 0.5139544 -0.04043711 0 0 0 0 0.1528823 0 0.5936878 0.1071245 0 0.5870218 0 0 0 0 0 0 0 0.04305126 0 0 0 -0.1410836 0 0.05757513 0 0.4751222 0.1502129
0 0 0 0 0 0 0 0 0 0 0 0 0 0 0 0 0 0 0 0 0 0 0 0 0 0 0 0 0 0 0 0 0 0 0 0 0 0 0 0 0 0 0 0 0 1.01 0 0 0 0 0 0 0 0 0 0 0 0 0 0 0 0 0 0 0 0 0 0 0 0 0 0 0 0 0 0 0 0 0 0 0 0 0 0 0 0 0 0 0 0 0 0 0 0 0 0 0 0 0 0 0 0 0 0 0 0 0 0 0 0 0 0 0 0 0 0 0 0 0 0 0 0 0 0 0 0 0 0 0 0 0 0 0 0 0 0 0 0 0 0 0 0 0 0 0 0 0 0 0
0 0.1423455 0 0 0.1423455 0.1102822 0 0.1423455 0.9792482 0.06836764 0 0 0 0 0.9792482 0.9792482 0.1423455 0.9792482 0 0 0 0 0.8413394 0 0 0.1423455 0 0.8412413 0.1423455 0.8466396 0.1423455 0 0 0.6914897 0 0 0.9886991 0.7638248 0.9886991 0.8576479 0 0 0.09580107 -0.3356406 0.7323924 0 1.01 0 0 0.8576479 0 0.1310017 0.1423455 0 0.9986452 0.8235417 0 0.9991868 0.1307929 1 0 0 0 0.852536 0.1423455 0 0.9900079 0.8528387 0 0 -0.2567586 0 0 0 0 0 0 0 0.1441337 0.1210051 0 0 0 0.9879427 0 0 0 0 0.1803528 0.9616778 0 0 0.1852421 0 0 0 0 0.09200284 0.1191904 0 0.6061421 0 0 0 0 0.5848868 0 0 0.5842269 0 0.2443053 0.2443053 0 0.5222861 0.8580035 0 0.5848868 0 0.1120596 0.5834811 0.5206581 0.2470186 0 0 0 0 0.1191904 0 0.8539916 0.09278574 0 0.8477035 0 0 0 0 0 0 0 0.01702787 0 0 0 0.08949696 0 0.02398785 0 0.5337528 0.1176117
0 0 0 0 0 0 0 0 0 0 0 0 0 0 0 0 0 0 0 0 0 0 0 0 0 0 0 0 0 0 0 0 0 0 0 0 0 0 0 0 0 0 0 0 0 0 0 1.01 0 0 0 0 0 0 0 0 0 0 0 0 0 0 0 0 0 0 0 0 0 0 0 0 0 0 0 0 0 0 0 0 0 0 0 0 0 0 0 0 0 0 0 0 0 0 0 0 0 0 0 0 0 0 0 0 0 0 0 0 0 0 0 0 0 0 0 0 0 0 0 0 0 0 0 0 0 0 0 0 0 0 0 0 0 0 0 0 0 0 0 0 0 0 0 0 0 0 0 0 0
0 0 0 0 0 0 0 0 0 0 0 0 0 0 0 0 0 0 0 0 0 0 0 0 0 0 0 0 0 0 0 0 0 0 0 0 0 0 0 0 0 0 0 0 0 0 0 0 1.01 0 0 0 0 0 0 0 0 0 0 0 0 0 0 0 0 0 0 0 0 0 0 0 0 0 0 0 0 0 0 0 0 0 0 0 0 0 0 0 0 0 0 0 0 0 0 0 0 0 0 0 0 0 0 0 0 0 0 0 0 0 0 0 0 0 0 0 0 0 0 0 0 0 0 0 0 0 0 0 0 0 0 0 0 0 0 0 0 0 0 0 0 0 0 0 0 0 0 0 0
0 -0.3869187 0 0 -0.3869187 0.1312649 0 -0.3869187 0.8366696 0.07420204 0 0 0 0 0.8366696 0.8366696 -0.3869187 0.8366696 0 0 0 0 0.9819228 0 0 -0.3869187 0 0.9818081 -0.3869187 0.9864784 -0.3869187 0 0 0.8143946 0 0 0.8453187 0.8959913 0.8453187 1 0 0 0.113006 -0.2880358 0.8586597 0 0.8576479 0 0 1.01 0 0.1398571 -0.3869187 0 0.8564184 0.7060661 0 0.8570535 0.1396065 0.8576479 0 0 0 0.9958939 -0.3869187 0 0.8487985 0.9961276 0 0 -0.2149113 0 0 0 0 0 0 0 -0.3799052 0.1294472 0 0 0 0.8469302 0 0 0 0 -0.2494833 0.8212294 0 0 0.2061436 0 0 0 0 0.1036782 0.1335786 0 0.7147008 0 0 0 0 0.69752 0 0 0.6969059 0 -0.0782755 -0.0782755 0 0.6275459 0.7193215 0 0.69752 0 -0.3079091 0.6962726 0.6261458 -0.0679722 0 0 0 0 0.1335786 0 0.7188503 0.1075322 0 0.7116478 0 0 0 0 0 0 0 0.02979816 0 0 0 -0.1354947 0 0.04464854 0 0.5808542 0.1320476
0 0 0 0 0 0 0 0 0 0 0 0 0 0 0 0 0 0 0 0 0 0 0 0 0 0 0 0 0 0 0 0 0 0 0 0 0 0 0 0 0 0 0 0 0 0 0 0 0 0 1.01 0 0 0 0 0 0 0 0 0 0 0 0 0 0 0 0 0 0 0 0 0 0 0 0 0 0 0 0 0 0 0 0 0 0 0 0 0 0 0 0 0 0 0 0 0 0 0 0 0 0 0 0 0 0 0 0 0 0 0 0 0 0 0 0 0 0 0 0 0 0 0 0 0 0 0 0 0 0 0 0 0 0 0 0 0 0 0 0 0 0 0 0 0 0 0 0 0 0
0 -0.03429252 0 0 -0.03429252 -0.0465908 0 -0.03429252 0.1320119 0.4772761 0 0 0 0 0.1320119 0.1320119 -0.03429252 0.1320119 0 0 0 0 0.1410883 0 0 -0.03429252 0 0.1411393 -0.03429252 0.1395782 -0.03429252 0 0 -0.2689939 0 0 0.1306856 -0.2935663 0.1306856 0.1398571 0 0 -0.03812813 -0.04320069 -0.2817521 0 0.1310017 0 0 0.1398571 0 1.01 -0.03429252 0 0.1311043 0.1071401 0 0.1307362 0.9994039 0.1310017 0 0 0 0.1398686 -0.03429252 0 0.1300678 0.13997 0 0 -0.03325252 0 0 0 0 0 0 0 -0.03411683 0.929802 0 0 0 0.1317695 0 0 0 0 -0.01882978 0.1341823 0 0 0.5779984 0 0 0 0 -0.008662196 -0.03897937 0 0.1307244 0 0 0 0 0.1296215 0 0 0.1293452 0 0.002023782 0.002023782 0 0.08042025 0.144208 0 0.1296215 0 -0.02506395 0.1296842 0.08039267 -0.0008669773 0 0 0 0 -0.03897937 0 0.1438897 -0.04613223 0 0.1442432 0 0 0 0 0 0 0 -0.01754117 0 0 0 0.04420129 0 -0.03048909 0 0.07565527 -0.03709721
0 1 0 0 1 -0.05490757 0 1 0.1455136 -0.02023131 0 0 0 0 0.1455136 0.1455136 1 0.1455136 0 0 0 0 -0.3813671 0 0 1 0 -0.3813221 1 -0.3806317 1 0 0 -0.3276101 0 0 0.1458125 -0.3549606 0.1458125 -0.3869187 0 0 -0.04572938 -0.04744125 -0.3394675 0 0.1423455 0 0 -0.3869187 0 -0.03429252 1.01 0 0.1422827 0.1176945 0 0.1420314 -0.03418437 0.1423455 0 0 0 -0.3881815 1 0 0.1414614 -0.3880886 0 0 -0.04674462 0 0 0 0 0 0 0 0.9897068 -0.03218079 0 0 0 0.1413544 0 0 0 0 0.8036145 0.1437265 0 0 -0.06462011 0 0 0 0 -0.03458597 -0.04338706 0 -0.2887596 0 0 0 0 -0.2938039 0 0 -0.2938053 0 0.5887469 0.5887469 0 -0.2713696 0.1539761 0 -0.2938039 0 0.7936128 -0.2939236 -0.271594 0.5737804 0 0 0 0 -0.04338706 0 0.1476889 -0.04060022 0 0.1502768 0 0 0 0 0 0 0 -0.02682242 0 0 0 0.4212867 0 -0.04292639 0 -0.1609346 -0.04327099
0 0 0 0 0 0 0 0 0 0 0 0 0 0 0 0 0 0 0 0 0 0 0 0 0 0 0 0 0 0 0 0 0 0 0 0 0 0 0 0 0 0 0 0 0 0 0 0 0 0 0 0 0 1.01 0 0 0 0 0 0 0 0 0 0 0 0 0 0 0 0 0 0 0 0 0 0 0 0 0 0 0 0 0 0 0 0 0 0 0 0 0 0 0 0 0 0 0 0 0 0 0 0 0 0 0 0 0 0 0 0 0 0 0 0 0 0 0 0 0 0 0 0 0 0 0 0 0 0 0 0 0 0 0 0 0 0 0 0 0 0 0 0 0 0 0 0 0 0 0
0 0.1422827 0 0 0.1422827 0.1105074 0 0.1422827 0.9779332 0.06926288 0 0 0 0 0.9779332 0.9779332 0.1422827 0.9779332 0 0 0 0 0.8401431 0 0 0.1422827 0 0.8400452 0.1422827 0.8454325 0.1422827 0 0 0.690261 0 0 0.9873617 0.7626067 0.9873617 0.8564184 0 0 0.09543581 -0.3362286 0.7312872 0 0.9986452 0 0 0.8564184 0 0.1311043 0.1422827 0 1.01 0.8218384 0 0.9978296 0.1308961 0.9986452 0 0 0 0.8512951 0.1422827 0 0.9886224 0.8515984 0 0 -0.2571772 0 0 0 0 0 0 0 0.1440609 0.1211784 0 0 0 0.986569 0 0 0 0 0.1804765 0.9603715 0 0 0.1853512 0 0 0 0 0.0916993 0.1193244 0 0.6048659 0 0 0 0 0.5835727 0 0 0.5829145 0 0.244348 0.244348 0 0.5209613 0.8565509 0 0.5835727 0 0.1121935 0.582164 0.5193298 0.2470367 0 0 0 0 0.1193244 0 0.85254 0.09311653 0 0.8462736 0 0 0 0 0 0 0 0.01683362 0 0 0 0.08917008 0 0.02368384 0 0.5325775 0.1171685
0 0.1176945 0 0 0.1176945 0.09254206 0 0.1176945 0.8055818 0.05469868 0 0 0 0 0.8055818 0.8055818 0.1176945 0.8055818 0 0 0 0 0.6918235 0 0 0.1176945 0 0.6917432 0.1176945 0.6967174 0.1176945 0 0 0.5679876 0 0 0.8134958 0.6284606 0.8134958 0.7060661 0 0 0.07760485 -0.4118168 0.6050639 0 0.8235417 0 0 0.7060661 0 0.1071401 0.1176945 0 0.8218384 1.01 0 0.8226088 0.1069689 0.8235417 0 0 0 0.7082591 0.1176945 0 0.8194475 0.7086598 0 0 -0.3063539 0 0 0 0 0 0 0 0.1189666 0.09582366 0 0 0 0.8263467 0 0 0 0 0.1485727 0.8038708 0 0 0.1502769 0 0 0 0 0.07635136 0.09975879 0 0.5166719 0 0 0 0 0.4905835 0 0 0.489846 0 0.2032716 0.2032716 0 0.4387324 0.7183729 0 0.4905835 0 0.09541826 0.4912855 0.4393548 0.2057587 0 0 0 0 0.09975879 0 0.7177277 0.07971062 0 0.7120242 0 0 0 0 0 0 0 0.01309329 0 0 0 0.07986734 0 0.05176273 0 0.449737 0.09872019
0 0 0 0 0 0 0 0 0 0 0 0 0 0 0 0 0 0 0 0 0 0 0 0 0 0 0 0 0 0 0 0 0 0 0 0 0 0 0 0 0 0 0 0 0 0 0 0 0 0 0 0 0 0 0 0 1.01 0 0 0 0 0 0 0 0 0 0 0 0 0 0 0 0 0 0 0 0 0 0 0 0 0 0 0 0 0 0 0 0 0 0 0 0 0 0 0 0 0 0 0 0 0 0 0 0 0 0 0 0 0 0 0 0 0 0 0 0 0 0 0 0 0 0 0 0 0 0 0 0 0 0 0 0 0 0 0 0 0 0 0 0 0 0 0 0 0 0 0 0
0 0.1420314 0 0 0.1420314 0.1100473 0 0.1420314 0.9784574 0.06823989 0 0 0 0 0.9784574 0.9784574 0.1420314 0.9784574 0 0 0 0 0.840763 0 0 0.1420314 0 0.840665 0.1420314 0.8460574 0.1420314 0 0 0.6909222 0 0 0.9878955 0.7633716 0.9878955 0.8570535 0 0 0.09559228 -0.3360297 0.7317605 0 0.9991868 0 0 0.8570535 0 0.1307362 0.1420314 0 0.9978296 0.8226088 0 1.01 0.1305276 0.9991868 0 0 0 0.8521871 0.1420314 0 0.9891747 0.8522374 0 0 -0.2570376 0 0 0 0 0 0 0 0.1438166 0.1207576 0 0 0 0.9871167 0 0 0 0 0.1799675 0.9608909 0 0 0.1852476 0 0 0 0 0.09183067 0.1195168 0 0.6059105 0 0 0 0 0.5860395 0 0 0.5853798 0 0.2437834 0.2437834 0 0.5233142 0.8588469 0 0.5860395 0 0.111803 0.584632 0.5216842 0.2464881 0 0 0 0 0.1195168 0 0.8548344 0.09327566 0 0.848552 0 0 0 0 0 0 0 0.01691316 0 0 0 0.08931052 0 0.02380805 0 0.5347412 0.1179496
0 -0.03418437 0 0 -0.03418437 -0.04651977 0 -0.03418437 0.1317983 0.4775618 0 0 0 0 0.1317983 0.1317983 -0.03418437 0.1317983 0 0 0 0 0.1408329 0 0 -0.03418437 0 0.1408838 -0.03418437 0.1393234 -0.03418437 0 0 -0.2690194 0 0 0.1304743 -0.2935555 0.1304743 0.1396065 0 0 -0.03806363 -0.04312156 -0.2817592 0 0.1307929 0 0 0.1396065 0 0.9994039 -0.03418437 0 0.1308961 0.1069689 0 0.1305276 1.01 0.1307929 0 0 0 0.1396196 -0.03418437 0 0.1298616 0.1397209 0 0 -0.03319865 0 0 0 0 0 0 0 -0.03400735 0.9290828 0 0 0 0.1315632 0 0 0 0 -0.01868511 0.13397 0 0 0.5776007 0 0 0 0 -0.01033706 -0.03889617 0 0.1303606 0 0 0 0 0.1292623 0 0 0.1289858 0 0.002233168 0.002233168 0 0.08048084 0.1439837 0 0.1292623 0 -0.02497459 0.1293255 0.08045383 -0.0006556645 0 0 0 0 -0.03889617 0 0.1436651 -0.04607028 0 0.1440165 0 0 0 0 0 0 0 -0.01750786 0 0 0 0.04429763 0 -0.03043862 0 0.07573039 -0.03701435
0 0.1423455 0 0 0.1423455 0.1102822 0 0.1423455 0.9792482 0.06836764 0 0 0 0 0.9792482 0.9792482 0.1423455 0.9792482 0 0 0 0 0.8413394 0 0 0.1423455 0 0.8412413 0.1423455 0.8466396 0.1423455 0 0 0.6914897 0 0 0.9886991 0.7638248 0.9886991 0.8576479 0 0 0.09580107 -0.3356406 0.7323924 0 1 0 0 0.8576479 0 0.1310017 0.1423455 0 0.9986452 0.8235417 0 0.9991868 0.1307929 1.01 0 0 0 0.852536 0.1423455 0 0.9900079 0.8528387 0 0 -0.2567586 0 0 0 0 0 0 0 0.1441337 0.1210051 0 0 0 0.9879427 0 0 0 0 0.1803528 0.9616778 0 0 0.1852421 0 0 0 0 0.09200284 0.1191904 0 0.6061421 0 0 0 0 0.5848868 0 0 0.5842269 0 0.2443053 0.2443053 0 0.5222861 0.8580035 0 0.5848868 0 0.1120596 0.5834811 0.5206581 0.2470186 0 0 0 0 0.1191904 0 0.8539916 0.09278574 0 0.8477035 0 0 0 0 0 0 0 0.01702787 0 0 0 0.08949696 0 0.02398785 0 0.5337528 0.1176117
0 0 0 0 0 0 0 0 0 0 0 0 0 0 0 0 0 0 0 0 0 0 0 0 0 0 0 0 0 0 0 0 0 0 0 0 0 0 0 0 0 0 0 0 0 0 0 0 0 0 0 0 0 0 0 0 0 0 0 0 1.01 0 0 0 0 0 0 0 0 0 0 0 0 0 0 0 0 0 0 0 0 0 0 0 0 0 0 0 0 0 0 0 0 0 0 0 0 0 0 0 0 0 0 0 0 0 0 0 0 0 0 0 0 0 0 0 0 0 0 0 0 0 0 0 0 0 0 0 0 0 0 0 0 0 0 0 0 0 0 0 0 0 0 0 0 0 0 0 0
0 0 0 0 0 0 0 0 0 0 0 0 0 0 0 0 0 0 0 0 0 0 0 0 0 0 0 0 0 0 0 0 0 0 0 0 0 0 0 0 0 0 0 0 0 0 0 0 0 0 0 0 0 0 0 0 0 0 0 0 0 1.01 0 0 0 0 0 0 0 0 0 0 0 0 0 0 0 0 0 0 0 0 0 0 0 0 0 0 0 0 0 0 0 0 0 0 0 0 0 0 0 0 0 0 0 0 0 0 0 0 0 0 0 0 0 0 0 0 0 0 0 0 0 0 0 0 0 0 0 0 0 0 0 0 0 0 0 0 0 0 0 0 0 0 0 0 0 0 0
0 0 0 0 0 0 0 0 0 0 0 0 0 0 0 0 0 0 0 0 0 0 0 0 0 0 0 0 0 0 0 0 0 0 0 0 0 0 0 0 0 0 0 0 0 0 0 0 0 0 0 0 0 0 0 0 0 0 0 0 0 0 1.01 0 0 0 0 0 0 0 0 0 0 0 0 0 0 0 0 0 0 0 0 0 0 0 0 0 0 0 0 0 0 0 0 0 0 0 0 0 0 0 0 0 0 0 0 0 0 0 0 0 0 0 0 0 0 0 0 0 0 0 0 0 0 0 0 0 0 0 0 0 0 0 0 0 0 0 0 0 0 0 0 0 0 0 0 0 0
0 -0.3881815 0 0 -0.3881815 0.1304753 0 -0.3881815 0.8316982 0.07343777 0 0 0 0 0.8316982 0.8316982 -0.3881815 0.8316982 0 0 0 0 0.977931 0 0 -0.3881815 0 0.9778169 -0.3881815 0.9824488 -0.3881815 0 0 0.8105667 0 0 0.840269 0.892067 0.840269 0.9958939 0 0 0.1131224 -0.2892196 0.8551107 0 0.852536 0 0 0.9958939 0 0.1398686 -0.3881815 0 0.8512951 0.7082591 0 0.8521871 0.1396196 0.852536 0 0 0 1.01 -0.3881815 0 0.8519685 0.9997644 0 0 -0.216128 0 0 0 0 0 0 0 -0.3811918 0.1291096 0 0 0 0.8501176 0 0 0 0 -0.2512783 0.8242862 0 0 0.2056768 0 0 0 0 0.1041975 0.1336949 0 0.7193695 0 0 0 0 0.7023136 0 0 0.7017021 0 -0.08037396 -0.08037396 0 0.6323479 0.7228646 0 0.7023136 0 -0.3096696 0.7010582 0.6309384 -0.07012852 0 0 0 0 0.1336949 0 0.7223968 0.1069358 0 0.7152317 0 0 0 0 0 0 0 0.03043055 0 0 0 -0.1345896 0 0.04448781 0 0.5853921 0.132206
0 1 0 0 1 -0.05490757 0 1 0.1455136 -0.02023131 0 0 0 0 0.1455136 0.1455136 1 0.1455136 0 0 0 0 -0.3813671 0 0 1 0 -0.3813221 1 -0.3806317 1 0 0 -0.3276101 0 0 0.1458125 -0.3549606 0.1458125 -0.3869187 0 0 -0.04572938 -0.04744125 -0.3394675 0 0.1423455 0 0 -0.3869187 0 -0.03429252 1 0 0.1422827 0.1176945 0 0.1420314 -0.03418437 0.1423455 0 0 0 -0.3881815 1.01 0 0.1414614 -0.3880886 0 0 -0.04674462 0 0 0 0 0 0 0 0.9897068 -0.03218079 0 0 0 0.1413544 0 0 0 0 0.8036145 0.1437265 0 0 -0.06462011 0 0 0 0 -0.03458597 -0.04338706 0 -0.2887596 0 0 0 0 -0.2938039 0 0 -0.2938053 0 0.5887469 0.5887469 0 -0.2713696 0.1539761 0 -0.2938039 0 0.7936128 -0.2939236 -0.271594 0.5737804 0 0 0 0 -0.04338706 0 0.1476889 -0.04060022 0 0.1502768 0 0 0 0 0 0 0 -0.02682242 0 0 0 0.4212867 0 -0.04292639 0 -0.1609346 -0.04327099
0 0 0 0 0 0 0 0 0 0 0 0 0 0 0 0 0 0 0 0 0 0 0 0 0 0 0 0 0 0 0 0 0 0 0 0 0 0 0 0 0 0 0 0 0 0 0 0 0 0 0 0 0 0 0 0 0 0 0 0 0 0 0 0 0 1.01 0 0 0 0 0 0 0 0 0 0 0 0 0 0 0 0 0 0 0 0 0 0 0 0 0 0 0 0 0 0 0 0 0 0 0 0 0 0 0 0 0 0 0 0 0 0 0 0 0 0 0 0 0 0 0 0 0 0 0 0 0 0 0 0 0 0 0 0 0 0 0 0 0 0 0 0 0 0 0 0 0 0 0
0 0.1414614 0 0 0.1414614 0.1080711 0 0.1414614 0.9695255 0.06682211 0 0 0 0 0.9695255 0.9695255 0.1414614 0.9695255 0 0 0 0 0.8327121 0 0 0.1414614 0 0.8326152 0.1414614 0.837939 0.1414614 0 0 0.6842739 0 0 0.9788211 0.7557633 0.9788211 0.8487985 0 0 0.09543865 -0.338879 0.7243945 0 0.9900079 0 0 0.8487985 0 0.1300678 0.1414614 0 0.9886224 0.8194475 0 0.9891747 0.1298616 0.9900079 0 0 0 0.8519685 0.1414614 0 1.01 0.852276 0 0 -0.260349 0 0 0 0 0 0 0 0.1431855 0.1198351 0 0 0 0.9867858 0 0 0 0 0.1784829 0.9606039 0 0 0.1828669 0 0 0 0 0.09075311 0.1178347 0 0.6069685 0 0 0 0 0.5854091 0 0 0.5847575 0 0.2427749 0.2427749 0 0.5235491 0.8574321 0 0.5854091 0 0.1101095 0.5839797 0.5218932 0.2456503 0 0 0 0 0.1178347 0 0.8534165 0.09089632 0 0.8472426 0 0 0 0 0 0 0 0.01698132 0 0 0 0.09108929 0 0.0226687 0 0.5344661 0.1163191
