1.01 -0.01510186 0 0 0.2145512 -0.06715165 -0.08305471 0 -0.2740187 -0.1127478 0.740038 -0.07682809 -0.04640521 -0.08259346 0 0 0.2145512 -0.09422764 -0.140667 0 -0.04608808 0 0 -0.04981818 -0.07939122 -0.2020458 0 0.7040437 -0.1418676 -0.140667 0 -0.07477649 -0.1127478 -0.04033239 -0.04977552 -0.06262992 -0.05180764 0.4331518 -0.1412095 -0.06040146 -0.2708543 -0.04169105 0 -0.1406637 0 -0.08166974 -0.02265204 -0.05233546 0.1016504 -0.03623255 -0.0719711 -0.08138192 0.1458711 0.2753232 -0.06674457 -0.06269008 0 0.1370884 -0.04745591 -0.08468406 -0.1040056 -0.08289724 0.2396552 0 0.1744299 -0.05311988 0.1295637 0 0.4518512 -0.0326294 0.2375486 0.2051556 0.451189 -0.04438373 0 0.007914292 -0.09975911 0 -0.06275396 -0.09975911 0.1191527 0 -0.05596508 0.01020473 0.009597806 -0.04698472 -0.07992229 -0.1520158 -0.1520158 -0.03921619 0.01020473 0.118958 -0.1163052 -0.003742493 0.2375486 -0.1641882 0.4574899 -0.1634835 -0.07006044 -0.1520158 -0.1318261 0.4595075 -0.1398381 0.01020473 -0.04451519 -0.04483553 -0.1401386 -0.1345091 0.01020473 0.2488662 -0.1347643 -0.1535847 0.01020473 0 -0.07100353 0.2410114 0.4514124 -0.1345276 -0.1345091 -0.03339444 -0.05601999 0 -0.1354457 0.1192995 -0.1345091 0.1173299 -0.1512232 0 0.154537 -0.1345091 -0.05114303 0 0.1234079 -0.03806086 0 0 -0.04474512 0.2375486 -0.1336181 -0.07413751 0 0.1212181 -0.08494325 -0.0183127 0 0 -0.1302363 -0.03493386 -0.03890693 -0.0577254 0 0 -0.09782069 0 0 0.02335423 -0.04878923 0.103717 0.02305741 0.04177068 0
-0.01510186 1.01 0 0 -0.0010674 -0.0322451 -0.03319831 0 -0.08392151 -0.02673662 -0.03541636 0.4260692 -0.01342467 -0.03352346 0 0 -0.0010674 -0.02746962 -0.04823433 0 -0.02101586 0 0 -0.01732732 -0.03125941 -0.05590076 0 0.003293159 -0.05195598 -0.04823433 0 -0.03459905 -0.02673662 -0.01389658 -0.01976322 -0.02861606 -0.01819861 -0.01482247 -0.05180333 -0.01277042 -0.08212876 -0.0132641 0 -0.05142334 0 -0.02813941 -0.01123806 -0.01335944 -0.06185444 -0.03553502 -0.03158577 -0.02687495 0.03571908 0.1333394 -0.03214645 -0.02775273 0 0.02941626 -0.02138719 -0.006763 -0.04955514 -0.03771334 -0.02613662 0 -0.003100177 0.1612179 0.02885097 0 0.2117357 -0.01730492 -0.02574621 -0.005997889 0.2124575 -0.01850869 0 -0.0263523 -0.02484599 0 -0.009095171 -0.02484599 0.03275446 0 -0.0252587 -0.03059743 -0.03070404 0.9115574 -0.02399779 -0.05044371 -0.05044371 -0.005018195 -0.03059743 0.03225105 -0.0403302 -0.01281431 -0.02574621 -0.05447163 0.209379 -0.05476246 -0.01736263 -0.05044371 -0.04547855 -0.02510229 -0.05905083 -0.03059743 -0.01190147 -0.01777997 -0.05057001 -0.05720573 -0.03059743 -0.02411038 -0.04975919 -0.05130657 -0.03059743 0 -0.002467085 0.1079707 0.2073626 -0.05730649 -0.05720573 -0.02077924 -0.01990433 0 -0.03589605 0.03139505 -0.05720573 0.03251928 -0.05392117 0 -0.005877271 -0.05720573 -0.02062267 0 0.03372005 -0.01101585 0 0 -0.0187211 -0.02574621 -0.05592529 -0.02410247 0 0.03352001 -0.03185726 -0.06218664 0 0 -0.05504968 -0.009304931 -0.0186802 -0.01737111 0 0 -0.02239792 0 0 -0.0292482 -0.009665957 -0.03467286 -0.02896566 -0.06158063 0
0 0 1.01 0 0 0 0 0 0 0 0 0 0 0 0 0 0 0 0 0 0 0 0 0 0 0 0 0 0 0 0 0 0 0 0 0 0 0 0 0 0 0 0 0 0 0 0 0 0 0 0 0 0 0 0 0 0 0 0 0 0 0 0 0 0 0 0 0 0 0 0 0 0 0 0 0 0 0 0 0 0 0 0 0 0 0 0 0 0 0 0 0 0 0 0 0 0 0 0 0 0 0 0 0 0 0 0 0 0 0 0 0 0 0 0 0 0 0 0 0 0 0 0 0 0 0 0 0 0 0 0 0 0 0 0 0 0 0 0 0 0 0 0 0 0 0 0 0 0 0 0 0 0 0 0 0 0 0 0 0 0
0 0 0 1.01 0 0 0 0 0 0 0 0 0 0 0 0 0 0 0 0 0 0 0 0 0 0 0 0 0 0 0 0 0 0 0 0 0 0 0 0 0 0 0 0 0 0 0 0 0 0 0 0 0 0 0 0 0 0 0 0 0 0 0 0 0 0 0 0 0 0 0 0 0 0 0 0 0 0 0 0 0 0 0 0 0 0 0 0 0 0 0 0 0 0 0 0 0 0 0 0 0 0 0 0 0 0 0 0 0 0 0 0 0 0 0 0 0 0 0 0 0 0 0 0 0 0 0 0 0 0 0 0 0 0 0 0 0 0 0 0 0 0 0 0 0 0 0 0 0 0 0 0 0 0 0 0 0 0 0 0 0
0.2145512 -0.0010674 0 0 1.01 -0.02537195 -0.02099383 0 -0.06619972 -0.02682047 -0.03046987 -0.02233847 -0.007489314 -0.01705754 0 0 1 -0.02513808 -0.02499642 0 -0.01787695 0 0 -0.01051231 -0.01521497 -0.05228265 0 -0.02865031 -0.02996017 -0.02499642 0 -0.01852246 -0.02682047 -0.01647251 -0.01481779 -0.02290208 -0.01118321 0.5034258 -0.02982393 -0.01390392 -0.0655758 -0.01281806 0 -0.0295199 0 -0.02110189 -0.004395422 -0.01256693 0.07229208 -0.02545052 -0.02198408 -0.01951204 0.02692229 -0.06464398 -0.02530381 -0.0264214 0 0.02342839 -0.02251035 -0.008195913 0.2112326 -0.0279407 -0.02006038 0 -0.006564207 -0.004920546 0.02286023 0 -0.05334337 -0.009556886 -0.01978312 0.0008581956 -0.05349085 -0.01622994 0 -0.02140242 -0.01847163 0 -0.01326438 -0.01847163 0.02527573 0 -0.006148682 -0.02061185 -0.02069189 -0.008250091 -0.01985395 -0.02855241 -0.02855241 -0.01975926 -0.02061185 0.02181201 -0.03043817 -0.01437384 -0.01978312 -0.03503984 -0.0547615 -0.03597335 -0.009237428 -0.02855241 -0.03904106 -0.01060708 0.1851209 -0.02061185 -0.005003343 -0.007745527 -0.0285357 0.189159 -0.02061185 -0.03095726 -0.02809551 -0.02849246 -0.02061185 0 -0.01500793 -0.00333574 -0.05634596 0.1889582 0.189159 -0.01587917 -0.009669764 0 -0.0271366 0.02541859 0.189159 0.02398468 -0.03065553 0 -0.01096865 0.189159 -0.01756567 0 0.02703699 -0.006294897 0 0 -0.01069464 -0.01978312 0.1897615 -0.008414597 0 0.02581589 -0.006577674 -0.0423392 0 0 0.1947444 -0.01288232 -0.01382808 -0.01768961 0 0 -0.01792658 0 0 -0.01734232 -0.007868724 -0.0274875 -0.01711408 -0.04275981 0
-0.06715165 -0.0322451 0 0 -0.02537195 1.01 0.8123638 0 -0.1059878 -0.04632152 -0.04877977 -0.04935536 -0.01485761 0.8321235 0 0 -0.02537195 -0.05015223 -0.05853856 0 -0.02113406 0 0 -0.02585266 0.857818 -0.07187916 0 -0.05299792 -0.06210482 -0.05853856 0 0.8927701 -0.04632152 -0.008952301 0.663878 0.9289446 -0.02185987 -0.0362944 -0.06186092 -0.02539512 -0.106007 -0.02332852 0 -0.06225543 0 -0.03932007 -0.01091065 -0.01710444 -0.2310005 -0.04230295 0.9332469 -0.02708057 0.06383727 -0.1373901 0.9966294 -0.03242236 0 0.06474157 -0.02468441 -0.03968798 -0.07104922 -0.05686137 -0.02866244 0 -0.007111511 0.03688782 0.06219521 0 -0.1034772 -0.01022687 -0.02809402 -0.02614172 -0.1037593 -0.01719471 0 -0.03170289 -0.04513411 0 -0.02992695 -0.04513411 0.05748493 0 -0.02438558 -0.03195723 -0.03212555 -0.0299232 -0.03474382 -0.06361698 -0.06361698 -0.01894284 -0.03195723 0.05209964 0.526558 -0.00960705 -0.02809402 -0.07557378 -0.1055286 -0.07520953 -0.03503933 -0.06361698 0.4559145 -0.04066772 0.246122 -0.03195723 -0.02461936 -0.009555239 -0.06092344 0.318446 -0.03195723 -0.03263227 -0.05576265 -0.06481306 -0.03195723 0 -0.0355976 -0.01407677 -0.1072543 0.3188485 0.318446 -0.01827187 -0.01363648 0 -0.05689394 0.0521087 0.318446 0.04942225 -0.06572885 0 -0.01967874 0.318446 -0.02822648 0 0.0529204 -0.02442557 0 0 0.2698818 -0.02809402 0.3195151 -0.03377849 0 -0.05020211 -0.04401332 -0.08229578 0 0 0.323872 -0.008901136 -0.02246647 -0.0279754 0 0 -0.04660736 0 0 -0.03140758 -0.02686509 -0.04941285 -0.03096001 -0.08278443 0
-0.08305471 -0.03319831 0 0 -0.02099383 0.8123638 1.01 0 -0.1362481 -0.05793194 -0.0601924 -0.06413019 -0.02202553 0.8015822 0 0 -0.02099383 -0.05266868 -0.07646173 0 -0.02522747 0 0 -0.03091736 0.827967 -0.09048982 0 -0.06316972 -0.08243085 -0.07646173 0 0.8619556 -0.05793194 -0.01513691 0.5367515 0.7511041 -0.02814875 -0.04297355 -0.08214942 -0.01989937 -0.1357555 -0.0170096 0 -0.08226169 0 -0.04401188 0.3139955 -0.01600245 -0.2321666 -0.05137874 0.7548664 -0.03482549 0.07830725 -0.06953386 0.8096746 -0.04652853 0 0.07894904 -0.0384672 -0.05288128 -0.07238069 -0.06150806 -0.04027933 0 -0.01047112 0.02191624 0.07443328 0 -0.130246 -0.01273827 -0.03959673 -0.02453412 -0.1300566 -0.02031024 0 -0.03613589 -0.04852748 0 -0.03708171 -0.04852748 0.06703776 0 -0.02948118 -0.03557751 -0.03579333 -0.03601423 -0.0417818 -0.07136151 -0.07136151 -0.02459724 -0.03557751 0.04305241 0.416205 -0.02048708 -0.03959673 -0.0916082 -0.1319685 -0.09080157 -0.04342759 -0.07136151 0.3531082 -0.04223265 0.1714356 -0.03557751 0.09730152 -0.01550146 -0.07670274 0.233044 -0.03557751 -0.04891687 -0.07038705 -0.01892678 -0.03557751 0 -0.03409945 -0.01750389 -0.1340972 0.2333135 0.233044 -0.03248699 -0.02244917 0 0.07572026 0.06274505 0.233044 0.06221809 -0.08114624 0 -0.02436975 0.233044 -0.04080708 0 0.06650563 -0.03024704 0 0 0.2184394 -0.03959673 0.2334306 -0.04256864 0 -0.02079189 -0.0562609 -0.1020605 0 0 0.2381414 0.4430346 -0.02666331 -0.03661549 0 0 -0.04827839 0 0 -0.0353563 -0.03528306 -0.06365834 -0.03478168 -0.1026768 0
0 0 0 0 0 0 0 1.01 0 0 0 0 0 0 0 0 0 0 0 0 0 0 0 0 0 0 0 0 0 0 0 0 0 0 0 0 0 0 0 0 0 0 0 0 0 0 0 0 0 0 0 0 0 0 0 0 0 0 0 0 0 0 0 0 0 0 0 0 0 0 0 0 0 0 0 0 0 0 0 0 0 0 0 0 0 0 0 0 0 0 0 0 0 0 0 0 0 0 0 0 0 0 0 0 0 0 0 0 0 0 0 0 0 0 0 0 0 0 0 0 0 0 0 0 0 0 0 0 0 0 0 0 0 0 0 0 0 0 0 0 0 0 0 0 0 0 0 0 0 0 0 0 0 0 0 0 0 0 0 0 0
-0.2740187 -0.08392151 0 0 -0.06619972 -0.1059878 -0.1362481 0 1.01 -0.145045 -0.2039543 -0.1668132 0.1722766 -0.04733878 0 0 -0.06619972 -0.1143538 -0.2206544 0 0.1860901 0 0 0.1742494 -0.1211969 0.722484 0 -0.1944306 0.5363663 -0.2206544 0 -0.1206166 -0.145045 -0.05226955 -0.05435847 -0.1007926 0.1655159 -0.1130062 0.5354636 -0.1040336 0.9871073 0.154694 0 0.531992 0 -0.1077168 -0.04720237 -0.09399147 0.3137777 -0.09979746 -0.1080422 0.3396139 0.1708179 -0.05836825 -0.1060672 -0.02854409 0 0.1603667 -0.1227663 -0.1113377 0.5966582 -0.1947767 -0.04449613 0 -0.0472395 0.03757685 0.154407 0 -0.3144681 -0.05203866 -0.04440935 -0.06530546 -0.31321 0.173866 0 -0.0893431 -0.164331 0 -0.09317856 -0.164331 0.1430083 0 0.1342086 -0.08651228 -0.08717233 -0.07493674 0.2881324 0.4858504 0.4858504 -0.06718054 -0.08651228 0.1466375 0.2288588 -0.09060375 -0.04440935 -0.1537486 -0.3173944 -0.1515331 -0.1249076 0.4858504 0.3176488 -0.125945 0.4973697 -0.08651228 -0.08517551 -0.05980369 -0.1711632 0.5201372 -0.08651228 -0.175351 -0.1524587 0.4722897 -0.08651228 0 -0.1146067 -0.07453504 -0.2999283 0.5194853 0.5201372 -0.1081577 -0.02324423 0 -0.1782911 0.1431622 0.5201372 0.1381301 -0.136268 0 -0.06116067 0.5201372 -0.03690805 0 0.1020777 -0.07954082 0 0 -0.06035212 -0.04440935 0.5148623 -0.07021215 0 0.1495188 -0.1124179 -0.157183 0 0 0.5023339 -0.06650283 0.1612344 0.01247108 0 0 -0.1641674 0 0 -0.07268428 -0.08010335 -0.02996983 -0.071656 -0.1687333 0
-0.1127478 -0.02673662 0 0 -0.02682047 -0.04632152 -0.05793194 0 -0.145045 1.01 -0.08556153 -0.06662652 -0.0307943 -0.05682582 0 0 -0.02682047 -0.04062553 -0.08907281 0 -0.02962415 0 0 -0.009563232 -0.0556565 -0.09813648 0 -0.08264328 -0.08287805 -0.08907281 0 -0.0533995 1 -0.01884621 -0.03034155 -0.0396906 -0.009741144 -0.04722492 -0.08326052 -0.03949713 -0.1467468 -0.02604797 0 -0.08320769 0 -0.002009104 -0.01963648 -0.02898334 0.08486377 -0.05152743 -0.05066457 -0.05492715 0.07234172 0.282473 -0.04611105 -0.04682885 0 0.07325359 -0.04002315 -0.05835754 -0.09616342 -0.06719029 0.1175694 0 -0.009890177 -0.03452166 0.06983988 0 -0.1253787 -0.02901695 0.1178892 -0.006097363 -0.1252652 -0.0281274 0 -0.04326292 -0.04950741 0 -0.04964488 -0.04950741 0.06482319 0 -0.04260891 -0.04090756 -0.03965573 -0.03011533 -0.03600186 -0.06743827 -0.06743827 -0.02745415 -0.04090756 0.06593449 -0.06426496 -0.02563683 0.1178892 -0.09994175 -0.1286917 -0.09825825 -0.03660127 -0.06743827 -0.07851175 -0.05998758 -0.105432 -0.04090756 -0.03477803 0.3206268 -0.08858565 -0.102432 -0.04090756 -0.06141696 -0.081863 -0.0697983 -0.04090756 0 -0.03218254 -0.02036309 -0.1319698 -0.1026277 -0.102432 -0.03345596 -0.01318966 0 0.5427046 0.06520274 -0.102432 0.06314041 -0.09421731 0 -0.005852089 -0.102432 -0.0438706 0 0.06951534 -0.03139554 0 0 -0.03187108 0.1178892 -0.1031644 0.01592018 0 0.06883314 -0.05086557 -0.02605737 0 0 -0.1003308 -0.02840306 -0.02027332 -0.02344311 0 0 -0.04993999 0 0 -0.03093319 -0.02351895 -0.03140598 -0.03188926 -0.02411306 0
0.740038 -0.03541636 0 0 -0.03046987 -0.04877977 -0.0601924 0 -0.2039543 -0.08556153 1.01 -0.06382444 -0.02926336 -0.05761956 0 0 -0.03046987 -0.06932406 -0.09612023 0 -0.03028071 0 0 -0.0354233 -0.05854998 -0.1514554 0 0.6332695 -0.1045461 -0.09612023 0 -0.05538295 -0.08556153 -0.02382767 -0.03128198 -0.04516382 -0.03640299 -0.06510818 -0.1040338 -0.05099806 -0.2015282 -0.03228099 0 -0.1034739 0 -0.06560774 -0.0124508 -0.03908564 0.160926 -0.06407125 -0.0522263 -0.07597039 0.1190818 0.3502089 -0.04846662 -0.06497096 0 0.111374 -0.05802777 -0.07245763 -0.1167639 -0.09135181 -0.0764641 0 0.2308432 -0.04346191 0.1053153 0 0.5033815 -0.0201433 -0.07714758 0.2638841 0.5024994 -0.02822189 0 -0.04531303 -0.07510843 0 -0.05209184 -0.07510843 0.09470358 0 -0.04570604 -0.04292312 -0.04328082 -0.03256 -0.06195 -0.1113526 -0.1113526 -0.01787906 -0.04292312 0.09472263 -0.08998242 -0.03904669 -0.07714758 -0.1166591 0.5120474 -0.1162406 -0.05050129 -0.1113526 -0.09831219 0.6051477 -0.1482474 -0.04292312 -0.0438085 -0.03704429 -0.09546421 -0.1458324 -0.04292312 0.3497751 -0.08651183 -0.1118721 -0.04292312 0 -0.04940533 -0.04284916 0.5076109 -0.1461001 -0.1458324 -0.05494754 -0.04812571 0 -0.1005266 0.09455368 -0.1458324 0.09410092 -0.1057585 0 -0.03541422 -0.1458324 -0.05889649 0 0.09714709 -0.03938802 0 0 -0.03436218 -0.07714758 -0.14569 -0.06264955 0 0.09797664 -0.06929567 -0.1436706 0 0 -0.1423096 -0.02900122 -0.02296255 -0.0437348 0 0 -0.07462588 0 0 -0.04050721 -0.04875684 0.1884058 -0.04208833 -0.1446556 0
-0.07682809 0.4260692 0 0 -0.02233847 -0.04935536 -0.06413019 0 -0.1668132 -0.06662652 -0.06382444 1.01 -0.01504368 -0.0565802 0 0 -0.02233847 -0.04864178 -0.09212663 0 -0.03967743 0 0 -0.03176687 -0.05887474 -0.1122049 0 -0.06797902 -0.09772431 -0.09212663 0 -0.05913889 -0.06662652 -0.01928464 -0.04052551 -0.04711764 -0.03179639 -0.0452657 -0.09737889 -0.03951971 -0.1640202 -0.0168156 0 -0.0965615 0 -0.03788413 -0.02305726 -0.03188239 0.1012348 0.2888531 -0.05346925 -0.05115239 0.07160673 0.2117538 -0.04792168 -0.06475737 0 0.06870786 -0.05614563 -0.04043349 -0.1013465 -0.07942331 -0.05348857 0 -0.02832727 0.1749731 0.06266028 0 0.4292513 -0.01403997 -0.05268447 -0.003111671 0.4293367 -0.03613513 0 -0.03764507 -0.05505044 0 -0.03218844 -0.05505044 0.06215746 0 -0.0380486 -0.0377126 -0.03798365 0.4414582 -0.03557151 -0.1014277 -0.1014277 -0.02164522 -0.0377126 0.06275601 -0.06931914 -0.04579686 -0.05268447 -0.1073823 0.4179025 -0.1073705 -0.05161934 -0.1014277 -0.08124782 -0.03060998 0.008844514 -0.0377126 -0.03442259 -0.01992807 -0.09634458 -0.1099981 -0.0377126 -0.0724164 -0.09005257 -0.103223 -0.0377126 0 0.04638771 -0.04012373 0.4129164 -0.1096644 -0.1099981 -0.05297189 -0.0274838 0 -0.08696674 0.06177143 -0.1099981 0.06079592 -0.1016602 0 -0.01191521 -0.1099981 -0.05438049 0 0.05715534 -0.02062675 0 0 -0.02698127 -0.05268447 -0.1095258 -0.04564581 0 0.06377294 0.4886966 -0.1246639 0 0 -0.1065723 -0.03353981 -0.03229078 -0.03038776 0 0 -0.05351705 0 0 -0.04013102 -0.02144752 0.3866621 -0.03942168 -0.1180582 0
-0.04640521 -0.01342467 0 0 -0.007489314 -0.01485761 -0.02202553 0 0.1722766 -0.0307943 -0.02926336 -0.01504368 1.01 0.3463965 0 0 -0.007489314 -0.01695593 -0.05103636 0 -0.01238922 0 0 -0.009027791 -0.01858476 0.2328007 0 -0.0352758 -0.034163 -0.05103636 0 -0.01601374 -0.0307943 -0.001624163 -0.02201409 -0.01737909 -0.009827067 -0.02028818 -0.034015 -0.02792805 0.172858 -0.005289388 0 -0.03368129 0 0.002331156 -0.006404537 -0.02367989 0.07707445 -0.0225161 -0.01574408 -0.01448895 0.03117005 -0.07469013 -0.01476227 -0.02225237 0 0.02559647 -0.01909477 -0.03273528 0.2451007 -0.04166875 -0.02827353 0 -0.002017277 -0.004802144 0.02236252 0 -0.05877909 -0.01181091 -0.02798969 -0.01338843 -0.0589427 -0.01452124 0 -0.01522981 -0.03616894 0 -0.02081945 -0.03616894 0.01347841 0 -0.0209578 -0.01417938 -0.01428602 -0.01180747 -0.005825513 -0.03198193 -0.03198193 -0.01264711 -0.01417938 0.01443817 -0.01504458 -0.01365791 -0.02798969 -0.04904358 -0.06148029 -0.0483646 -0.02886659 -0.03198193 -0.02014448 -0.02201021 0.224468 -0.01417938 -0.02118336 -0.020668 -0.04797099 0.2311538 -0.01417938 -0.02445621 -0.04231372 -0.03223734 -0.01417938 0 -0.01979734 -0.02103356 -0.05987565 0.2309192 0.2311538 -0.01711004 -0.01726956 0 -0.0415664 0.01365653 0.2311538 0.01183737 -0.04562458 0 -0.007845493 0.2311538 0.3794621 0 0.01007218 -0.02320299 0 0 -0.007490575 -0.02798969 0.2318631 -0.02576118 0 0.01612253 -0.00120857 -0.05905851 0 0 0.234984 -0.01534403 -0.01149708 -0.01631833 0 0 -0.0377882 0 0 -0.01338779 0.001380705 -0.01401221 -0.01309709 -0.060991 0
-0.08259346 -0.03352346 0 0 -0.01705754 0.8321235 0.8015822 0 -0.04733878 -0.05682582 -0.05761956 -0.0565802 0.3463965 1.01 0 0 -0.01705754 -0.05004871 -0.07877538 0 -0.02952371 0 0 -0.02728125 0.8484999 0.006269075 0 -0.06393374 -0.07318348 -0.07877538 0 0.8843003 -0.05682582 -0.008282173 0.5470877 0.7729339 -0.0244271 -0.04043461 -0.07288105 -0.03482142 -0.04709941 -0.0203174 0 -0.07299862 0 -0.04013514 0.3208208 -0.02635749 -0.1457713 -0.05245377 0.7749735 -0.03782429 0.07708004 -0.1519564 0.8293401 -0.04106894 0 0.07469748 -0.03169917 -0.05154595 0.02774069 -0.06669427 -0.04184128 0 -0.005952566 0.03106521 0.07039972 0 -0.1248788 -0.01413401 -0.04118096 -0.03132555 -0.1246672 -0.02499012 0 -0.0355587 -0.0539365 0 -0.03501436 -0.0539365 0.06133093 0 -0.03205355 -0.03508984 -0.03530114 -0.03042886 -0.04039612 -0.05935148 -0.05935148 -0.02307261 -0.03508984 0.03756367 0.4283435 -0.01462542 -0.04118096 -0.09166895 -0.1276061 -0.09091819 -0.04224961 -0.05935148 0.3633009 -0.04319542 0.2731957 -0.03508984 0.09867438 -0.01872616 -0.07878854 0.3365965 -0.03508984 -0.0437382 -0.07149624 -0.005382505 -0.03508984 0 -0.03741002 -0.02521125 -0.1279854 0.3368306 0.3365965 -0.0254675 -0.02537604 0 -0.073334 0.05690552 0.3365965 0.05548501 -0.08110743 0 -0.0231575 0.3365965 0.1600765 0 0.05697857 -0.03312631 0 0 0.2238793 -0.04118096 0.3377972 -0.04319103 0 -0.02715053 -0.04632259 -0.103679 0 0 0.3428794 -0.01551444 -0.02764821 -0.03310654 0 0 -0.05584547 0 0 -0.03531286 -0.027576 -0.05516282 -0.03475329 -0.1053419 0
0 0 0 0 0 0 0 0 0 0 0 0 0 0 1.01 0 0 0 0 0 0 0 0 0 0 0 0 0 0 0 0 0 0 0 0 0 0 0 0 0 0 0 0 0 0 0 0 0 0 0 0 0 0 0 0 0 0 0 0 0 0 0 0 0 0 0 0 0 0 0 0 0 0 0 0 0 0 0 0 0 0 0 0 0 0 0 0 0 0 0 0 0 0 0 0 0 0 0 0 0 0 0 0 0 0 0 0 0 0 0 0 0 0 0 0 0 0 0 0 0 0 0 0 0 0 0 0 0 0 0 0 0 0 0 0 0 0 0 0 0 0 0 0 0 0 0 0 0 0 0 0 0 0 0 0 0 0 0 0 0 0
0 0 0 0 0 0 0 0 0 0 0 0 0 0 0 1.01 0 0 0 0 0 0 0 0 0 0 0 0 0 0 0 0 0 0 0 0 0 0 0 0 0 0 0 0 0 0 0 0 0 0 0 0 0 0 0 0 0 0 0 0 0 0 0 0 0 0 0 0 0 0 0 0 0 0 0 0 0 0 0 0 0 0 0 0 0 0 0 0 0 0 0 0 0 0 0 0 0 0 0 0 0 0 0 0 0 0 0 0 0 0 0 0 0 0 0 0 0 0 0 0 0 0 0 0 0 0 0 0 0 0 0 0 0 0 0 0 0 0 0 0 0 0 0 0 0 0 0 0 0 0 0 0 0 0 0 0 0 0 0 0 0
0.2145512 -0.0010674 0 0 1 -0.02537195 -0.02099383 0 -0.06619972 -0.02682047 -0.03046987 -0.02233847 -0.007489314 -0.01705754 0 0 1.01 -0.02513808 -0.02499642 0 -0.01787695 0 0 -0.01051231 -0.01521497 -0.05228265 0 -0.02865031 -0.02996017 -0.02499642 0 -0.01852246 -0.02682047 -0.01647251 -0.01481779 -0.02290208 -0.01118321 0.5034258 -0.02982393 -0.01390392 -0.0655758 -0.01281806 0 -0.0295199 0 -0.02110189 -0.004395422 -0.01256693 0.07229208 -0.02545052 -0.02198408 -0.01951204 0.02692229 -0.06464398 -0.02530381 -0.0264214 0 0.02342839 -0.02251035 -0.008195913 0.2112326 -0.0279407 -0.02006038 0 -0.006564207 -0.004920546 0.02286023 0 -0.05334337 -0.009556886 -0.01978312 0.0008581956 -0.05349085 -0.01622994 0 -0.02140242 -0.01847163 0 -0.01326438 -0.01847163 0.02527573 0 -0.006148682 -0.02061185 -0.02069189 -0.008250091 -0.01985395 -0.02855241 -0.02855241 -0.01975926 -0.02061185 0.02181201 -0.03043817 -0.01437384 -0.01978312 -0.03503984 -0.0547615 -0.03597335 -0.009237428 -0.02855241 -0.03904106 -0.01060708 0.1851209 -0.02061185 -0.005003343 -0.007745527 -0.0285357 0.189159 -0.02061185 -0.03095726 -0.02809551 -0.02849246 -0.02061185 0 -0.01500793 -0.00333574 -0.05634596 0.1889582 0.189159 -0.01587917 -0.009669764 0 -0.0271366 0.02541859 0.189159 0.02398468 -0.03065553 0 -0.01096865 0.189159 -0.01756567 0 0.02703699 -0.006294897 0 0 -0.01069464 -0.01978312 0.1897615 -0.008414597 0 0.02581589 -0.006577674 -0.0423392 0 0 0.1947444 -0.01288232 -0.01382808 -0.01768961 0 0 -0.01792658 0 0 -0.01734232 -0.007868724 -0.0274875 -0.01711408 -0.04275981 0
-0.09422764 -0.02746962 0 0 -0.02513808 -0.05015223 -0.05266868 0 -0.1143538 -0.04062553 -0.06932406 -0.04864178 -0.01695593 -0.05004871 0 0 -0.02513808 1.01 -0.06384232 0 -0.02980583 0 0 -0.0188215 -0.05427622 -0.08214914 0 -0.0633644 -0.06086196 -0.06384232 0 -0.05112274 -0.04062553 0.05986461 -0.0309777 -0.04264244 -0.02039365 -0.04730299 -0.0605431 -0.03124326 -0.1134335 -0.02719467 0 -0.05985139 0 -0.03081816 -0.01192615 -0.0272379 -0.1658437 -0.04082862 -0.05330029 -0.03730397 0.0271351 -0.1411947 -0.04999313 -0.05065877 0 0.02366478 -0.04014523 0.01630538 -0.08126282 0.3754457 -0.04692553 0 -0.02352116 -0.032908 0.01627221 0 -0.09440547 0.428056 -0.046324 -0.005965011 -0.09472954 -0.02790237 0 0.606001 0.05348751 0 -0.031586 0.05348751 0.05269364 0 0.02220895 0.619268 0.6177265 -0.02207398 -0.02366648 -0.04197283 -0.04197283 -0.02899591 0.619268 0.05334058 -0.05606964 -0.01963495 -0.046324 0.08830982 -0.09645879 0.08965949 -0.04330899 -0.04197283 -0.06696601 -0.03757152 -0.08793151 0.619268 -0.02243257 -0.01227683 -0.06434581 -0.09118587 0.619268 -0.058402 -0.06011932 -0.0434304 0.619268 0 -0.03612972 -0.02929891 -0.09833057 -0.09134648 -0.09118587 -0.03228151 -0.02657763 0 -0.06768789 0.05301314 -0.09118587 0.05291014 -0.06909107 0 -0.02300635 -0.09118587 -0.03382009 0 0.05365882 -0.02268163 0 0 -0.01947953 -0.046324 -0.09221551 -0.03130318 0 0.05695284 -0.0337891 0.0566016 0 0 -0.091647 -0.01942921 -0.03200704 0.07621811 0 0 0.0234028 0 0 0.5255186 -0.02351168 -0.04490584 0.5198428 0.05477312 0
-0.140667 -0.04823433 0 0 -0.02499642 -0.05853856 -0.07646173 0 -0.2206544 -0.08907281 -0.09612023 -0.09212663 -0.05103636 -0.07877538 0 0 -0.02499642 -0.06384232 1.01 0 -0.02870429 0 0 -0.04553369 -0.06905679 -0.1655778 0 -0.0987795 -0.1107236 1 0 -0.06902772 -0.08907281 -0.04009204 -0.04175422 -0.05270227 -0.0436029 -0.05896965 -0.111272 -0.06303064 -0.2189317 -0.03281139 0 -0.110133 0 -0.06300323 -0.02260381 -0.05521116 0.1392344 -0.09032081 -0.06319017 -0.08007746 0.1165179 -0.2566759 -0.05822952 -0.03003075 0 0.110849 -0.0247791 -0.07279962 -0.1444161 -0.09963925 -0.07528229 0 -0.01294867 -0.03477676 0.1036852 0 -0.1663486 -0.01640046 -0.07503763 -0.02296363 -0.1665325 -0.02450758 0 -0.0482989 -0.08283643 0 -0.05547964 -0.08283643 0.0960469 0 -0.0591654 -0.04687226 -0.04505993 -0.03883491 -0.07257882 -0.1008235 -0.1008235 0.04308968 -0.04687226 0.09754812 -0.09744937 0.01735631 -0.07503763 0.7878118 -0.1677999 0.7930683 -0.05160192 -0.1008235 -0.1103571 -0.0614272 -0.1546835 -0.04687226 0.2916102 -0.04064293 0.905195 -0.1558158 -0.04687226 -0.02542322 0.831518 -0.1030057 -0.04687226 0 -0.06592227 -0.0353999 -0.1703182 -0.1560874 -0.1558158 -0.003945406 -0.04396873 0 -0.1262844 0.09657949 -0.1558158 0.09379085 0.8524136 0 -0.03504588 -0.1558158 -0.02986554 0 0.09829982 0.3366981 0 0 -0.01425284 -0.07503763 -0.1560693 -0.06965771 0 0.09243564 -0.06450911 0.6717443 0 0 -0.1514275 -0.03946383 -0.0180821 -0.03587677 0 0 -0.08090366 0 0 -0.04359789 -0.03748935 -0.08280839 -0.04381306 0.6316324 0
0 0 0 0 0 0 0 0 0 0 0 0 0 0 0 0 0 0 0 1.01 0 0 0 0 0 0 0 0 0 0 0 0 0 0 0 0 0 0 0 0 0 0 0 0 0 0 0 0 0 0 0 0 0 0 0 0 0 0 0 0 0 0 0 0 0 0 0 0 0 0 0 0 0 0 0 0 0 0 0 0 0 0 0 0 0 0 0 0 0 0 0 0 0 0 0 0 0 0 0 0 0 0 0 0 0 0 0 0 0 0 0 0 0 0 0 0 0 0 0 0 0 0 0 0 0 0 0 0 0 0 0 0 0 0 0 0 0 0 0 0 0 0 0 0 0 0 0 0 0 0 0 0 0 0 0 0 0 0 0 0 0
-0.04608808 -0.02101586 0 0 -0.01787695 -0.02113406 -0.02522747 0 0.1860901 -0.02962415 -0.03028071 -0.03967743 -0.01238922 -0.02952371 0 0 -0.01787695 -0.02980583 -0.02870429 0 1.01 0 0 -0.02003788 -0.02512781 0.2549756 0 -0.02645424 -0.03659214 -0.02870429 0 -0.02424574 -0.02962415 -0.003806307 -0.008747802 -0.01684328 -0.02082331 -0.02888489 -0.03639455 -0.02986809 0.1871332 -0.01638213 0 -0.0373396 0 -0.0334052 -0.01062255 -0.02720187 0.1028247 -0.03328769 -0.02309788 -0.03392942 0.03485801 -0.09751994 -0.02343856 0.3981649 0 0.03152849 -0.01932107 -0.01264397 0.2748115 -0.04197332 -0.02996818 0 -0.01315113 -0.01709448 0.03295948 0 -0.06038018 -0.02140698 -0.0296047 -0.0138857 -0.0605788 0.9396064 0 -0.02768074 -0.03063718 0 -0.0209369 -0.03063718 0.03945416 0 -0.02110456 -0.02658673 -0.02669753 -0.02279264 -0.0310509 -0.04312077 -0.04312077 -0.01514022 -0.02658673 0.04040082 -0.03913773 -0.01465912 -0.0296047 -0.03959466 -0.06235028 -0.03989212 -0.01753905 -0.04312077 0.3685568 -0.01423244 0.2509644 -0.02658673 -0.02399656 -0.01273058 -0.03118575 0.2570316 -0.02658673 -0.02729428 -0.0240485 -0.04397532 -0.02658673 0 -0.01744645 -0.009740175 -0.06362752 0.2567594 0.2570316 -0.01385857 -0.01515841 0 -0.04169623 0.03964014 0.2570316 0.03778482 -0.03762365 0 -0.01833966 0.2570316 -0.02292869 0 0.04013108 -0.02455142 0 0 -0.01340858 -0.0296047 0.2567531 -0.01988421 0 0.041748 -0.03999892 -0.04984593 0 0 0.2612738 -0.008127084 0.8437515 -0.0161587 0 0 -0.03343967 0 0 -0.02204026 -0.0294864 -0.03200582 -0.02172279 -0.04808249 0
0 0 0 0 0 0 0 0 0 0 0 0 0 0 0 0 0 0 0 0 0 1.01 0 0 0 0 0 0 0 0 0 0 0 0 0 0 0 0 0 0 0 0 0 0 0 0 0 0 0 0 0 0 0 0 0 0 0 0 0 0 0 0 0 0 0 0 0 0 0 0 0 0 0 0 0 0 0 0 0 0 0 0 0 0 0 0 0 0 0 0 0 0 0 0 0 0 0 0 0 0 0 0 0 0 0 0 0 0 0 0 0 0 0 0 0 0 0 0 0 0 0 0 0 0 0 0 0 0 0 0 0 0 0 0 0 0 0 0 0 0 0 0 0 0 0 0 0 0 0 0 0 0 0 0 0 0 0 0 0 0 0
0 0 0 0 0 0 0 0 0 0 0 0 0 0 0 0 0 0 0 0 0 0 1.01 0 0 0 0 0 0 0 0 0 0 0 0 0 0 0 0 0 0 0 0 0 0 0 0 0 0 0 0 0 0 0 0 0 0 0 0 0 0 0 0 0 0 0 0 0 0 0 0 0 0 0 0 0 0 0 0 0 0 0 0 0 0 0 0 0 0 0 0 0 0 0 0 0 0 0 0 0 0 0 0 0 0 0 0 0 0 0 0 0 0 0 0 0 0 0 0 0 0 0 0 0 0 0 0 0 0 0 0 0 0 0 0 0 0 0 0 0 0 0 0 0 0 0 0 0 0 0 0 0 0 0 0 0 0 0 0 0 0
-0.04981818 -0.01732732 0 0 -0.01051231 -0.02585266 -0.03091736 0 0.1742494 -0.009563232 -0.0354233 -0.03176687 -0.009027791 -0.02728125 0 0 -0.01051231 -0.0188215 -0.04553369 0 -0.02003788 0 0 1.01 -0.02747975 0.2491468 0 -0.03805532 -0.0474873 -0.04553369 0 -0.02958763 -0.009563232 -0.01020307 -0.0180887 -0.02524687 0.9780745 -0.02336076 -0.04735611 -0.02573 0.1760647 -0.008892597 0 -0.04702346 0 -0.01046326 -0.008577974 -0.02701736 0.07923388 -0.02385163 -0.02685044 -0.02883766 0.03256085 0.04562994 -0.02576081 -0.02903687 0 0.02982376 -0.02009494 -0.02374181 0.09061155 -0.03391145 -0.01662294 0 -0.004930694 -0.01681202 0.02592884 0 0.07385775 -0.009040085 -0.01624978 -0.01595471 0.07368493 -0.0258943 0 -0.002266884 -0.03550506 0 -0.02811985 -0.03550506 0.02890049 0 -0.01321349 -0.0008039926 -0.0009529335 -0.01565754 0.2363701 -0.04313605 -0.04313605 -0.01590456 -0.0008039926 0.02983039 -0.03881983 -0.01754169 -0.01624978 -0.05427556 0.07250019 -0.05483916 -0.02359422 -0.04313605 -0.0469311 -0.03053566 0.07313702 -0.0008039926 -0.009543263 -0.004815544 -0.04612875 0.07769375 -0.0008039926 -0.0263655 -0.04712282 -0.04362576 -0.0008039926 0 -0.01682495 -0.01899983 0.07077098 0.07753276 0.07769375 -0.01645371 -0.01590779 0 -0.02908545 0.0290793 0.07769375 0.02907048 -0.04955057 0 -0.01587816 0.07769375 -0.01644756 0 0.03111998 -0.005465524 0 0 -0.005525092 -0.01624978 0.04944816 -0.02494795 0 0.0330858 -0.01865244 -0.05845137 0 0 0.07995746 -0.01348606 -0.02354793 -0.004604156 0 0 -0.03493361 0 0 0.005671076 -0.00750753 0.2273442 0.006124923 -0.06065089 0
-0.07939122 -0.03125941 0 0 -0.01521497 0.857818 0.827967 0 -0.1211969 -0.0556565 -0.05854998 -0.05887474 -0.01858476 0.8484999 0 0 -0.01521497 -0.05427622 -0.06905679 0 -0.02512781 0 0 -0.02747975 1.01 -0.0845455 0 -0.05968446 -0.06845293 -0.06905679 0 0.9110418 -0.0556565 -0.008993802 0.5662593 0.7948495 -0.02442967 -0.03830489 -0.06815189 -0.02859067 -0.1123761 -0.01833295 0 -0.06830543 0 -0.0493254 0.3318704 -0.01991429 -0.1585842 -0.04909416 0.9137472 -0.03530465 0.08187274 -0.1427511 0.8549411 -0.03669698 0 0.007139903 -0.02777274 -0.04919933 -0.0683215 -0.06353627 -0.03760344 0 -0.01088189 0.02902141 0.07666253 0 -0.1135542 -0.01521073 -0.03695268 -0.02434875 -0.1133152 -0.02052934 0 -0.0375412 -0.04905034 0 -0.03379013 -0.04905034 -0.01259971 0 -0.02905485 -0.03725094 -0.03744877 -0.03032677 -0.03804721 -0.05457886 -0.05457886 -0.02095632 -0.03725094 -0.03646358 0.4432124 -0.01181125 -0.03695268 -0.08478207 -0.1161944 -0.08408221 -0.04014793 -0.05457886 0.3796534 -0.03930789 0.1897512 -0.03725094 0.112946 -0.01664326 -0.06891029 0.2548438 -0.03725094 -0.04283468 -0.06517403 0.00115206 -0.03725094 0 -0.03558349 -0.02327007 -0.1175303 0.2551491 0.2548438 -0.02203524 -0.02333229 0 -0.07345116 -0.01707651 0.2548438 -0.01946647 -0.0739799 0 -0.02144212 0.2548438 -0.0314681 0 -0.01372542 -0.02214115 0 0 0.2299484 -0.03695268 0.2558702 -0.04153764 0 -0.1041314 -0.05455287 -0.0947195 0 0 0.2602769 -0.01337772 -0.02575315 -0.03303658 0 0 -0.05000367 0 0 -0.03648162 -0.03173892 -0.04394182 -0.03595457 -0.09557075 0
-0.2020458 -0.05590076 0 0 -0.05228265 -0.07187916 -0.09048982 0 0.722484 -0.09813648 -0.1514554 -0.1122049 0.2328007 0.006269075 0 0 -0.05228265 -0.08214914 -0.1655778 0 0.2549756 0 0 0.2491468 -0.0845455 1.01 0 -0.1480876 -0.163027 -0.1655778 0 -0.08337912 -0.09813648 -0.03063134 -0.0197866 -0.06798684 0.2395237 -0.08055244 -0.1623956 -0.08742903 0.7133368 0.223404 0 -0.1635549 0 -0.08880765 -0.03447112 -0.07785197 0.1547167 -0.05778272 -0.07481005 0.4752673 0.1266767 -0.2709479 -0.07222812 0.03331909 0 0.1163823 -0.08337969 -0.08635188 0.8363496 -0.14406 0.006840539 0 -0.03537499 0.0378485 0.1111102 0 -0.1926 -0.03772163 0.007347749 -0.04272863 -0.1909345 0.2361508 0 -0.06384429 -0.1191827 0 -0.07316656 -0.1191827 0.1023178 0 -0.07642076 -0.06349233 -0.06397153 -0.04841574 0.409487 -0.1670332 -0.1670332 -0.0505517 -0.06349233 0.105203 0.3588884 -0.06015943 0.007347749 -0.12838 -0.1961223 -0.1272614 -0.08745068 -0.1670332 0.4776088 -0.09375385 0.7327932 -0.06349233 -0.06380725 -0.04787747 -0.1028888 0.7547767 -0.06349233 -0.1222922 -0.08637818 -0.1690689 -0.06349233 0 -0.076816 -0.05271536 -0.1991167 0.7542284 0.7547767 -0.07333472 -0.01038513 0 -0.1185914 0.1020323 0.7547767 0.09711537 -0.1132744 0 -0.04525261 0.7547767 0.01609836 0 0.1005759 -0.06158839 0 0 -0.04377694 0.007347749 0.7479999 -0.04478882 0 0.1021269 -0.09192348 -0.1087955 0 0 0.7294603 -0.04096904 0.2163845 -0.05767049 0 0 -0.1200177 0 0 -0.05799839 -0.05562186 0.03807765 -0.05766616 -0.1190488 0
0 0 0 0 0 0 0 0 0 0 0 0 0 0 0 0 0 0 0 0 0 0 0 0 0 0 1.01 0 0 0 0 0 0 0 0 0 0 0 0 0 0 0 0 0 0 0 0 0 0 0 0 0 0 0 0 0 0 0 0 0 0 0 0 0 0 0 0 0 0 0 0 0 0 0 0 0 0 0 0 0 0 0 0 0 0 0 0 0 0 0 0 0 0 0 0 0 0 0 0 0 0 0 0 0 0 0 0 0 0 0 0 0 0 0 0 0 0 0 0 0 0 0 0 0 0 0 0 0 0 0 0 0 0 0 0 0 0 0 0 0 0 0 0 0 0 0 0 0 0 0 0 0 0 0 0 0 0 0 0 0 0
0.7040437 0.003293159 0 0 -0.02865031 -0.05299792 -0.06316972 0 -0.1944306 -0.08264328 0.6332695 -0.06797902 -0.0352758 -0.06393374 0 0 -0.02865031 -0.0633644 -0.0987795 0 -0.02645424 0 0 -0.03805532 -0.05968446 -0.1480876 0 1.01 -0.09511547 -0.0987795 0 -0.05850521 -0.08264328 -0.02179063 -0.04523508 -0.05009767 -0.03867564 -0.05269438 -0.09463188 -0.04826004 -0.1930001 -0.03487664 0 -0.09417143 0 -0.05931949 -0.0129091 -0.04222537 0.1968867 -0.05993846 -0.05375818 -0.06959708 0.1023826 0.2553412 -0.0527181 -0.06211329 0 0.09602521 -0.05663285 -0.06192752 -0.1131696 -0.03856268 -0.05716824 0 -0.02763286 -0.03862919 0.0912025 0 0.4405609 -0.0245816 -0.06236443 0.2826946 0.4401 -0.02198727 0 0.0494375 -0.07382089 0 -0.04252522 -0.07382089 0.07998498 0 -0.03456472 0.05095559 0.05043645 -0.03972393 -0.05669403 -0.1012385 -0.1012385 -0.02012729 0.05095559 0.08115102 -0.08775762 -0.03376144 -0.06236443 -0.1124039 0.4520121 -0.1112244 -0.05136575 -0.1012385 -0.09609944 0.6507527 -0.147554 0.05095559 -0.03013904 -0.02892492 -0.09489728 -0.1440907 0.05095559 -0.088992 -0.09039879 -0.1011096 0.05095559 0 -0.04460024 0.3438729 0.4478656 -0.1438611 -0.1440907 -0.0537788 -0.03357733 0 -0.1041651 0.07977601 -0.1440907 0.07979938 -0.1018825 0 -0.02186753 -0.1440907 -0.05997049 0 0.08265883 -0.02734795 0 0 -0.02874144 -0.06236443 -0.1430791 -0.04986601 0 0.08185932 -0.06464154 -0.131424 0 0 -0.142985 -0.01878303 -0.02272617 -0.04068582 0 0 -0.07206174 0 0 0.06340416 -0.04008954 0.1997119 0.06227237 -0.05116578 0
-0.1418676 -0.05195598 0 0 -0.02996017 -0.06210482 -0.08243085 0 0.5363663 -0.08287805 -0.1045461 -0.09772431 -0.034163 -0.07318348 0 0 -0.02996017 -0.06086196 -0.1107236 0 -0.03659214 0 0 -0.0474873 -0.06845293 -0.163027 0 -0.09511547 1.01 -0.1107236 0 -0.06880612 -0.08287805 -0.03992856 -0.05161829 -0.0590864 -0.04828035 -0.06201257 0.9978563 -0.04466119 0.5315778 -0.04680906 0 0.9941008 0 -0.04957805 -0.02341744 -0.04369876 0.2540911 -0.06727988 -0.06156846 -0.08303275 0.09079338 0.2708879 -0.06181215 -0.0801024 0 0.08810478 -0.07604863 -0.05375134 -0.1457726 -0.1025663 -0.06801378 0 -0.02412417 0.01077443 0.08602569 0 -0.2085521 -0.0293186 -0.06858854 -0.04213176 -0.2087192 -0.03176629 0 -0.04892757 -0.08996725 0 -0.0454813 -0.08996725 0.08133952 0 0.2975117 -0.04546362 -0.04581531 -0.04844141 -0.07895951 0.9305959 0.9305959 -0.03695114 -0.04546362 0.08286519 -0.1008952 -0.0551571 -0.06858854 -0.1268498 -0.208116 -0.1254356 -0.07094122 0.9305959 -0.1150033 -0.06534407 -0.1624009 -0.04546362 -0.04280194 -0.0236433 -0.1154624 -0.1568721 -0.04546362 -0.1024856 -0.1088239 0.9135944 -0.04546362 0 -0.06792218 -0.04237385 -0.2116297 -0.1571331 -0.1568721 -0.06645708 -0.02042836 0 -0.107386 0.08187341 -0.1568721 0.08101459 -0.1242404 0 -0.03472743 -0.1568721 -0.07239298 0 0.07928455 -0.03802641 0 0 -0.03185795 -0.06858854 -0.1563003 -0.04515806 0 0.08781125 -0.04427153 -0.1473631 0 0 -0.1524185 -0.04704374 -0.02659021 0.09307692 0 0 -0.08885014 0 0 -0.03183948 -0.04584708 -0.08336907 -0.03080935 -0.1506834 0
-0.140667 -0.04823433 0 0 -0.02499642 -0.05853856 -0.07646173 0 -0.2206544 -0.08907281 -0.09612023 -0.09212663 -0.05103636 -0.07877538 0 0 -0.02499642 -0.06384232 1 0 -0.02870429 0 0 -0.04553369 -0.06905679 -0.1655778 0 -0.0987795 -0.1107236 1.01 0 -0.06902772 -0.08907281 -0.04009204 -0.04175422 -0.05270227 -0.0436029 -0.05896965 -0.111272 -0.06303064 -0.2189317 -0.03281139 0 -0.110133 0 -0.06300323 -0.02260381 -0.05521116 0.1392344 -0.09032081 -0.06319017 -0.08007746 0.1165179 -0.2566759 -0.05822952 -0.03003075 0 0.110849 -0.0247791 -0.07279962 -0.1444161 -0.09963925 -0.07528229 0 -0.01294867 -0.03477676 0.1036852 0 -0.1663486 -0.01640046 -0.07503763 -0.02296363 -0.1665325 -0.02450758 0 -0.0482989 -0.08283643 0 -0.05547964 -0.08283643 0.0960469 0 -0.0591654 -0.04687226 -0.04505993 -0.03883491 -0.07257882 -0.1008235 -0.1008235 0.04308968 -0.04687226 0.09754812 -0.09744937 0.01735631 -0.07503763 0.7878118 -0.1677999 0.7930683 -0.05160192 -0.1008235 -0.1103571 -0.0614272 -0.1546835 -0.04687226 0.2916102 -0.04064293 0.905195 -0.1558158 -0.04687226 -0.02542322 0.831518 -0.1030057 -0.04687226 0 -0.06592227 -0.0353999 -0.1703182 -0.1560874 -0.1558158 -0.003945406 -0.04396873 0 -0.1262844 0.09657949 -0.1558158 0.09379085 0.8524136 0 -0.03504588 -0.1558158 -0.02986554 0 0.09829982 0.3366981 0 0 -0.01425284 -0.07503763 -0.1560693 -0.06965771 0 0.09243564 -0.06450911 0.6717443 0 0 -0.1514275 -0.03946383 -0.0180821 -0.03587677 0 0 -0.08090366 0 0 -0.04359789 -0.03748935 -0.08280839 -0.04381306 0.6316324 0
0 0 0 0 0 0 0 0 0 0 0 0 0 0 0 0 0 0 0 0 0 0 0 0 0 0 0 0 0 0 1.01 0 0 0 0 0 0 0 0 0 0 0 0 0 0 0 0 0 0 0 0 0 0 0 0 0 0 0 0 0 0 0 0 0 0 0 0 0 0 0 0 0 0 0 0 0 0 0 0 0 0 0 0 0 0 0 0 0 0 0 0 0 0 0 0 0 0 0 0 0 0 0 0 0 0 0 0 0 0 0 0 0 0 0 0 0 0 0 0 0 0 0 0 0 0 0 0 0 0 0 0 0 0 0 0 0 0 0 0 0 0 0 0 0 0 0 0 0 0 0 0 0 0 0 0 0 0 0 0 0 0
-0.07477649 -0.03459905 0 0 -0.01852246 0.8927701 0.8619556 0 -0.1206166 -0.0533995 -0.05538295 -0.05913889 -0.01601374 0.8843003 0 0 -0.01852246 -0.05112274 -0.06902772 0 -0.02424574 0 0 -0.02958763 0.9110418 -0.08337912 0 -0.05850521 -0.06880612 -0.06902772 0 1.01 -0.0533995 -0.0122083 0.5918044 0.8289108 -0.02625344 -0.03524697 -0.06852963 -0.02297359 -0.1203544 -0.01837457 0 -0.06875412 0 -0.04227401 0.3454063 -0.01822075 -0.180241 -0.004527271 0.8314029 -0.03396536 0.06985045 -0.1246128 0.8897844 -0.03854527 0 0.06920352 -0.03122721 -0.04316208 -0.06420983 -0.05886413 -0.03468746 0 -0.008843473 0.02973453 0.06596469 0 -0.09942989 -0.01297019 -0.03405994 -0.02790135 -0.09915641 -0.01986005 0 -0.03727665 -0.04600917 0 -0.02838281 -0.04600917 0.05915849 0 -0.02173432 -0.03715869 -0.03734477 -0.03191476 -0.03896962 -0.05450724 -0.05450724 -0.02305762 -0.03715869 0.03360719 0.4623974 -0.01231489 -0.03405994 -0.08401282 -0.1007806 -0.0841681 -0.03712373 -0.05450724 0.3959774 -0.03978366 0.2030743 -0.03715869 0.11231 -0.01396512 -0.07020783 0.26989 -0.03715869 -0.04264272 -0.06409142 0.003463648 -0.03715869 0 0.0217998 -0.01827533 -0.1025247 0.270219 0.26989 -0.02417583 -0.0206933 0 -0.0644545 0.05440005 0.26989 0.05337837 -0.07511317 0 -0.02207221 0.26989 -0.03200865 0 0.05688377 -0.02855972 0 0 0.2436351 -0.03405994 0.2709219 -0.03593193 0 -0.03721206 -0.05223669 -0.09332103 0 0 0.2750903 -0.01324642 -0.02329958 -0.03246749 0 0 -0.04707857 0 0 -0.03715524 -0.03124247 -0.05938913 -0.03666557 -0.0938611 0
-0.1127478 -0.02673662 0 0 -0.02682047 -0.04632152 -0.05793194 0 -0.145045 1 -0.08556153 -0.06662652 -0.0307943 -0.05682582 0 0 -0.02682047 -0.04062553 -0.08907281 0 -0.02962415 0 0 -0.009563232 -0.0556565 -0.09813648 0 -0.08264328 -0.08287805 -0.08907281 0 -0.0533995 1.01 -0.01884621 -0.03034155 -0.0396906 -0.009741144 -0.04722492 -0.08326052 -0.03949713 -0.1467468 -0.02604797 0 -0.08320769 0 -0.002009104 -0.01963648 -0.02898334 0.08486377 -0.05152743 -0.05066457 -0.05492715 0.07234172 0.282473 -0.04611105 -0.04682885 0 0.07325359 -0.04002315 -0.05835754 -0.09616342 -0.06719029 0.1175694 0 -0.009890177 -0.03452166 0.06983988 0 -0.1253787 -0.02901695 0.1178892 -0.006097363 -0.1252652 -0.0281274 0 -0.04326292 -0.04950741 0 -0.04964488 -0.04950741 0.06482319 0 -0.04260891 -0.04090756 -0.03965573 -0.03011533 -0.03600186 -0.06743827 -0.06743827 -0.02745415 -0.04090756 0.06593449 -0.06426496 -0.02563683 0.1178892 -0.09994175 -0.1286917 -0.09825825 -0.03660127 -0.06743827 -0.07851175 -0.05998758 -0.105432 -0.04090756 -0.03477803 0.3206268 -0.08858565 -0.102432 -0.04090756 -0.06141696 -0.081863 -0.0697983 -0.04090756 0 -0.03218254 -0.02036309 -0.1319698 -0.1026277 -0.102432 -0.03345596 -0.01318966 0 0.5427046 0.06520274 -0.102432 0.06314041 -0.09421731 0 -0.005852089 -0.102432 -0.0438706 0 0.06951534 -0.03139554 0 0 -0.03187108 0.1178892 -0.1031644 0.01592018 0 0.06883314 -0.05086557 -0.02605737 0 0 -0.1003308 -0.02840306 -0.02027332 -0.02344311 0 0 -0.04993999 0 0 -0.03093319 -0.02351895 -0.03140598 -0.03188926 -0.02411306 0
