33 33
1 0.07212148 -0.6356684 0.6486997 1 -0.472161 0.1197006 -0.472161 0.8121201 0.9632405 0.05897696 -0.472161 -0.03317144 0.08046332 -0.08231628 0.4590668 0.414759 0.4611559 0.936205 0.8013157 0.07732724 -0.4365498 0.93451 0.9537322 0.8915526 0.03684755 0.8003297 0.9537322 0.04782712 0.6080955 0.6080955 0.7702219 -0.3176823
0.07212148 1 -0.04584535 0.04678519 0.07212148 -0.03405295 -0.1022789 -0.03405295 0.06012365 0.07212148 -0.05039323 -0.03405295 -0.06162465 -0.06875239 -0.1013746 0.07119037 0.1286948 0.06060804 0.07278219 0.05936214 -0.08042321 -0.03148462 0.07011367 0.07145658 0.07343883 -0.03148462 0.04363449 0.07145658 -0.04086618 0.04584535 0.04584535 0.06162465 -0.02653824
-0.6356684 -0.04584535 1 0.0348056 -0.6356684 0.7427789 -0.07608987 0.7427789 -0.3104597 -0.6356684 -0.03748979 0.7427789 0.04892949 -0.05114799 0.02915783 -0.3066445 -0.2772169 -0.2821467 -0.6298978 -0.3150809 -0.05983044 0.6275755 -0.6538717 -0.6415833 -0.6242657 -0.02342282 -0.5614747 -0.6415833 -0.03040219 0.03410641 0.03410641 -0.3016624 0.495319
0.6486997 0.04678519 0.0348056 1 0.6486997 0.02585287 0.07764973 0.02585287 0.746465 0.6216438 0.03825834 0.02585287 -0.01521336 0.05219654 -0.1196783 0.2971902 0.2828999 0.3261252 0.5891134 0.7240394 0.03633412 0.023903 0.6118527 0.6001986 0.5571228 0.023903 0.5241409 0.6001986 0.03102544 0.9393229 0.9393229 0.6971974 0.04084146
1 0.07212148 -0.6356684 0.6486997 1 -0.472161 0.1197006 -0.472161 0.8121201 0.9632405 0.05897696 -0.472161 -0.03317144 0.08046332 -0.08231628 0.4590668 0.414759 0.4611559 0.936205 0.8013157 0.07732724 -0.4365498 0.93451 0.9537322 0.8915526 0.03684755 0.8003297 0.9537322 0.04782712 0.6080955 0.6080955 0.7702219 -0.3176823
-0.472161 -0.03405295 0.7427789 0.02585287 -0.472161 1 -0.05651795 1 0.03322352 -0.472161 -0.02784662 1 0.09165551 -0.03799165 -0.06414338 -0.1958533 -0.2059109 -0.1675047 -0.4678748 0.03280272 -0.04444079 -0.01739798 -0.4856821 -0.4765545 -0.4636914 -0.01739798 -0.4170516 -0.4765545 -0.0225821 0.02533352 0.02533352 0.03405295 0.6330053
0.1197006 -0.1022789 -0.07608987 0.07764973 0.1197006 -0.05651795 1 -0.05651795 0.09978769 0.1197006 -0.08363803 -0.05651795 0.05790169 -0.0121793 0.1392379 -0.09442662 0.1364785 0.1142972 0.1207972 0.09852381 -0.133479 -0.05225526 0.1163682 0.118597 0.121887 -0.05225526 0.1228984 0.118597 -0.06782591 0.07608987 0.07608987 0.1022789 -0.0530936
-0.472161 -0.03405295 0.7427789 0.02585287 -0.472161 1 -0.05651795 1 0.03322352 -0.472161 -0.02784662 1 0.09165551 -0.03799165 -0.06414338 -0.1958533 -0.2059109 -0.1675047 -0.4678748 0.03280272 -0.04444079 -0.01739798 -0.4856821 -0.4765545 -0.4636914 -0.01739798 -0.4170516 -0.4765545 -0.0225821 0.02533352 0.02533352 0.03405295 0.6330053
0.8121201 0.06012365 -0.3104597 0.746465 0.8121201 0.03322352 0.09978769 0.03322352 1 0.8336442 0.0491658 0.03322352 0.01080144 0.06707778 -0.142238 0.4169465 0.3635548 0.436417 0.783358 0.9618404 0.07846434 -0.5236644 0.8134253 0.7980147 0.7550945 0.03071775 0.6974858 0.7980147 0.0398708 0.7302278 0.7302278 0.9263207 -0.003234393
0.9632405 0.07212148 -0.6356684 0.6216438 0.9632405 -0.472161 0.1197006 -0.472161 0.8336442 1 0.05897696 -0.472161 -0.03317144 0.08046332 -0.08231628 0.4712179 0.425431 0.4731681 0.9544441 0.8013157 0.0941221 -0.4365498 0.9533353 0.9722565 0.9096545 0.03684755 0.8003297 0.9722565 0.04782712 0.6080955 0.6080955 0.7702219 -0.3414724
0.05897696 -0.05039323 -0.03748979 0.03825834 0.05897696 -0.02784662 -0.08363803 -0.02784662 0.0491658 0.05897696 1 -0.02784662 -0.05039323 -0.0562219 -0.09492251 0.1037546 0.1352363 0.105835 0.05951725 0.04854308 -0.06576565 -0.02574638 0.05733508 0.05843323 0.06005421 -0.02574638 0.06677021 0.05843323 -0.0334181 0.03748979 0.03748979 0.05039323 -0.01129968
-0.472161 -0.03405295 0.7427789 0.02585287 -0.472161 1 -0.05651795 1 0.03322352 -0.472161 -0.02784662 1 0.09165551 -0.03799165 -0.06414338 -0.1958533 -0.2059109 -0.1675047 -0.4678748 0.03280272 -0.04444079 -0.01739798 -0.4856821 -0.4765545 -0.4636914 -0.01739798 -0.4170516 -0.4765545 -0.0225821 0.02533352 0.02533352 0.03405295 0.6330053
-0.03317144 -0.06162465 0.04892949 -0.01521336 -0.03317144 0.09165551 0.05790169 0.09165551 0.01080144 -0.03317144 -0.05039323 0.09165551 1 -0.04681876 -0.07196707 0.01550172 0.06755751 0.01931904 -0.01080705 0.03441951 -0.003452512 -0.03148462 -0.01616257 -0.01344011 -0.009521875 -0.03148462 -0.03239986 -0.01344011 -0.04086618 0.01425373 0.01425373 0.03749682 0.02797663
0.08046332 -0.06875239 -0.05114799 0.05219654 0.08046332 -0.03799165 -0.0121793 -0.03799165 0.06707778 0.08046332 -0.0562219 -0.03799165 -0.04681876 1 0.0709947 0.04030575 0.0511195 0.1193698 0.08120046 0.06622819 0.1026948 -0.03512625 0.07822328 0.07972151 0.02537089 -0.03512625 0.05653593 0.07972151 0.01840603 0.05114799 0.05114799 0.06875239 0.01431799
-0.08231628 -0.1013746 0.02915783 -0.1196783 -0.08231628 -0.06414338 0.1392379 -0.06414338 -0.142238 -0.08231628 -0.09492251 -0.06414338 -0.07196707 0.0709947 1 -0.05795759 0.03580286 0.02571526 -0.07940096 -0.1465889 -0.1163079 0.1059651 -0.09138679 -0.0852842 -0.07653617 -0.05930557 -0.05471098 -0.0852842 -0.07697702 -0.1254193 -0.1254193 -0.1338859 -0.03488749
0.4590668 0.07119037 -0.3066445 0.2971902 0.4590668 -0.1958533 -0.09442662 -0.1958533 0.4169465 0.4712179 0.1037546 -0.1958533 0.01550172 0.04030575 -0.05795759 1 0.4991031 0.495913 0.4892279 0.4246872 -0.08979354 -0.2481468 0.4779283 0.4774598 0.4471682 0.0648237 0.4132058 0.4774598 -0.05804011 0.3066445 0.3066445 0.4021632 -0.172344
0.414759 0.1286948 -0.2772169 0.2828999 0.414759 -0.2059109 0.1364785 -0.2059109 0.3635548 0.425431 0.1352363 -0.2059109 0.06755751 0.0511195 0.03580286 0.4991031 1 0.5942739 0.4083273 0.3589501 -0.1644935 -0.1903807 0.4239622 0.4213265 0.3915154 0.08449276 0.3588661 0.4213265 -0.1579144 0.2772169 0.2772169 0.3359486 -0.2009696
0.4611559 0.06060804 -0.2821467 0.3261252 0.4611559 -0.1675047 0.1142972 -0.1675047 0.436417 0.4731681 0.105835 -0.1675047 0.01931904 0.1193698 0.02571526 0.495913 0.5942739 1 0.4908374 0.4444397 0.02621016 -0.243269 0.4802231 0.4794762 0.4491263 -0.2174863 0.4140321 0.4794762 -0.1350442 0.3362081 0.3362081 0.421097 -0.1357903
0.936205 0.07278219 -0.6298978 0.5891134 0.936205 -0.4678748 0.1207972 -0.4678748 0.783358 0.9544441 0.05951725 -0.4678748 -0.01080705 0.08120046 -0.07940096 0.4892279 0.4083273 0.4908374 1 0.8156136 0.09498436 -0.4325868 0.9633355 0.9817865 0.9192058 0.03718511 0.8419838 0.9817865 0.04826527 0.6298978 0.6298978 0.7840076 -0.3141905
0.8013157 0.05936214 -0.3150809 0.7240394 0.8013157 0.03280272 0.09852381 0.03280272 0.9618404 0.8013157 0.04854308 0.03280272 0.03441951 0.06622819 -0.1465889 0.4246872 0.3589501 0.4444397 0.8156136 1 0.07747053 -0.5303821 0.8466558 0.8307443 0.7868804 0.03032868 0.727017 0.8307443 0.03936581 0.7722993 0.7722993 0.9632857 0.02364269
0.07732724 -0.08042321 -0.05983044 0.03633412 0.07732724 -0.04444079 -0.133479 -0.04444079 0.07846434 0.0941221 -0.06576565 -0.04444079 -0.003452512 0.1026948 -0.1163079 -0.08979354 -0.1644935 0.02621016 0.09498436 0.07747053 1 -0.04108898 0.0915018 0.09325436 0.09584131 -0.04108898 0.09139953 0.09325436 0.5081391 0.05983044 0.05983044 0.08042321 -0.02672876
-0.4365498 -0.03148462 0.6275755 0.023903 -0.4365498 -0.01739798 -0.05225526 -0.01739798 -0.5236644 -0.4365498 -0.02574638 -0.01739798 -0.03148462 -0.03512625 0.1059651 -0.2481468 -0.1903807 -0.243269 -0.4325868 -0.5303821 -0.04108898 1 -0.4490511 -0.4406119 -0.428719 -0.01608579 -0.3855968 -0.4406119 -0.02087892 0.02342282 0.02342282 -0.5109095 0.02357758
0.93451 0.07011367 -0.6538717 0.6118527 0.93451 -0.4856821 0.1163682 -0.4856821 0.8134253 0.9533353 0.05733508 -0.4856821 -0.01616257 0.07822328 -0.09138679 0.4779283 0.4239622 0.4802231 0.9633355 0.8466558 0.0915018 -0.4490511 1 0.9812066 0.9361813 0.03582174 0.8416997 0.9812066 0.04649564 0.6538717 0.6538717 0.8142177 -0.3042953
0.9537322 0.07145658 -0.6415833 0.6001986 0.9537322 -0.4765545 0.118597 -0.4765545 0.7980147 0.9722565 0.05843323 -0.4765545 -0.01344011 0.07972151 -0.0852842 0.4774598 0.4213265 0.4794762 0.9817865 0.8307443 0.09325436 -0.4406119 0.9812066 1 0.9365197 0.03650784 0.8249763 1 0.04738619 0.6415833 0.6415833 0.7987345 -0.3212558
0.8915526 0.07343883 -0.6242657 0.5571228 0.8915526 -0.4636914 0.121887 -0.4636914 0.7550945 0.9096545 0.06005421 -0.4636914 -0.009521875 0.02537089 -0.07653617 0.4471682 0.3915154 0.4491263 0.9192058 0.7868804 0.09584131 -0.428719 0.9361813 0.9365197 1 0.0375206 0.7850384 0.9365197 0.04870072 0.5971097 0.5971097 0.7561682 -0.3342073
0.03684755 -0.03148462 -0.02342282 0.023903 0.03684755 -0.01739798 -0.05225526 -0.01739798 0.03071775 0.03684755 -0.02574638 -0.01739798 -0.03148462 -0.03512625 -0.05930557 0.0648237 0.08449276 -0.2174863 0.03718511 0.03032868 -0.04108898 -0.01608579 0.03582174 0.03650784 0.0375206 1 0.04171661 0.03650784 -0.02087892 0.02342282 0.02342282 0.03148462 -0.02748472
0.8003297 0.04363449 -0.5614747 0.5241409 0.8003297 -0.4170516 0.1228984 -0.4170516 0.6974858 0.8003297 0.06677021 -0.4170516 -0.03239986 0.05653593 -0.05471098 0.4132058 0.3588661 0.4140321 0.8419838 0.727017 0.09139953 -0.3855968 0.8416997 0.8249763 0.7850384 0.04171661 1 0.8249763 0.05414703 0.5614747 0.5614747 0.6977004 -0.2723084
0.9537322 0.07145658 -0.6415833 0.6001986 0.9537322 -0.4765545 0.118597 -0.4765545 0.7980147 0.9722565 0.05843323 -0.4765545 -0.01344011 0.07972151 -0.0852842 0.4774598 0.4213265 0.4794762 0.9817865 0.8307443 0.09325436 -0.4406119 0.9812066 1 0.9365197 0.03650784 0.8249763 1 0.04738619 0.6415833 0.6415833 0.7987345 -0.3212558
0.04782712 -0.04086618 -0.03040219 0.03102544 0.04782712 -0.0225821 -0.06782591 -0.0225821 0.0398708 0.04782712 -0.0334181 -0.0225821 -0.04086618 0.01840603 -0.07697702 -0.05804011 -0.1579144 -0.1350442 0.04826527 0.03936581 0.5081391 -0.02087892 0.04649564 0.04738619 0.04870072 -0.02087892 0.05414703 0.04738619 1 0.03040219 0.03040219 0.04086618 0.004092066
0.6080955 0.04584535 0.03410641 0.9393229 0.6080955 0.02533352 0.07608987 0.02533352 0.7302278 0.6080955 0.03748979 0.02533352 0.01425373 0.05114799 -0.1254193 0.3066445 0.2772169 0.3362081 0.6298978 0.7722993 0.05983044 0.02342282 0.6538717 0.6415833 0.5971097 0.02342282 0.5614747 0.6415833 0.03040219 1 1 0.7439449 0.04002102
0.6080955 0.04584535 0.03410641 0.9393229 0.6080955 0.02533352 0.07608987 0.02533352 0.7302278 0.6080955 0.03748979 0.02533352 0.01425373 0.05114799 -0.1254193 0.3066445 0.2772169 0.3362081 0.6298978 0.7722993 0.05983044 0.02342282 0.6538717 0.6415833 0.5971097 0.02342282 0.5614747 0.6415833 0.03040219 1 1 0.7439449 0.04002102
0.7702219 0.06162465 -0.3016624 0.6971974 0.7702219 0.03405295 0.1022789 0.03405295 0.9263207 0.7702219 0.05039323 0.03405295 0.03749682 0.06875239 -0.1338859 0.4021632 0.3359486 0.421097 0.7840076 0.9632857 0.08042321 -0.5109095 0.8142177 0.7987345 0.7561682 0.03148462 0.6977004 0.7987345 0.04086618 0.7439449 0.7439449 1 0.02653824
-0.3176823 -0.02653824 0.495319 0.04084146 -0.3176823 0.6330053 -0.0530936 0.6330053 -0.003234393 -0.3414724 -0.01129968 0.6330053 0.02797663 0.01431799 -0.03488749 -0.172344 -0.2009696 -0.1357903 -0.3141905 0.02364269 -0.02672876 0.02357758 -0.3042953 -0.3212558 -0.3342073 -0.02748472 -0.2723084 -0.3212558 0.004092066 0.04002102 0.04002102 0.02653824 1
