1.01 0 0 0 0 0 0 0 0 0 0 0 0 0 0 0 0 0 0 0 0 0 0 0 0 0 0 0 0 0 0 0 0 0 0 0 0 0 0 0 0 0 0 0 0 0 0 0 0 0 0 0 0 0 0 0 0 0 0 0 0 0 0 0 0 0 0 0 0 0 0 0 0 0 0 0 0 0 0 0 0 0 0 0 0 0 0 0 0 0 0 0 0 0 0 0 0 0 0 0 0 0 0 0 0 0 0 0 0 0 0 0 0 0 0 0 0 0 0 0 0 0 0 0 0 0 0 0 0 0 0 0 0 0 0 0 0 0 0 0 0 0 0 0 0 0 0 0 0 0 0 0 0 0 0 0 0 0 0 0 0 0 0 0
0 1.01 0 0 0 0 0 0 0 0 0 0 0 0 0 0 0 0 0 0 0 0 0 0 0 0 0 0 0 0 0 0 0 0 0 0 0 0 0 0 0 0 0 0 0 0 0 0 0 0 0 0 0 0 0 0 0 0 0 0 0 0 0 0 0 0 0 0 0 0 0 0 0 0 0 0 0 0 0 0 0 0 0 0 0 0 0 0 0 0 0 0 0 0 0 0 0 0 0 0 0 0 0 0 0 0 0 0 0 0 0 0 0 0 0 0 0 0 0 0 0 0 0 0 0 0 0 0 0 0 0 0 0 0 0 0 0 0 0 0 0 0 0 0 0 0 0 0 0 0 0 0 0 0 0 0 0 0 0 0 0 0 0 0
0 0 1.01 0 0 0 0 0 0 0 0 0 0 0 0 0 0 0 0 0 0 0 0 0 0 0 0 0 0 0 0 0 0 0 0 0 0 0 0 0 0 0 0 0 0 0 0 0 0 0 0 0 0 0 0 0 0 0 0 0 0 0 0 0 0 0 0 0 0 0 0 0 0 0 0 0 0 0 0 0 0 0 0 0 0 0 0 0 0 0 0 0 0 0 0 0 0 0 0 0 0 0 0 0 0 0 0 0 0 0 0 0 0 0 0 0 0 0 0 0 0 0 0 0 0 0 0 0 0 0 0 0 0 0 0 0 0 0 0 0 0 0 0 0 0 0 0 0 0 0 0 0 0 0 0 0 0 0 0 0 0 0 0 0
0 0 0 1.01 0 0 0 0 0 0 0.4584632 1 0.4599638 0.4391622 -0.6987338 0 -0.0444944 0 -0.0444101 0 0 -0.0529516 -0.03487939 -0.05441731 0 -0.08322473 -0.8818422 0 0.4599638 0 0 -0.06982172 -0.04013366 -0.09937142 -0.69759 0 -0.03487939 0 0 0 0 0.436678 0.4413119 0 -0.6940797 0 0.4855998 0 -0.9987168 0 -0.983917 0 0.4686304 0 0.4413119 0 -0.6760395 0 0.3867653 0 0 0 -0.9595511 -0.7342649 -0.03970784 0 -0.5851364 -0.1859307 0 0 0 0 0 0 0 -0.6060587 0 0 0 -0.03373144 0 -0.5379368 0 -0.0697063 0 0.4023347 0 0 0 0 0 -0.5449858 0 0 0 0 0 0 -0.6055053 0 0 0 0 0 0.3867653 0 0 -0.03770371 0 0 0 0 0 -0.04196904 0.1086115 -0.04805107 0 0 0 -0.0290418 0 0 -0.7374044 0 0 0 0 0 -0.5777744 -0.7407697 -0.7424211 -0.07678663 0 0 0.3852786 -0.5517514 0 0 0 0 0 0 0 -0.04454521 0 0 0 0 0.2244864 -0.7044767 0 0 -0.7364139 -0.0693331 0 0 0.2244864 0.1073655 -0.08980136 0.005236694 -0.3044175 -0.2286067 -0.2766138 0
0 0 0 0 1.01 0 0 0 0 0 0 0 0 0 0 0 0 0 0 0 0 0 0 0 0 0 0 0 0 0 0 0 0 0 0 0 0 0 0 0 0 0 0 0 0 0 0 0 0 0 0 0 0 0 0 0 0 0 0 0 0 0 0 0 0 0 0 0 0 0 0 0 0 0 0 0 0 0 0 0 0 0 0 0 0 0 0 0 0 0 0 0 0 0 0 0 0 0 0 0 0 0 0 0 0 0 0 0 0 0 0 0 0 0 0 0 0 0 0 0 0 0 0 0 0 0 0 0 0 0 0 0 0 0 0 0 0 0 0 0 0 0 0 0 0 0 0 0 0 0 0 0 0 0 0 0 0 0 0 0 0 0 0 0
0 0 0 0 0 1.01 0 0 0 0 0 0 0 0 0 0 0 0 0 0 0 0 0 0 0 0 0 0 0 0 0 0 0 0 0 0 0 0 0 0 0 0 0 0 0 0 0 0 0 0 0 0 0 0 0 0 0 0 0 0 0 0 0 0 0 0 0 0 0 0 0 0 0 0 0 0 0 0 0 0 0 0 0 0 0 0 0 0 0 0 0 0 0 0 0 0 0 0 0 0 0 0 0 0 0 0 0 0 0 0 0 0 0 0 0 0 0 0 0 0 0 0 0 0 0 0 0 0 0 0 0 0 0 0 0 0 0 0 0 0 0 0 0 0 0 0 0 0 0 0 0 0 0 0 0 0 0 0 0 0 0 0 0 0
0 0 0 0 0 0 1.01 0 0 0 0 0 0 0 0 0 0 0 0 0 0 0 0 0 0 0 0 0 0 0 0 0 0 0 0 0 0 0 0 0 0 0 0 0 0 0 0 0 0 0 0 0 0 0 0 0 0 0 0 0 0 0 0 0 0 0 0 0 0 0 0 0 0 0 0 0 0 0 0 0 0 0 0 0 0 0 0 0 0 0 0 0 0 0 0 0 0 0 0 0 0 0 0 0 0 0 0 0 0 0 0 0 0 0 0 0 0 0 0 0 0 0 0 0 0 0 0 0 0 0 0 0 0 0 0 0 0 0 0 0 0 0 0 0 0 0 0 0 0 0 0 0 0 0 0 0 0 0 0 0 0 0 0 0
0 0 0 0 0 0 0 1.01 0 0 0 0 0 0 0 0 0 0 0 0 0 0 0 0 0 0 0 0 0 0 0 0 0 0 0 0 0 0 0 0 0 0 0 0 0 0 0 0 0 0 0 0 0 0 0 0 0 0 0 0 0 0 0 0 0 0 0 0 0 0 0 0 0 0 0 0 0 0 0 0 0 0 0 0 0 0 0 0 0 0 0 0 0 0 0 0 0 0 0 0 0 0 0 0 0 0 0 0 0 0 0 0 0 0 0 0 0 0 0 0 0 0 0 0 0 0 0 0 0 0 0 0 0 0 0 0 0 0 0 0 0 0 0 0 0 0 0 0 0 0 0 0 0 0 0 0 0 0 0 0 0 0 0 0
0 0 0 0 0 0 0 0 1.01 0 0 0 0 0 0 0 0 0 0 0 0 0 0 0 0 0 0 0 0 0 0 0 0 0 0 0 0 0 0 0 0 0 0 0 0 0 0 0 0 0 0 0 0 0 0 0 0 0 0 0 0 0 0 0 0 0 0 0 0 0 0 0 0 0 0 0 0 0 0 0 0 0 0 0 0 0 0 0 0 0 0 0 0 0 0 0 0 0 0 0 0 0 0 0 0 0 0 0 0 0 0 0 0 0 0 0 0 0 0 0 0 0 0 0 0 0 0 0 0 0 0 0 0 0 0 0 0 0 0 0 0 0 0 0 0 0 0 0 0 0 0 0 0 0 0 0 0 0 0 0 0 0 0 0
0 0 0 0 0 0 0 0 0 1.01 0 0 0 0 0 0 0 0 0 0 0 0 0 0 0 0 0 0 0 0 0 0 0 0 0 0 0 0 0 0 0 0 0 0 0 0 0 0 0 0 0 0 0 0 0 0 0 0 0 0 0 0 0 0 0 0 0 0 0 0 0 0 0 0 0 0 0 0 0 0 0 0 0 0 0 0 0 0 0 0 0 0 0 0 0 0 0 0 0 0 0 0 0 0 0 0 0 0 0 0 0 0 0 0 0 0 0 0 0 0 0 0 0 0 0 0 0 0 0 0 0 0 0 0 0 0 0 0 0 0 0 0 0 0 0 0 0 0 0 0 0 0 0 0 0 0 0 0 0 0 0 0 0 0
0 0 0 0.4584632 0 0 0 0 0 0 1.01 0.4584632 0.9974738 -0.02206032 0.03881913 0 -0.02513989 0 -0.02196635 0 0 -0.05571146 -0.008613831 -0.02895625 0 -0.05991314 -0.521528 0 0.9974738 0 0 -0.02156485 -0.02426888 -0.06016126 0.03866321 0 -0.008613831 0 0 0 0 -0.02230296 -0.0223835 0 0.03733362 0 0.9524577 0 -0.4593553 0 -0.4675922 0 -0.02592631 0 -0.0223835 0 0.03789325 0 0.8665343 0 0 0 -0.4434814 -0.336631 -0.02141311 0 -0.2936438 0.05108453 0 0 0 0 0 0 0 -0.2683585 0 0 0 -0.01533261 0 0.0351208 0 -0.02150397 0 0.8479003 0 0 0 0 0 -0.2728258 0 0 0 0 0 0 -0.2681033 0 0 0 0 0 0.8665343 0 0 -0.01573434 0 0 0 0 0 -0.01336969 -0.06499622 -0.02673549 0 0 0 -0.02230296 0 0 -0.5149346 0 0 0 0 0 0.03707039 -0.5183662 -0.5193869 -0.02484122 0 0 0.8623866 0.03613946 0 0 0 0 0 0 0 -0.06949785 0 0 0 0 0.5318701 -0.3069575 0 0 -0.5053525 -0.02164581 0 0 0.5318701 -0.001073605 -0.03935282 0.02040582 -0.2857177 -0.1978382 -0.2643088 0
0 0 0 1 0 0 0 0 0 0 0.4584632 1.01 0.4599638 0.4391622 -0.6987338 0 -0.0444944 0 -0.0444101 0 0 -0.0529516 -0.03487939 -0.05441731 0 -0.08322473 -0.8818422 0 0.4599638 0 0 -0.06982172 -0.04013366 -0.09937142 -0.69759 0 -0.03487939 0 0 0 0 0.436678 0.4413119 0 -0.6940797 0 0.4855998 0 -0.9987168 0 -0.983917 0 0.4686304 0 0.4413119 0 -0.6760395 0 0.3867653 0 0 0 -0.9595511 -0.7342649 -0.03970784 0 -0.5851364 -0.1859307 0 0 0 0 0 0 0 -0.6060587 0 0 0 -0.03373144 0 -0.5379368 0 -0.0697063 0 0.4023347 0 0 0 0 0 -0.5449858 0 0 0 0 0 0 -0.6055053 0 0 0 0 0 0.3867653 0 0 -0.03770371 0 0 0 0 0 -0.04196904 0.1086115 -0.04805107 0 0 0 -0.0290418 0 0 -0.7374044 0 0 0 0 0 -0.5777744 -0.7407697 -0.7424211 -0.07678663 0 0 0.3852786 -0.5517514 0 0 0 0 0 0 0 -0.04454521 0 0 0 0 0.2244864 -0.7044767 0 0 -0.7364139 -0.0693331 0 0 0.2244864 0.1073655 -0.08980136 0.005236694 -0.3044175 -0.2286067 -0.2766138 0
0 0 0 0.4599638 0 0 0 0 0 0 0.9974738 0.4599638 1.01 -0.02192351 0.03860821 0 -0.02496578 0 -0.0247069 0 0 -0.05535258 -0.008499067 -0.02884046 0 -0.05954861 -0.5231262 0 1 0 0 -0.02131161 -0.02414912 -0.05979191 0.03845253 0 -0.008499067 0 0 0 0 -0.02216585 -0.02224629 0 0.03711809 0 0.9548891 0 -0.4608576 0 -0.4691072 0 -0.02578476 0 -0.02224629 0 0.03768997 0 0.8687856 0 0 0 -0.4449646 -0.3380044 -0.02122189 0 -0.2949939 0.05121611 0 0 0 0 0 0 0 -0.2697018 0 0 0 -0.01520147 0 0.0349348 0 -0.02125079 0 0.8501136 0 0 0 0 0 -0.2741683 0 0 0 0 0 0 -0.2694464 0 0 0 0 0 0.8687856 0 0 -0.01558403 0 0 0 0 0 -0.01319762 -0.06462481 -0.02656001 0 0 0 -0.02216585 0 0 -0.5165254 0 0 0 0 0 0.03687478 -0.5199627 -0.520985 -0.02452872 0 0 0.8646294 0.03595212 0 0 0 0 0 0 0 -0.06907106 0 0 0 0 0.5332888 -0.3079896 0 0 -0.5069278 -0.02139798 0 0 0.5332888 -0.0007386747 -0.04030983 0.01915355 -0.2871001 -0.1985147 -0.2656729 0
0 0 0 0.4391622 0 0 0 0 0 0 -0.02206032 0.4391622 -0.02192351 1.01 0.02397025 0 -0.01428434 0 -0.02680897 0 0 -0.03576199 -0.01278936 -0.02188843 0 -0.004661033 0.03181077 0 -0.02192351 0 0 -0.02792536 -0.007505097 -0.03523096 0.02381156 0 -0.01278936 0 0 0 0 0.9956299 0.9941854 0 0.0242102 0 -0.01921619 0 -0.4400066 0 -0.4463876 0 0.9327423 0 0.9941854 0 0.0230681 0 -0.02476094 0 0 0 -0.4230452 -0.3192689 -0.02859718 0 -0.290649 -0.1165661 0 0 0 0 0 0 0 -0.273324 0 0 0 -0.01414551 0 0.02654243 0 -0.0278742 0 -0.02147533 0 0 0 0 0 -0.2753654 0 0 0 0 0 0 -0.2730798 0 0 0 0 0 -0.02476094 0 0 -0.0195811 0 0 0 0 0 -0.021177 0.3717424 -0.01829404 0 0 0 -0.01169667 0 0 0.03228243 0 0 0 0 0 0.02425341 0.03468713 0.03447476 -0.03901686 0 0 -0.02506329 0.02339624 0 0 0 0 0 0 0 -0.04594085 0 0 0 0 -0.02468713 0.02847957 0 0 0.03890052 -0.02843041 0 0 -0.02468713 0.1242697 -0.03607124 -0.03934954 0.06594399 0.09330151 0.07691947 0
0 0 0 -0.6987338 0 0 0 0 0 0 0.03881913 -0.6987338 0.03860821 0.02397025 1.01 0 0.03059454 0 0.03108959 0 0 0.002261126 0.03221733 0.03505794 0 0.06088443 0.7868974 0 0.03860821 0 0 0.05986306 0.03017204 0.06304257 0.9981972 0 0.03221733 0 0 0 0 0.0243566 0.0244848 0 0.9927999 0 0.0374791 0 0.6956838 0 0.7053452 0 0.02486619 0 0.0244848 0 0.9672074 0 0.0472667 0 0 0 0.6662458 0.5163455 0.01707212 0 0.3661548 0.1964121 0 0 0 0 0 0 0 0.4263582 0 0 0 0.02803951 0 0.7785462 0 0.0597888 0 0.01501778 0 0 0 0 0 0.33854 0 0 0 0 0 0 0.425972 0 0 0 0 0 0.0472667 0 0 0.0226738 0 0 0 0 0 0.0304005 0.03959186 0.03456822 0 0 0 0.01314304 0 0 0.5955187 0 0 0 0 0 0.8336777 0.5987764 0.6000419 0.05600291 0 0 0.04620417 0.79634 0 0 0 0 0 0 0 -0.02823264 0 0 0 0 0.04049831 0.7741464 0 0 0.6101157 0.05906508 0 0 0.04049831 -0.07266917 0.06535559 -0.02767539 0.2454078 0.2266412 0.2290511 0
0 0 0 0 0 0 0 0 0 0 0 0 0 0 0 1.01 0 0 0 0 0 0 0 0 0 0 0 0 0 0 0 0 0 0 0 0 0 0 0 0 0 0 0 0 0 0 0 0 0 0 0 0 0 0 0 0 0 0 0 0 0 0 0 0 0 0 0 0 0 0 0 0 0 0 0 0 0 0 0 0 0 0 0 0 0 0 0 0 0 0 0 0 0 0 0 0 0 0 0 0 0 0 0 0 0 0 0 0 0 0 0 0 0 0 0 0 0 0 0 0 0 0 0 0 0 0 0 0 0 0 0 0 0 0 0 0 0 0 0 0 0 0 0 0 0 0 0 0 0 0 0 0 0 0 0 0 0 0 0 0 0 0 0 0
0 0 0 -0.0444944 0 0 0 0 0 0 -0.02513989 -0.0444944 -0.02496578 -0.01428434 0.03059454 0 1.01 0 -0.0129489 0 0 -0.06805504 -0.0208944 -0.01474592 0 -0.06266904 0.0420674 0 -0.02496578 0 0 -0.03546891 -0.02233716 -0.06423786 0.03039979 0 -0.0208944 0 0 0 0 -0.01459986 -0.01470452 0 0.03089046 0 -0.02388195 0 0.04432644 0 0.04215829 0 -0.01931514 0 -0.01470452 0 0.03188147 0 -0.03072582 0 0 0 0.04796082 -0.05021563 0.09577344 0 0.07538121 0.1027676 0 0 0 0 0 0 0 0.08424038 0 0 0 -0.02447613 0 0.03209101 0 -0.03540614 0 -0.03051181 0 0 0 0 0 0.08230499 0 0 0 0 0 0 0.08436665 0 0 0 0 0 -0.03072582 0 0 -0.02058542 0 0 0 0 0 -0.01273827 -0.06271083 0.9263369 0 0 0 -0.02178483 0 0 0.04571197 0 0 0 0 0 0.03015195 0.04621323 0.04595539 -0.04008909 0 0 -0.03109914 0.03163597 0 0 0 0 0 0 0 -0.05091635 0 0 0 0 -0.0219451 0.03465475 0 0 0.04830403 -0.03373442 0 0 -0.0219451 0.509242 -0.03630395 -0.04272236 0.07168635 0.1050652 0.08852241 0
0 0 0 0 0 0 0 0 0 0 0 0 0 0 0 0 0 1.01 0 0 0 0 0 0 0 0 0 0 0 0 0 0 0 0 0 0 0 0 0 0 0 0 0 0 0 0 0 0 0 0 0 0 0 0 0 0 0 0 0 0 0 0 0 0 0 0 0 0 0 0 0 0 0 0 0 0 0 0 0 0 0 0 0 0 0 0 0 0 0 0 0 0 0 0 0 0 0 0 0 0 0 0 0 0 0 0 0 0 0 0 0 0 0 0 0 0 0 0 0 0 0 0 0 0 0 0 0 0 0 0 0 0 0 0 0 0 0 0 0 0 0 0 0 0 0 0 0 0 0 0 0 0 0 0 0 0 0 0 0 0 0 0 0 0
0 0 0 -0.0444101 0 0 0 0 0 0 -0.02196635 -0.0444101 -0.0247069 -0.02680897 0.03108959 0 -0.0129489 0 1.01 0 0 -0.03843059 -0.01506488 -0.02257204 0 -0.04610532 0.03545597 0 -0.0247069 0 0 -0.0313161 -0.01764643 -0.04350141 0.03095224 0 -0.01506488 0 0 0 0 -0.02698549 -0.02704413 0 0.03130973 0 -0.02417448 0 0.04429722 0 0.04862224 0 -0.01520706 0 -0.02704413 0 0.0286776 0 -0.02636821 0 0 0 0.04561862 0.05681741 -0.01804261 0 0.06247354 -0.06553489 0 0 0 0 0 0 0 0.0693634 0 0 0 -0.004510885 0 0.02482639 0 -0.03127025 0 -0.02025867 0 0 0 0 0 0.06774868 0 0 0 0 0 0 0.06945785 0 0 0 0 0 -0.02636821 0 0 -0.01689423 0 0 0 0 0 -0.0153571 -0.05063136 -0.01207029 0 0 0 -0.01470261 0 0 0.03408741 0 0 0 0 0 0.02835017 0.03510906 0.03491167 -0.03534775 0 0 -0.02664126 0.02577404 0 0 0 0 0 0 0 -0.05157027 0 0 0 0 -0.02236716 0.03121457 0 0 0.03608821 -0.03005657 0 0 -0.02236716 -0.01984505 -0.02949148 0.06070126 0.06221458 -0.01319838 0.04825534 0
0 0 0 0 0 0 0 0 0 0 0 0 0 0 0 0 0 0 0 1.01 0 0 0 0 0 0 0 0 0 0 0 0 0 0 0 0 0 0 0 0 0 0 0 0 0 0 0 0 0 0 0 0 0 0 0 0 0 0 0 0 0 0 0 0 0 0 0 0 0 0 0 0 0 0 0 0 0 0 0 0 0 0 0 0 0 0 0 0 0 0 0 0 0 0 0 0 0 0 0 0 0 0 0 0 0 0 0 0 0 0 0 0 0 0 0 0 0 0 0 0 0 0 0 0 0 0 0 0 0 0 0 0 0 0 0 0 0 0 0 0 0 0 0 0 0 0 0 0 0 0 0 0 0 0 0 0 0 0 0 0 0 0 0 0
0 0 0 0 0 0 0 0 0 0 0 0 0 0 0 0 0 0 0 0 1.01 0 0 0 0 0 0 0 0 0 0 0 0 0 0 0 0 0 0 0 0 0 0 0 0 0 0 0 0 0 0 0 0 0 0 0 0 0 0 0 0 0 0 0 0 0 0 0 0 0 0 0 0 0 0 0 0 0 0 0 0 0 0 0 0 0 0 0 0 0 0 0 0 0 0 0 0 0 0 0 0 0 0 0 0 0 0 0 0 0 0 0 0 0 0 0 0 0 0 0 0 0 0 0 0 0 0 0 0 0 0 0 0 0 0 0 0 0 0 0 0 0 0 0 0 0 0 0 0 0 0 0 0 0 0 0 0 0 0 0 0 0 0 0
0 0 0 -0.0529516 0 0 0 0 0 0 -0.05571146 -0.0529516 -0.05535258 -0.03576199 0.002261126 0 -0.06805504 0 -0.03843059 0 0 1.01 -0.03895822 -0.04839593 0 0.9292938 0.03965088 0 -0.05535258 0 0 -0.07460533 0.3620766 0.9204139 0.001759444 0 -0.03895822 0 0 0 0 -0.03640118 -0.03661325 0 0.002134031 0 -0.05751564 0 0.05253846 0 0.04924593 0 -0.0424564 0 -0.03661325 0 -0.0004477011 0 -0.06515895 0 0 0 0.06037017 0.007261163 0.4162929 0 -0.5909353 -0.272856 0 0 0 0 0 0 0 -0.6722465 0 0 0 -0.03178289 0 -0.08278275 0 -0.07366952 0 -0.06871148 0 0 0 0 0 -0.6846508 0 0 0 0 0 0 -0.6720301 0 0 0 0 0 -0.06515895 0 0 0.02416847 0 0 0 0 0 -0.04404117 0.7832556 -0.06861359 0 0 0 -0.05378024 0 0 -0.002674325 0 0 0 0 0 -0.07191175 -0.007294847 -0.004762336 -0.08672832 0 0 -0.06594031 -0.0772526 0 0 0 0 0 0 0 -0.1337526 0 0 0 0 -0.05556569 -0.01101509 0 0 0.03130431 -0.0717807 0 0 -0.05556569 -0.05852038 0.2476082 -0.1216217 -0.07440248 -0.186748 -0.02582661 0
0 0 0 -0.03487939 0 0 0 0 0 0 -0.008613831 -0.03487939 -0.008499067 -0.01278936 0.03221733 0 -0.0208944 0 -0.01506488 0 0 -0.03895822 1.01 -0.00336762 0 -0.03487346 0.03214851 0 -0.008499067 0 0 -0.01144987 -0.005935456 -0.03747079 0.0321261 0 1 0 0 0 0 -0.01295388 -0.01300848 0 0.03237748 0 -0.01060286 0 0.0347956 0 0.03558564 0 -0.01160485 0 -0.01300848 0 0.03066575 0 0.410757 0 0 0 -0.2004626 -0.1561211 -0.01925023 0 -0.1921779 0.05081301 0 0 0 0 0 0 0 -0.1789689 0 0 0 -0.01284057 0 0.03266308 0 -0.0114089 0 0.4015632 0 0 0 0 0 -0.1810048 0 0 0 0 0 0 -0.178801 0 0 0 0 0 0.410757 0 0 -0.01646104 0 0 0 0 0 -0.02318333 -0.03830803 -0.02182101 0 0 0 -0.01295388 0 0 -0.2363488 0 0 0 0 0 0.0346802 -0.2359879 -0.236509 -0.02753097 0 0 0.4119966 0.03319425 0 0 0 0 0 0 0 -0.02826494 0 0 0 0 0.5311203 0.0348149 0 0 -0.2308647 -0.01563438 0 0 0.5311203 -0.02361772 -0.03355589 -0.0364133 -0.00995412 -0.1326189 -0.1016031 0
0 0 0 -0.05441731 0 0 0 0 0 0 -0.02895625 -0.05441731 -0.02884046 -0.02188843 0.03505794 0 -0.01474592 0 -0.02257204 0 0 -0.04839593 -0.00336762 1.01 0 -0.05213672 0.04914974 0 -0.02884046 0 0 -0.01973434 -0.00263494 -0.05210915 0.03492098 0 -0.00336762 0 0 0 0 -0.02209358 -0.02216169 0 0.03528234 0 -0.03098341 0 0.05431395 0 0.05285224 0 -0.02515616 0 -0.02216169 0 0.03466583 0 -0.02792121 0 0 0 0.05417401 0.07204701 -0.03166788 0 0.07634835 -0.04602742 0 0 0 0 0 0 0 0.07821964 0 0 0 -0.01973838 0 0.02669222 0 -0.01968078 0 -0.02918624 0 0 0 0 0 0.07559854 0 0 0 0 0 0 0.07831412 0 0 0 0 0 -0.02792121 0 0 0.1496827 0 0 0 0 0 -0.005505542 -0.05666206 -0.01634584 0 0 0 -0.01607747 0 0 0.04463369 0 0 0 0 0 0.02820717 0.04409406 0.04390194 -0.02825613 0 0 -0.02819925 0.02765331 0 0 0 0 0 0 0 -0.05236467 0 0 0 0 -0.01732728 0.037102 0 0 0.04496081 -0.01626152 0 0 -0.01732728 -0.03818152 -0.04555493 -0.01462508 -0.05935341 -0.04497215 -0.1883868 0
0 0 0 0 0 0 0 0 0 0 0 0 0 0 0 0 0 0 0 0 0 0 0 0 1.01 0 0 0 0 0 0 0 0 0 0 0 0 0 0 0 0 0 0 0 0 0 0 0 0 0 0 0 0 0 0 0 0 0 0 0 0 0 0 0 0 0 0 0 0 0 0 0 0 0 0 0 0 0 0 0 0 0 0 0 0 0 0 0 0 0 0 0 0 0 0 0 0 0 0 0 0 0 0 0 0 0 0 0 0 0 0 0 0 0 0 0 0 0 0 0 0 0 0 0 0 0 0 0 0 0 0 0 0 0 0 0 0 0 0 0 0 0 0 0 0 0 0 0 0 0 0 0 0 0 0 0 0 0 0 0 0 0 0 0
0 0 0 -0.08322473 0 0 0 0 0 0 -0.05991314 -0.08322473 -0.05954861 -0.004661033 0.06088443 0 -0.06266904 0 -0.04610532 0 0 0.9292938 -0.03487346 -0.05213672 0 1.01 0.08953033 0 -0.05954861 0 0 -0.08015231 0.3499715 0.9779837 0.06045442 0 -0.03487346 0 0 0 0 -0.005451512 -0.005713602 0 0.06075169 0 -0.06192579 0 0.08284119 0 0.08028543 0 -0.01272454 0 -0.005713602 0 0.05960306 0 -0.0679396 0 0 0 0.08923262 0.03457785 0.4055752 0 -0.6221281 -0.2922602 0 0 0 0 0 0 0 -0.6976869 0 0 0 -0.03409149 0 -0.01695797 0 -0.07923325 0 -0.07062357 0 0 0 0 0 -0.7108034 0 0 0 0 0 0 -0.6974395 0 0 0 0 0 -0.0679396 0 0 0.02108871 0 0 0 0 0 -0.04728116 0.8552891 -0.06359988 0 0 0 -0.05633682 0 0 0.04728268 0 0 0 0 0 -0.008651525 0.04228114 0.04478498 -0.09326322 0 0 -0.06874253 -0.01222914 0 0 0 0 0 0 0 -0.1435815 0 0 0 0 -0.05660146 0.04625141 0 0 0.07850561 -0.07804007 0 0 -0.05660146 -0.05628066 0.2394649 -0.1334692 -0.1048083 -0.2055367 0.01476513 0
0 0 0 -0.8818422 0 0 0 0 0 0 -0.521528 -0.8818422 -0.5231262 0.03181077 0.7868974 0 0.0420674 0 0.03545597 0 0 0.03965088 0.03214851 0.04914974 0 0.08953033 1.01 0 -0.5231262 0 0 0.06314588 0.04074382 0.09158958 0.788472 0 0.03214851 0 0 0 0 0.03230037 0.02639337 0 0.7847741 0 -0.5502379 0 0.882116 0 0.8623304 0 -0.03597304 0 0.02639337 0 0.7641097 0 -0.4431682 0 0 0 0.84737 0.6501756 0.02929407 0 0.4986877 0.144987 0 0 0 0 0 0 0 0.5310321 0 0 0 0.03016568 0 0.6122761 0 0.0630441 0 -0.4587797 0 0 0 0 0 0.4620137 0 0 0 0 0 0 0.5305439 0 0 0 0 0 -0.4431682 0 0 0.03175629 0 0 0 0 0 0.03567106 0.07200315 0.04393766 0 0 0 0.02774212 0 0 0.8348234 0 0 0 0 0 0.65228 0.8398069 0.8415303 0.06512259 0 0 -0.4416716 0.6260079 0 0 0 0 0 0 0 0.02508318 0 0 0 0 -0.2625918 0.7957565 0 0 0.8372193 0.06233946 0 0 -0.2625918 -0.05477768 0.07968838 -0.0273839 0.3719863 0.3028817 0.3467863 0
0 0 0 0 0 0 0 0 0 0 0 0 0 0 0 0 0 0 0 0 0 0 0 0 0 0 0 1.01 0 0 0 0 0 0 0 0 0 0 0 0 0 0 0 0 0 0 0 0 0 0 0 0 0 0 0 0 0 0 0 0 0 0 0 0 0 0 0 0 0 0 0 0 0 0 0 0 0 0 0 0 0 0 0 0 0 0 0 0 0 0 0 0 0 0 0 0 0 0 0 0 0 0 0 0 0 0 0 0 0 0 0 0 0 0 0 0 0 0 0 0 0 0 0 0 0 0 0 0 0 0 0 0 0 0 0 0 0 0 0 0 0 0 0 0 0 0 0 0 0 0 0 0 0 0 0 0 0 0 0 0 0 0 0 0
0 0 0 0.4599638 0 0 0 0 0 0 0.9974738 0.4599638 1 -0.02192351 0.03860821 0 -0.02496578 0 -0.0247069 0 0 -0.05535258 -0.008499067 -0.02884046 0 -0.05954861 -0.5231262 0 1.01 0 0 -0.02131161 -0.02414912 -0.05979191 0.03845253 0 -0.008499067 0 0 0 0 -0.02216585 -0.02224629 0 0.03711809 0 0.9548891 0 -0.4608576 0 -0.4691072 0 -0.02578476 0 -0.02224629 0 0.03768997 0 0.8687856 0 0 0 -0.4449646 -0.3380044 -0.02122189 0 -0.2949939 0.05121611 0 0 0 0 0 0 0 -0.2697018 0 0 0 -0.01520147 0 0.0349348 0 -0.02125079 0 0.8501136 0 0 0 0 0 -0.2741683 0 0 0 0 0 0 -0.2694464 0 0 0 0 0 0.8687856 0 0 -0.01558403 0 0 0 0 0 -0.01319762 -0.06462481 -0.02656001 0 0 0 -0.02216585 0 0 -0.5165254 0 0 0 0 0 0.03687478 -0.5199627 -0.520985 -0.02452872 0 0 0.8646294 0.03595212 0 0 0 0 0 0 0 -0.06907106 0 0 0 0 0.5332888 -0.3079896 0 0 -0.5069278 -0.02139798 0 0 0.5332888 -0.0007386747 -0.04030983 0.01915355 -0.2871001 -0.1985147 -0.2656729 0
0 0 0 0 0 0 0 0 0 0 0 0 0 0 0 0 0 0 0 0 0 0 0 0 0 0 0 0 0 1.01 0 0 0 0 0 0 0 0 0 0 0 0 0 0 0 0 0 0 0 0 0 0 0 0 0 0 0 0 0 0 0 0 0 0 0 0 0 0 0 0 0 0 0 0 0 0 0 0 0 0 0 0 0 0 0 0 0 0 0 0 0 0 0 0 0 0 0 0 0 0 0 0 0 0 0 0 0 0 0 0 0 0 0 0 0 0 0 0 0 0 0 0 0 0 0 0 0 0 0 0 0 0 0 0 0 0 0 0 0 0 0 0 0 0 0 0 0 0 0 0 0 0 0 0 0 0 0 0 0 0 0 0 0 0
0 0 0 0 0 0 0 0 0 0 0 0 0 0 0 0 0 0 0 0 0 0 0 0 0 0 0 0 0 0 1.01 0 0 0 0 0 0 0 0 0 0 0 0 0 0 0 0 0 0 0 0 0 0 0 0 0 0 0 0 0 0 0 0 0 0 0 0 0 0 0 0 0 0 0 0 0 0 0 0 0 0 0 0 0 0 0 0 0 0 0 0 0 0 0 0 0 0 0 0 0 0 0 0 0 0 0 0 0 0 0 0 0 0 0 0 0 0 0 0 0 0 0 0 0 0 0 0 0 0 0 0 0 0 0 0 0 0 0 0 0 0 0 0 0 0 0 0 0 0 0 0 0 0 0 0 0 0 0 0 0 0 0 0 0
0 0 0 -0.06982172 0 0 0 0 0 0 -0.02156485 -0.06982172 -0.02131161 -0.02792536 0.05986306 0 -0.03546891 0 -0.0313161 0 0 -0.07460533 -0.01144987 -0.01973434 0 -0.08015231 0.06314588 0 -0.02131161 0 0 1.01 -0.03445053 -0.08298828 0.05963882 0 -0.01144987 0 0 0 0 -0.02829915 -0.02842319 0 0.06023343 0 -0.02427136 0 0.06962017 0 0.07052771 0 -0.0268144 0 -0.02842319 0 0.05721363 0 -0.02463586 0 0 0 0.0708344 0.0893866 -0.02016478 0 0.1000466 0.2115931 0 0 0 0 0 0 0 0.1035503 0 0 0 -0.01958145 0 0.0475712 0 0.9798809 0 -0.0271459 0 0 0 0 0 0.1001375 0 0 0 0 0 0 0.1037176 0 0 0 0 0 -0.02463586 0 0 -0.01700175 0 0 0 0 0 -0.03062199 -0.07184913 -0.03633179 0 0 0 -0.02829915 0 0 0.05841456 0 0 0 0 0 0.05204848 0.05841877 0.05807977 -0.06647848 0 0 -0.0251888 0.04911811 0 0 0 0 0 0 0 -0.03761383 0 0 0 0 -0.01947364 0.05465302 0 0 0.05992655 0.9060881 0 0 -0.01947364 -0.0560432 -0.06045637 -0.1033834 0.09589061 0.1404659 0.1095578 0
0 0 0 -0.04013366 0 0 0 0 0 0 -0.02426888 -0.04013366 -0.02414912 -0.007505097 0.03017204 0 -0.02233716 0 -0.01764643 0 0 0.3620766 -0.005935456 -0.00263494 0 0.3499715 0.04074382 0 -0.02414912 0 0 -0.03445053 1.01 0.3463054 0.03003494 0 -0.005935456 0 0 0 0 -0.007757626 -0.007841379 0 0.02837766 0 -0.02355399 0 0.04001598 0 0.03845473 0 -0.01153269 0 -0.007841379 0 0.03191929 0 -0.02059057 0 0 0 0.03850834 0.03400731 -0.01469479 0 0.05389117 -0.01381648 0 0 0 0 0 0 0 -0.233511 0 0 0 -0.0001323382 0 0.02846404 0 -0.03643715 0 -0.02192795 0 0 0 0 0 -0.2386143 0 0 0 0 0 0 -0.2343067 0 0 0 0 0 -0.02059057 0 0 -0.006555269 0 0 0 0 0 -0.01757534 0.3249185 -0.02367278 0 0 0 -0.007757626 0 0 0.03760422 0 0 0 0 0 0.02747626 0.03705835 0.0368659 -0.01907277 0 0 -0.02088488 0.02935111 0 0 0 0 0 0 0 -0.05426708 0 0 0 0 -0.01543433 0.03021098 0 0 0.03634066 -0.0353171 0 0 -0.01543433 -0.02944769 -0.03236413 -0.04068758 0.04740563 0.08139909 0.05344662 0
0 0 0 -0.09937142 0 0 0 0 0 0 -0.06016126 -0.09937142 -0.05979191 -0.03523096 0.06304257 0 -0.06423786 0 -0.04350141 0 0 0.9204139 -0.03747079 -0.05210915 0 0.9779837 0.09158958 0 -0.05979191 0 0 -0.08298828 0.3463054 1.01 0.0626102 0 -0.03747079 0 0 0 0 -0.03470176 -0.03612964 0 0.06292042 0 -0.06228448 0 0.09900652 0 0.09657741 0 -0.0414689 0 -0.03612964 0 0.06168675 0 -0.06950391 0 0 0 0.1056485 0.03174644 0.4029147 0 -0.6044134 -0.3045458 0 0 0 0 0 0 0 -0.679088 0 0 0 -0.03389921 0 -0.01459698 0 -0.08207368 0 -0.07317789 0 0 0 0 0 -0.6921211 0 0 0 0 0 0 -0.6788421 0 0 0 0 0 -0.06950391 0 0 0.01938255 0 0 0 0 0 -0.0475635 0.8353319 -0.06423891 0 0 0 -0.05637381 0 0 0.05030085 0 0 0 0 0 -0.00622321 0.04531145 0.04779247 -0.09386982 0 0 -0.07031189 -0.009866465 0 0 0 0 0 0 0 -0.1197807 0 0 0 0 -0.05777951 0.04864453 0 0 0.08138693 -0.08006577 0 0 -0.05777951 -0.02935203 0.2360964 -0.1358211 -0.1167216 -0.2010727 0.01555579 0
0 0 0 -0.69759 0 0 0 0 0 0 0.03866321 -0.69759 0.03845253 0.02381156 0.9981972 0 0.03039979 0 0.03095224 0 0 0.001759444 0.0321261 0.03492098 0 0.06045442 0.788472 0 0.03845253 0 0 0.05963882 0.03003494 0.0626102 1.01 0 0.0321261 0 0 0 0 0.0241976 0.02432569 0 0.9945965 0 0.03731145 0 0.6971724 0 0.7068415 0 0.02469464 0 0.02432569 0 0.9689543 0 0.04709338 0 0 0 0.6677088 0.5170337 0.01684841 0 0.3654761 0.1957032 0 0 0 0 0 0 0 0.4259201 0 0 0 0.02790895 0 0.7799867 0 0.05956465 0 0.01479063 0 0 0 0 0 0.3379377 0 0 0 0 0 0 0.4255344 0 0 0 0 0 0.04709338 0 0 0.02251443 0 0 0 0 0 0.03023586 0.0391107 0.03437414 0 0 0 0.014839 0 0 0.5939194 0 0 0 0 0 0.8313656 0.5971652 0.5984276 0.05570375 0 0 0.04602803 0.7978109 0 0 0 0 0 0 0 -0.02818464 0 0 0 0 0.04037095 0.7721757 0 0 0.6086117 0.05884504 0 0 0.04037095 -0.07312669 0.06501209 -0.02837035 0.2446698 0.2264113 0.2283591 0
0 0 0 0 0 0 0 0 0 0 0 0 0 0 0 0 0 0 0 0 0 0 0 0 0 0 0 0 0 0 0 0 0 0 0 1.01 0 0 0 0 0 0 0 0 0 0 0 0 0 0 0 0 0 0 0 0 0 0 0 0 0 0 0 0 0 0 0 0 0 0 0 0 0 0 0 0 0 0 0 0 0 0 0 0 0 0 0 0 0 0 0 0 0 0 0 0 0 0 0 0 0 0 0 0 0 0 0 0 0 0 0 0 0 0 0 0 0 0 0 0 0 0 0 0 0 0 0 0 0 0 0 0 0 0 0 0 0 0 0 0 0 0 0 0 0 0 0 0 0 0 0 0 0 0 0 0 0 0 0 0 0 0 0 0
0 0 0 -0.03487939 0 0 0 0 0 0 -0.008613831 -0.03487939 -0.008499067 -0.01278936 0.03221733 0 -0.0208944 0 -0.01506488 0 0 -0.03895822 1 -0.00336762 0 -0.03487346 0.03214851 0 -0.008499067 0 0 -0.01144987 -0.005935456 -0.03747079 0.0321261 0 1.01 0 0 0 0 -0.01295388 -0.01300848 0 0.03237748 0 -0.01060286 0 0.0347956 0 0.03558564 0 -0.01160485 0 -0.01300848 0 0.03066575 0 0.410757 0 0 0 -0.2004626 -0.1561211 -0.01925023 0 -0.1921779 0.05081301 0 0 0 0 0 0 0 -0.1789689 0 0 0 -0.01284057 0 0.03266308 0 -0.0114089 0 0.4015632 0 0 0 0 0 -0.1810048 0 0 0 0 0 0 -0.178801 0 0 0 0 0 0.410757 0 0 -0.01646104 0 0 0 0 0 -0.02318333 -0.03830803 -0.02182101 0 0 0 -0.01295388 0 0 -0.2363488 0 0 0 0 0 0.0346802 -0.2359879 -0.236509 -0.02753097 0 0 0.4119966 0.03319425 0 0 0 0 0 0 0 -0.02826494 0 0 0 0 0.5311203 0.0348149 0 0 -0.2308647 -0.01563438 0 0 0.5311203 -0.02361772 -0.03355589 -0.0364133 -0.00995412 -0.1326189 -0.1016031 0
0 0 0 0 0 0 0 0 0 0 0 0 0 0 0 0 0 0 0 0 0 0 0 0 0 0 0 0 0 0 0 0 0 0 0 0 0 1.01 0 0 0 0 0 0 0 0 0 0 0 0 0 0 0 0 0 0 0 0 0 0 0 0 0 0 0 0 0 0 0 0 0 0 0 0 0 0 0 0 0 0 0 0 0 0 0 0 0 0 0 0 0 0 0 0 0 0 0 0 0 0 0 0 0 0 0 0 0 0 0 0 0 0 0 0 0 0 0 0 0 0 0 0 0 0 0 0 0 0 0 0 0 0 0 0 0 0 0 0 0 0 0 0 0 0 0 0 0 0 0 0 0 0 0 0 0 0 0 0 0 0 0 0 0 0
0 0 0 0 0 0 0 0 0 0 0 0 0 0 0 0 0 0 0 0 0 0 0 0 0 0 0 0 0 0 0 0 0 0 0 0 0 0 1.01 0 0 0 0 0 0 0 0 0 0 0 0 0 0 0 0 0 0 0 0 0 0 0 0 0 0 0 0 0 0 0 0 0 0 0 0 0 0 0 0 0 0 0 0 0 0 0 0 0 0 0 0 0 0 0 0 0 0 0 0 0 0 0 0 0 0 0 0 0 0 0 0 0 0 0 0 0 0 0 0 0 0 0 0 0 0 0 0 0 0 0 0 0 0 0 0 0 0 0 0 0 0 0 0 0 0 0 0 0 0 0 0 0 0 0 0 0 0 0 0 0 0 0 0 0
0 0 0 0 0 0 0 0 0 0 0 0 0 0 0 0 0 0 0 0 0 0 0 0 0 0 0 0 0 0 0 0 0 0 0 0 0 0 0 1.01 0 0 0 0 0 0 0 0 0 0 0 0 0 0 0 0 0 0 0 0 0 0 0 0 0 0 0 0 0 0 0 0 0 0 0 0 0 0 0 0 0 0 0 0 0 0 0 0 0 0 0 0 0 0 0 0 0 0 0 0 0 0 0 0 0 0 0 0 0 0 0 0 0 0 0 0 0 0 0 0 0 0 0 0 0 0 0 0 0 0 0 0 0 0 0 0 0 0 0 0 0 0 0 0 0 0 0 0 0 0 0 0 0 0 0 0 0 0 0 0 0 0 0 0
0 0 0 0 0 0 0 0 0 0 0 0 0 0 0 0 0 0 0 0 0 0 0 0 0 0 0 0 0 0 0 0 0 0 0 0 0 0 0 0 1.01 0 0 0 0 0 0 0 0 0 0 0 0 0 0 0 0 0 0 0 0 0 0 0 0 0 0 0 0 0 0 0 0 0 0 0 0 0 0 0 0 0 0 0 0 0 0 0 0 0 0 0 0 0 0 0 0 0 0 0 0 0 0 0 0 0 0 0 0 0 0 0 0 0 0 0 0 0 0 0 0 0 0 0 0 0 0 0 0 0 0 0 0 0 0 0 0 0 0 0 0 0 0 0 0 0 0 0 0 0 0 0 0 0 0 0 0 0 0 0 0 0 0 0
0 0 0 0.436678 0 0 0 0 0 0 -0.02230296 0.436678 -0.02216585 0.9956299 0.0243566 0 -0.01459986 0 -0.02698549 0 0 -0.03640118 -0.01295388 -0.02209358 0 -0.005451512 0.03230037 0 -0.02216585 0 0 -0.02829915 -0.007757626 -0.03470176 0.0241976 0 -0.01295388 0 0 0 0 1.01 0.9898371 0 0.02459744 0 -0.01948551 0 -0.4375196 0 -0.4438849 0 0.9286237 0 0.9898371 0 0.02344241 0 -0.02503924 0 0 0 -0.4205985 -0.3181 -0.02886805 0 -0.2883949 -0.1176494 0 0 0 0 0 0 0 -0.2710569 0 0 0 -0.01435591 0 0.02686448 0 -0.02824789 0 -0.02177575 0 0 0 0 0 -0.2731079 0 0 0 0 0 0 -0.270813 0 0 0 0 0 -0.02503924 0 0 -0.0198017 0 0 0 0 0 -0.02141723 0.3693908 -0.01860142 0 0 0 -0.01195267 0 0 0.03278279 0 0 0 0 0 0.02460749 0.03517408 0.0349612 -0.03945297 0 0 -0.02534228 0.02373703 0 0 0 0 0 0 0 -0.04561384 0 0 0 0 -0.0248786 0.028875 0 0 0.03938498 -0.02879376 0 0 -0.0248786 0.124914 -0.03660994 -0.03917044 0.06587252 0.09450079 0.07781043 0
0 0 0 0.4413119 0 0 0 0 0 0 -0.0223835 0.4413119 -0.02224629 0.9941854 0.0244848 0 -0.01470452 0 -0.02704413 0 0 -0.03661325 -0.01300848 -0.02216169 0 -0.005713602 0.02639337 0 -0.02224629 0 0 -0.02842319 -0.007841379 -0.03612964 0.02432569 0 -0.01300848 0 0 0 0 0.9898371 1.01 0 0.02472593 0 -0.01957488 0 -0.4421607 0 -0.4485899 0 0.9381655 0 1 0 0.0235666 0 -0.02513162 0 0 0 -0.4250816 -0.3205858 -0.02895797 0 -0.291612 -0.1174974 0 0 0 0 0 0 0 -0.2740694 0 0 0 -0.01442573 0 0.02697137 0 -0.02837189 0 -0.02187544 0 0 0 0 0 -0.2761676 0 0 0 0 0 0 -0.2738241 0 0 0 0 0 -0.02513162 0 0 -0.01987492 0 0 0 0 0 -0.02149696 0.3733093 -0.0187034 0 0 0 -0.0120376 0 0 0.02695801 0 0 0 0 0 0.02472498 0.02931496 0.0290934 -0.03959772 0 0 -0.02543488 0.02385011 0 0 0 0 0 0 0 -0.04586694 0 0 0 0 -0.02494219 0.02900622 0 0 0.03954576 -0.02891435 0 0 -0.02494219 0.1228754 -0.03678869 -0.04048864 0.06521223 0.09243983 0.07623482 0
0 0 0 0 0 0 0 0 0 0 0 0 0 0 0 0 0 0 0 0 0 0 0 0 0 0 0 0 0 0 0 0 0 0 0 0 0 0 0 0 0 0 0 1.01 0 0 0 0 0 0 0 0 0 0 0 0 0 0 0 0 0 0 0 0 0 0 0 0 0 0 0 0 0 0 0 0 0 0 0 0 0 0 0 0 0 0 0 0 0 0 0 0 0 0 0 0 0 0 0 0 0 0 0 0 0 0 0 0 0 0 0 0 0 0 0 0 0 0 0 0 0 0 0 0 0 0 0 0 0 0 0 0 0 0 0 0 0 0 0 0 0 0 0 0 0 0 0 0 0 0 0 0 0 0 0 0 0 0 0 0 0 0 0 0
0 0 0 -0.6940797 0 0 0 0 0 0 0.03733362 -0.6940797 0.03711809 0.0242102 0.9927999 0 0.03089046 0 0.03130973 0 0 0.002134031 0.03237748 0.03528234 0 0.06075169 0.7847741 0 0.03711809 0 0 0.06023343 0.02837766 0.06292042 0.9945965 0 0.03237748 0 0 0 0 0.02459744 0.02472593 0 1.01 0 0.03607564 0 0.694541 0 0.7042036 0 0.02512434 0 0.02472593 0 0.9648088 0 0.04603475 0 0 0 0.6651016 0.5151281 0.01739028 0 0.3630383 0.191834 0 0 0 0 0 0 0 0.4238245 0 0 0 0.02824694 0 0.7762233 0 0.06015895 0 0.01384773 0 0 0 0 0 0.3360764 0 0 0 0 0 0 0.4234385 0 0 0 0 0 0.04603475 0 0 0.0229131 0 0 0 0 0 0.03065611 0.03952456 0.03486801 0 0 0 0.01526014 0 0 0.5916211 0 0 0 0 0 0.8275149 0.594865 0.5961266 0.0564683 0 0 0.04498118 0.7940162 0 0 0 0 0 0 0 -0.02740107 0 0 0 0 0.03879384 0.7685025 0 0 0.6062635 0.05942889 0 0 0.03879384 -0.072148 0.06677994 -0.02744853 0.242999 0.2240573 0.2266371 0
0 0 0 0 0 0 0 0 0 0 0 0 0 0 0 0 0 0 0 0 0 0 0 0 0 0 0 0 0 0 0 0 0 0 0 0 0 0 0 0 0 0 0 0 0 1.01 0 0 0 0 0 0 0 0 0 0 0 0 0 0 0 0 0 0 0 0 0 0 0 0 0 0 0 0 0 0 0 0 0 0 0 0 0 0 0 0 0 0 0 0 0 0 0 0 0 0 0 0 0 0 0 0 0 0 0 0 0 0 0 0 0 0 0 0 0 0 0 0 0 0 0 0 0 0 0 0 0 0 0 0 0 0 0 0 0 0 0 0 0 0 0 0 0 0 0 0 0 0 0 0 0 0 0 0 0 0 0 0 0 0 0 0 0 0
0 0 0 0.4855998 0 0 0 0 0 0 0.9524577 0.4855998 0.9548891 -0.01921619 0.0374791 0 -0.02388195 0 -0.02417448 0 0 -0.05751564 -0.01060286 -0.03098341 0 -0.06192579 -0.5502379 0 0.9548891 0 0 -0.02427136 -0.02355399 -0.06228448 0.03731145 0 -0.01060286 0 0 0 0 -0.01948551 -0.01957488 0 0.03607564 0 1.01 0 -0.4865419 0 -0.4952329 0 -0.02350863 0 -0.01957488 0 0.03625953 0 0.8285621 0 0 0 -0.4693312 -0.3557462 -0.02473449 0 -0.3106062 0.03717188 0 0 0 0 0 0 0 -0.2850817 0 0 0 -0.01461658 0 0.03461966 0 -0.02420858 0 0.8105631 0 0 0 0 0 -0.2891771 0 0 0 0 0 0 -0.2848131 0 0 0 0 0 0.8285621 0 0 -0.01834393 0 0 0 0 0 -0.01635233 -0.06515605 -0.02351991 0 0 0 -0.02469136 0 0 -0.5417012 0 0 0 0 0 0.03691419 -0.5453056 -0.5463775 -0.02747466 0 0 0.8245561 0.03571302 0 0 0 0 0 0 0 -0.07304636 0 0 0 0 0.5079267 -0.2926616 0 0 -0.5324563 -0.02423252 0 0 0.5079267 -0.0007965694 -0.04269829 0.01333019 -0.2681447 -0.1819557 -0.2494238 0
0 0 0 0 0 0 0 0 0 0 0 0 0 0 0 0 0 0 0 0 0 0 0 0 0 0 0 0 0 0 0 0 0 0 0 0 0 0 0 0 0 0 0 0 0 0 0 1.01 0 0 0 0 0 0 0 0 0 0 0 0 0 0 0 0 0 0 0 0 0 0 0 0 0 0 0 0 0 0 0 0 0 0 0 0 0 0 0 0 0 0 0 0 0 0 0 0 0 0 0 0 0 0 0 0 0 0 0 0 0 0 0 0 0 0 0 0 0 0 0 0 0 0 0 0 0 0 0 0 0 0 0 0 0 0 0 0 0 0 0 0 0 0 0 0 0 0 0 0 0 0 0 0 0 0 0 0 0 0 0 0 0 0 0 0
0 0 0 -0.9987168 0 0 0 0 0 0 -0.4593553 -0.9987168 -0.4608576 -0.4400066 0.6956838 0 0.04432644 0 0.04429722 0 0 0.05253846 0.0347956 0.05431395 0 0.08284119 0.882116 0 -0.4608576 0 0 0.06962017 0.04001598 0.09900652 0.6971724 0 0.0347956 0 0 0 0 -0.4375196 -0.4421607 0 0.694541 0 -0.4865419 0 1.01 0 0.9851635 0 -0.4695326 0 -0.4421607 0 0.6764339 0 -0.3875797 0 0 0 0.9608139 0.7349403 0.03952422 0 0.5848145 0.1851107 0 0 0 0 0 0 0 0.6059146 0 0 0 0.0336137 0 0.5380244 0 0.06950478 0 -0.4031779 0 0 0 0 0 0.5447187 0 0 0 0 0 0 0.6053615 0 0 0 0 0 -0.3875797 0 0 0.03757163 0 0 0 0 0 0.04182694 -0.1093 0.04788328 0 0 0 0.03026249 0 0 0.7360785 0 0 0 0 0 0.5751691 0.7394325 0.7410814 0.07652808 0 0 -0.3860921 0.5518766 0 0 0 0 0 0 0 0.04503988 0 0 0 0 -0.2250042 0.7024798 0 0 0.7351582 0.06913608 0 0 -0.2250042 -0.1078655 0.09015632 -0.005881333 0.3037949 0.2283936 0.2760185 0
0 0 0 0 0 0 0 0 0 0 0 0 0 0 0 0 0 0 0 0 0 0 0 0 0 0 0 0 0 0 0 0 0 0 0 0 0 0 0 0 0 0 0 0 0 0 0 0 0 1.01 0 0 0 0 0 0 0 0 0 0 0 0 0 0 0 0 0 0 0 0 0 0 0 0 0 0 0 0 0 0 0 0 0 0 0 0 0 0 0 0 0 0 0 0 0 0 0 0 0 0 0 0 0 0 0 0 0 0 0 0 0 0 0 0 0 0 0 0 0 0 0 0 0 0 0 0 0 0 0 0 0 0 0 0 0 0 0 0 0 0 0 0 0 0 0 0 0 0 0 0 0 0 0 0 0 0 0 0 0 0 0 0 0 0
0 0 0 -0.983917 0 0 0 0 0 0 -0.4675922 -0.983917 -0.4691072 -0.4463876 0.7053452 0 0.04215829 0 0.04862224 0 0 0.04924593 0.03558564 0.05285224 0 0.08028543 0.8623304 0 -0.4691072 0 0 0.07052771 0.03845473 0.09657741 0.7068415 0 0.03558564 0 0 0 0 -0.4438849 -0.4485899 0 0.7042036 0 -0.4952329 0 0.9851635 0 1.01 0 -0.4167343 0 -0.4485899 0 0.6856513 0 -0.3941226 0 0 0 0.946081 0.7244519 0.03938003 0 0.5745199 0.1807133 0 0 0 0 0 0 0 0.5973365 0 0 0 0.03526853 0 0.544979 0 0.070415 0 -0.4100035 0 0 0 0 0 0.5354011 0 0 0 0 0 0 0.5967914 0 0 0 0 0 -0.3941226 0 0 0.03585389 0 0 0 0 0 0.04127751 -0.1145733 0.04681269 0 0 0 0.02981305 0 0 0.7142838 0 0 0 0 0 0.5829009 0.7174754 0.7190844 0.07463302 0 0 -0.3926349 0.5590904 0 0 0 0 0 0 0 0.04025658 0 0 0 0 -0.2285556 0.7125398 0 0 0.7142511 0.07015524 0 0 -0.2285556 -0.1123828 0.08892709 -0.008937313 0.2923672 0.2201382 0.2650954 0
0 0 0 0 0 0 0 0 0 0 0 0 0 0 0 0 0 0 0 0 0 0 0 0 0 0 0 0 0 0 0 0 0 0 0 0 0 0 0 0 0 0 0 0 0 0 0 0 0 0 0 1.01 0 0 0 0 0 0 0 0 0 0 0 0 0 0 0 0 0 0 0 0 0 0 0 0 0 0 0 0 0 0 0 0 0 0 0 0 0 0 0 0 0 0 0 0 0 0 0 0 0 0 0 0 0 0 0 0 0 0 0 0 0 0 0 0 0 0 0 0 0 0 0 0 0 0 0 0 0 0 0 0 0 0 0 0 0 0 0 0 0 0 0 0 0 0 0 0 0 0 0 0 0 0 0 0 0 0 0 0 0 0 0 0
0 0 0 0.4686304 0 0 0 0 0 0 -0.02592631 0.4686304 -0.02578476 0.9327423 0.02486619 0 -0.01931514 0 -0.01520706 0 0 -0.0424564 -0.01160485 -0.02515616 0 -0.01272454 -0.03597304 0 -0.02578476 0 0 -0.0268144 -0.01153269 -0.0414689 0.02469464 0 -0.01160485 0 0 0 0 0.9286237 0.9381655 0 0.02512434 0 -0.02350863 0 -0.4695326 0 -0.4167343 0 1.01 0 0.9381655 0 0.02360311 0 -0.0269744 0 0 0 -0.4522901 -0.3400101 -0.02860821 0 -0.3086155 -0.1237224 0 0 0 0 0 0 0 -0.2892441 0 0 0 -0.01121938 0 0.02578182 0 -0.02675792 0 -0.02408512 0 0 0 0 0 -0.291154 0 0 0 0 0 0 -0.2889838 0 0 0 0 0 -0.0269744 0 0 -0.023096 0 0 0 0 0 -0.02243247 0.342947 -0.02100206 0 0 0 -0.01304913 0 0 -0.03575796 0 0 0 0 0 0.02428323 -0.03394733 -0.03427586 -0.04304612 0 0 -0.02729709 0.0230153 0 0 0 0 0 0 0 -0.05395519 0 0 0 0 -0.02492577 0.02974076 0 0 -0.02215111 -0.0270414 0 0 -0.02492577 0.1091087 -0.03946177 -0.04327807 0.03156346 0.06541897 0.04362624 0
0 0 0 0 0 0 0 0 0 0 0 0 0 0 0 0 0 0 0 0 0 0 0 0 0 0 0 0 0 0 0 0 0 0 0 0 0 0 0 0 0 0 0 0 0 0 0 0 0 0 0 0 0 1.01 0 0 0 0 0 0 0 0 0 0 0 0 0 0 0 0 0 0 0 0 0 0 0 0 0 0 0 0 0 0 0 0 0 0 0 0 0 0 0 0 0 0 0 0 0 0 0 0 0 0 0 0 0 0 0 0 0 0 0 0 0 0 0 0 0 0 0 0 0 0 0 0 0 0 0 0 0 0 0 0 0 0 0 0 0 0 0 0 0 0 0 0 0 0 0 0 0 0 0 0 0 0 0 0 0 0 0 0 0 0
0 0 0 0.4413119 0 0 0 0 0 0 -0.0223835 0.4413119 -0.02224629 0.9941854 0.0244848 0 -0.01470452 0 -0.02704413 0 0 -0.03661325 -0.01300848 -0.02216169 0 -0.005713602 0.02639337 0 -0.02224629 0 0 -0.02842319 -0.007841379 -0.03612964 0.02432569 0 -0.01300848 0 0 0 0 0.9898371 1 0 0.02472593 0 -0.01957488 0 -0.4421607 0 -0.4485899 0 0.9381655 0 1.01 0 0.0235666 0 -0.02513162 0 0 0 -0.4250816 -0.3205858 -0.02895797 0 -0.291612 -0.1174974 0 0 0 0 0 0 0 -0.2740694 0 0 0 -0.01442573 0 0.02697137 0 -0.02837189 0 -0.02187544 0 0 0 0 0 -0.2761676 0 0 0 0 0 0 -0.2738241 0 0 0 0 0 -0.02513162 0 0 -0.01987492 0 0 0 0 0 -0.02149696 0.3733093 -0.0187034 0 0 0 -0.0120376 0 0 0.02695801 0 0 0 0 0 0.02472498 0.02931496 0.0290934 -0.03959772 0 0 -0.02543488 0.02385011 0 0 0 0 0 0 0 -0.04586694 0 0 0 0 -0.02494219 0.02900622 0 0 0.03954576 -0.02891435 0 0 -0.02494219 0.1228754 -0.03678869 -0.04048864 0.06521223 0.09243983 0.07623482 0
0 0 0 0 0 0 0 0 0 0 0 0 0 0 0 0 0 0 0 0 0 0 0 0 0 0 0 0 0 0 0 0 0 0 0 0 0 0 0 0 0 0 0 0 0 0 0 0 0 0 0 0 0 0 0 1.01 0 0 0 0 0 0 0 0 0 0 0 0 0 0 0 0 0 0 0 0 0 0 0 0 0 0 0 0 0 0 0 0 0 0 0 0 0 0 0 0 0 0 0 0 0 0 0 0 0 0 0 0 0 0 0 0 0 0 0 0 0 0 0 0 0 0 0 0 0 0 0 0 0 0 0 0 0 0 0 0 0 0 0 0 0 0 0 0 0 0 0 0 0 0 0 0 0 0 0 0 0 0 0 0 0 0 0 0
0 0 0 -0.6760395 0 0 0 0 0 0 0.03789325 -0.6760395 0.03768997 0.0230681 0.9672074 0 0.03188147 0 0.0286776 0 0 -0.0004477011 0.03066575 0.03466583 0 0.05960306 0.7641097 0 0.03768997 0 0 0.05721363 0.03191929 0.06168675 0.9689543 0 0.03066575 0 0 0 0 0.02344241 0.0235666 0 0.9648088 0 0.03625953 0 0.6764339 0 0.6856513 0 0.02360311 0 0.0235666 0 1.01 0 0.04582755 0 0 0 0.6479572 0.5013218 0.01603822 0 0.3485845 0.1887076 0 0 0 0 0 0 0 0.4119693 0 0 0 0.02574016 0 0.8045031 0 0.05589204 0 0.01240907 0 0 0 0 0 0.320629 0 0 0 0 0 0 0.4115958 0 0 0 0 0 0.04582755 0 0 0.02579748 0 0 0 0 0 0.02929704 0.03785832 0.03576594 0 0 0 0.01379787 0 0 0.5654691 0 0 0 0 0 0.7917861 0.568505 0.5697141 0.0517296 0 0 0.04470134 0.8229953 0 0 0 0 0 0 0 -0.0353855 0 0 0 0 0.04029871 0.7385972 0 0 0.5809939 0.05524142 0 0 0.04029871 -0.07698464 0.06569484 -0.03519824 0.2296172 0.2124776 0.2103791 0
0 0 0 0 0 0 0 0 0 0 0 0 0 0 0 0 0 0 0 0 0 0 0 0 0 0 0 0 0 0 0 0 0 0 0 0 0 0 0 0 0 0 0 0 0 0 0 0 0 0 0 0 0 0 0 0 0 1.01 0 0 0 0 0 0 0 0 0 0 0 0 0 0 0 0 0 0 0 0 0 0 0 0 0 0 0 0 0 0 0 0 0 0 0 0 0 0 0 0 0 0 0 0 0 0 0 0 0 0 0 0 0 0 0 0 0 0 0 0 0 0 0 0 0 0 0 0 0 0 0 0 0 0 0 0 0 0 0 0 0 0 0 0 0 0 0 0 0 0 0 0 0 0 0 0 0 0 0 0 0 0 0 0 0 0
0 0 0 0.3867653 0 0 0 0 0 0 0.8665343 0.3867653 0.8687856 -0.02476094 0.0472667 0 -0.03072582 0 -0.02636821 0 0 -0.06515895 0.410757 -0.02792121 0 -0.0679396 -0.4431682 0 0.8687856 0 0 -0.02463586 -0.02059057 -0.06950391 0.04709338 0 0.410757 0 0 0 0 -0.02503924 -0.02513162 0 0.04603475 0 0.8285621 0 -0.3875797 0 -0.3941226 0 -0.0269744 0 -0.02513162 0 0.04582755 0 1.01 0 0 0 -0.5114899 -0.3890816 -0.02809818 0 -0.3355636 0.08831328 0 0 0 0 0 0 0 -0.3086523 0 0 0 -0.01703164 0 0.04354998 0 -0.02456646 0 0.9785238 0 0 0 0 0 -0.3137129 0 0 0 0 0 0 -0.3083603 0 0 0 0 0 1 0 0 -0.02147579 0 0 0 0 0 -0.02051174 -0.07374721 -0.03249386 0 0 0 -0.0226733 0 0 -0.5930547 0 0 0 0 0 0.04610317 -0.5969971 -0.5981695 -0.03300451 0 0 0.9952196 0.04466416 0 0 0 0 0 0 0 -0.07331657 0 0 0 0 0.7786031 -0.2522187 0 0 -0.5829206 -0.0242534 0 0 0.7786031 -0.009678536 -0.04859968 0.001073285 -0.2633689 -0.2281174 -0.2609283 0
0 0 0 0 0 0 0 0 0 0 0 0 0 0 0 0 0 0 0 0 0 0 0 0 0 0 0 0 0 0 0 0 0 0 0 0 0 0 0 0 0 0 0 0 0 0 0 0 0 0 0 0 0 0 0 0 0 0 0 1.01 0 0 0 0 0 0 0 0 0 0 0 0 0 0 0 0 0 0 0 0 0 0 0 0 0 0 0 0 0 0 0 0 0 0 0 0 0 0 0 0 0 0 0 0 0 0 0 0 0 0 0 0 0 0 0 0 0 0 0 0 0 0 0 0 0 0 0 0 0 0 0 0 0 0 0 0 0 0 0 0 0 0 0 0 0 0 0 0 0 0 0 0 0 0 0 0 0 0 0 0 0 0 0 0
0 0 0 0 0 0 0 0 0 0 0 0 0 0 0 0 0 0 0 0 0 0 0 0 0 0 0 0 0 0 0 0 0 0 0 0 0 0 0 0 0 0 0 0 0 0 0 0 0 0 0 0 0 0 0 0 0 0 0 0 1.01 0 0 0 0 0 0 0 0 0 0 0 0 0 0 0 0 0 0 0 0 0 0 0 0 0 0 0 0 0 0 0 0 0 0 0 0 0 0 0 0 0 0 0 0 0 0 0 0 0 0 0 0 0 0 0 0 0 0 0 0 0 0 0 0 0 0 0 0 0 0 0 0 0 0 0 0 0 0 0 0 0 0 0 0 0 0 0 0 0 0 0 0 0 0 0 0 0 0 0 0 0 0 0
0 0 0 0 0 0 0 0 0 0 0 0 0 0 0 0 0 0 0 0 0 0 0 0 0 0 0 0 0 0 0 0 0 0 0 0 0 0 0 0 0 0 0 0 0 0 0 0 0 0 0 0 0 0 0 0 0 0 0 0 0 1.01 0 0 0 0 0 0 0 0 0 0 0 0 0 0 0 0 0 0 0 0 0 0 0 0 0 0 0 0 0 0 0 0 0 0 0 0 0 0 0 0 0 0 0 0 0 0 0 0 0 0 0 0 0 0 0 0 0 0 0 0 0 0 0 0 0 0 0 0 0 0 0 0 0 0 0 0 0 0 0 0 0 0 0 0 0 0 0 0 0 0 0 0 0 0 0 0 0 0 0 0 0 0
0 0 0 -0.9595511 0 0 0 0 0 0 -0.4434814 -0.9595511 -0.4449646 -0.4230452 0.6662458 0 0.04796082 0 0.04561862 0 0 0.06037017 -0.2004626 0.05417401 0 0.08923262 0.84737 0 -0.4449646 0 0 0.0708344 0.03850834 0.1056485 0.6677088 0 -0.2004626 0 0 0 0 -0.4205985 -0.4250816 0 0.6651016 0 -0.4693312 0 0.9608139 0 0.946081 0 -0.4522901 0 -0.4250816 0 0.6479572 0 -0.5114899 0 0 0 1.01 0.7648516 0.04366455 0 0.6104497 0.1548445 0 0 0 0 0 0 0 0.6281598 0 0 0 0.03467986 0 0.5138175 0 0.07071345 0 -0.5236837 0 0 0 0 0 0.5695366 0 0 0 0 0 0 0.6275851 0 0 0 0 0 -0.5114899 0 0 0.04081573 0 0 0 0 0 0.04556226 -0.09611005 0.05161833 0 0 0 0.03119466 0 0 0.7930665 0 0 0 0 0 0.5493147 0.7968457 0.7986007 0.08064232 0 0 -0.5093999 0.527108 0 0 0 0 0 0 0 0.0509808 0 0 0 0 -0.3937389 0.6714126 0 0 0.7911832 0.07010917 0 0 -0.3937389 -0.09942473 0.09487598 0.003048135 0.301663 0.2521107 0.2838462 0
0 0 0 -0.7342649 0 0 0 0 0 0 -0.336631 -0.7342649 -0.3380044 -0.3192689 0.5163455 0 -0.05021563 0 0.05681741 0 0 0.007261163 -0.1561211 0.07204701 0 0.03457785 0.6501756 0 -0.3380044 0 0 0.0893866 0.03400731 0.03174644 0.5170337 0 -0.1561211 0 0 0 0 -0.3181 -0.3205858 0 0.5151281 0 -0.3557462 0 0.7349403 0 0.7244519 0 -0.3400101 0 -0.3205858 0 0.5013218 0 -0.3890816 0 0 0 0.7648516 1.01 -0.1028129 0 0.498257 0.1687422 0 0 0 0 0 0 0 0.5077602 0 0 0 0.05121624 0 0.3897011 0 0.08922691 0 -0.3982004 0 0 0 0 0 0.462181 0 0 0 0 0 0 0.5071395 0 0 0 0 0 -0.3890816 0 0 -0.2088429 0 0 0 0 0 0.01869986 -0.1099615 -0.04434419 0 0 0 0.04856549 0 0 0.6147812 0 0 0 0 0 0.4214506 0.6068929 0.608572 0.09736863 0 0 -0.3870136 0.4031245 0 0 0 0 0 0 0 0.02300883 0 0 0 0 -0.2994554 0.5164373 0 0 0.6034023 0.0438414 0 0 -0.2994554 -0.1128516 0.04828038 0.04348574 0.2421724 0.168023 0.1866691 0
