1.01 -0.04465713 0 0.6594284 0.6556388 0.7245241 0 0 0.1777185 -0.02659856 0 0 0 0 -0.02993356 0 -0.05388416 0 0 0.7171666 -0.04303744 -0.05742836 -0.07300781 -0.05640926 0.6552891 0.6594284 0.6594284 -0.06474353 -0.07305896 -0.06140265 0.09761974 -0.07300781 0.02709524 -0.01265484 -0.07308151 0.7026065 -0.06843397 -0.1279026 0.6957523 -0.128067 0 0.1077645 0 -0.03108352 0.5255444 0 -0.07301872 0.173203 0.6587931 -0.03865613 0 0 -0.0681733 0 0.7245241 0.7101772 0 -0.02754705 -0.05085099 -0.04627871 0.173203 0.6713277 -0.03382311 -0.0731315 -0.03865613 0.1060833 0 -0.02647064 -0.05729318 -0.06412685 -0.07331742 0.1983964 0.7245241 -0.04218722 -0.07300781 0.6304973 0 -0.05738697 0.1001627 0.6137412 0 -0.128067 0.6594284 0.1756961 -0.07156505 0.6594284 0.1731122 0.6594284 -0.04609959 0.7245241 -0.1277327 0 0.6409888 -0.03744501 -0.04609959 0.6594284 0 0.6594284 0.6594284 0.1067608 0 -0.05768803 -0.04609959 0.183169 -0.05818759 0.7245241 0.7245241 0.602185 -0.02309048 -0.04219462 -0.0581635 0.6594284 0 -0.0681733 0.1772991 0.7245241 0.1061531 0 -0.02982342 -0.04820482 0 -0.06837592 -0.05387967 -0.04246789 -0.05417521 0.1983964 -0.07288406 0.7245241 -0.1528603 0.1856615 -0.05768168 0.7245241 0.1870848 -0.08550044 -0.03821778 -0.1050354 -0.0868177 -0.05706206 -0.04246789 -0.03543324 0 0.7245241 0 -0.03561057 -0.04159001 0.0001866111 -0.03801004 0.1741595 -0.06140265 -0.05706206 -0.02918508 0 -0.01265484 0 0.6594284 0 -0.03561057 0.1056538 -0.07331207
-0.04465713 1.01 0 -0.04037387 -0.04080699 -0.03674573 0 0 -0.03076579 -0.01899153 0 0 0 0 -0.03379174 0 -0.05015723 0 0 -0.03611332 -0.02744087 0.1574209 -0.06315345 -0.05232566 -0.04080863 -0.04037387 -0.04037387 -0.03241249 0.1546349 -0.03049863 0.0823979 -0.06315345 0.01886365 -0.020372 -0.04264667 -0.03691619 -0.05098933 -0.06824629 -0.03965714 -0.06791758 0 0.09109353 0 0.8801408 -0.03665087 0 -0.0428793 0.144146 -0.04044625 -0.0214205 0 0 -0.05077788 0 -0.03674573 -0.03806715 0 -0.02172972 0.01542919 0.7901013 0.144146 -0.02525832 0.8195616 -0.06325041 -0.0214205 0.09083011 0 -0.02735335 -0.04183404 0.1496512 -0.06403506 -0.06487979 -0.03674573 0.8684009 -0.06315345 -0.04223467 0 -0.05138804 0.08499665 -0.04416277 0 -0.06791758 -0.04037387 0.1449218 -0.03823858 -0.04037387 0.1440749 -0.04037387 -0.02410634 -0.03674573 -0.06812876 0 -0.04082042 -0.01698023 -0.02410634 -0.04037387 0 -0.04037387 -0.04037387 0.09109964 0 0.1571746 -0.02410634 0.1521268 0.1571765 -0.03674573 -0.03674573 -0.03238821 -0.03497254 -0.0100357 -0.04682873 -0.04037387 0 -0.05077788 0.1608214 -0.03674573 0.09088351 0 0.2020547 -0.05408595 0 -0.04185232 -0.04768218 0.8989921 0.1594708 -0.06487979 -0.06305644 -0.03674573 -0.0949956 0.1521782 0.1575109 -0.03674573 0.1596076 -0.1479808 -0.02595989 -0.08469976 0.3739384 0.1571794 0.8989921 -0.01927985 0 -0.03674573 0 -0.008387338 -0.02084203 -0.1367234 -0.02529142 0.1462291 -0.03049863 0.1571794 -0.02985622 0 -0.020372 0 -0.04037387 0 -0.008387338 0.09058064 -0.063018
0 0 1.01 0 0 0 0 0 0 0 0 0 0 0 0 0 0 0 0 0 0 0 0 0 0 0 0 0 0 0 0 0 0 0 0 0 0 0 0 0 0 0 0 0 0 0 0 0 0 0 0 0 0 0 0 0 0 0 0 0 0 0 0 0 0 0 0 0 0 0 0 0 0 0 0 0 0 0 0 0 0 0 0 0 0 0 0 0 0 0 0 0 0 0 0 0 0 0 0 0 0 0 0 0 0 0 0 0 0 0 0 0 0 0 0 0 0 0 0 0 0 0 0 0 0 0 0 0 0 0 0 0 0 0 0 0 0 0 0 0 0 0 0 0 0 0 0 0 0 0 0 0 0 0 0 0 0 0 0
0.6594284 -0.04037387 0 1.01 0.9948117 0.9106414 0 0 0.2372117 -0.01869928 0 0 0 0 -0.02080803 0 -0.04575948 0 0 0.9031191 -0.03375872 -0.194433 -0.05721391 -0.03307531 0.9939753 1 1 -0.04683229 -0.1983888 -0.03690099 0.09056163 -0.05721391 0.02065049 -0.01415562 -0.05789179 0.8848025 -0.06527873 -0.09361985 0.8750328 -0.09330628 0 0.09996094 0 -0.03021291 0.8557474 0 -0.05714102 0.154755 0.9991301 -0.04010423 0 0 -0.06508144 0 0.9106414 0.89373 0 -0.02148374 -0.1884149 -0.04369095 0.154755 -0.02277889 -0.03096925 -0.05731251 -0.04010423 0.09834182 0 -0.03752175 -0.0452348 -0.2042978 -0.05710406 -0.05205784 0.9106414 -0.04124553 -0.05721391 0.9582673 0 -0.06128501 0.1440357 0.9373068 0 -0.09330628 1 0.1561204 -0.05201275 1 0.1546872 1 -0.02975193 0.9106414 -0.09348911 0 0.9747796 -0.02827325 -0.02975193 1 0 1 1 0.0978399 0 -0.1946108 -0.02975193 0.1021225 -0.1957763 0.9106414 0.9106414 0.754105 -0.02341007 -0.02230621 -0.05000355 1 0 -0.06508144 0.1695922 0.9106414 0.09839192 0 -0.02053357 -0.03554429 0 -0.05012405 -0.04441355 -0.03747948 -0.1912094 -0.05205784 -0.05711525 0.9106414 -0.1143255 0.106854 -0.1944789 0.9106414 0.1044292 -0.168452 -0.02761603 -0.0911437 -0.07064617 -0.1935137 -0.03747948 -0.03174794 0 0.9106414 0 -0.02035618 -0.03539952 -0.145711 -0.03068679 0.09649144 -0.03690099 -0.1935137 -0.01912422 0 -0.01415562 0 1 0 -0.02035618 0.09723049 -0.05811053
0.6556388 -0.04080699 0 0.9948117 1.01 0.9059167 0 0 0.2355576 -0.01897798 0 0 0 0 -0.01952105 0 -0.04644888 0 0 0.8984337 -0.03408053 -0.1923906 -0.05706394 -0.02642879 0.9888117 0.9948117 0.9948117 -0.0475017 -0.1963867 -0.03523599 0.09174742 -0.05706394 0.02103301 -0.01444427 -0.05869203 0.8801814 -0.06388709 -0.09048682 0.8704486 -0.09016958 0 0.10128 0 -0.03061672 0.8513046 0 -0.05793994 0.1549906 0.9939452 -0.03857114 0 0 -0.06368713 0 0.9059167 0.8890729 0 -0.02172679 -0.1863037 -0.04420856 0.1549906 -0.0231948 -0.03133068 -0.05716326 -0.03857114 0.09964478 0 -0.03794503 -0.04584033 -0.2023086 -0.0569656 -0.05167149 0.9059167 -0.04170653 -0.05706394 0.9532424 0 -0.0607809 0.1424643 0.9323625 0 -0.09016958 0.9948117 0.1563699 -0.05270611 0.9948117 0.1549223 0.9948117 -0.030314 0.9059167 -0.09035731 0 0.9696898 -0.02868828 -0.030314 0.9948117 0 0.9948117 0.9948117 0.09915317 0 -0.19257 -0.030314 0.1028184 -0.1937423 0.9059167 0.9059167 0.7501934 -0.02376729 -0.02058748 -0.05064447 0.9948117 0 -0.06368713 0.1701843 0.9059167 0.09969486 0 -0.020834 -0.03617461 0 -0.05089845 -0.04506696 -0.03786019 -0.1891544 -0.05167149 -0.05696456 0.9059167 -0.1118495 0.1075276 -0.1924417 0.9059167 0.104546 -0.1666833 -0.02799878 -0.09003864 -0.0706999 -0.1914713 -0.03786019 -0.03209755 0 0.9059167 0 -0.01822296 -0.03580483 -0.1430756 -0.03109332 0.0970345 -0.03523599 -0.1914713 -0.01944162 0 -0.01444427 0 0.9948117 0 -0.01822296 0.09856384 -0.05796841
0.7245241 -0.03674573 0 0.9106414 0.9059167 1.01 0 0 0.2657294 -0.01385042 0 0 0 0 -0.01597593 0 -0.04185405 0 0 0.9916351 -0.0331649 -0.1755134 -0.05001539 -0.02669989 0.9054719 0.9106414 0.9106414 -0.03798224 -0.1794458 -0.03443482 0.08470208 -0.05001539 0.01878003 -0.009076625 -0.05227946 0.9721839 -0.05920887 -0.08092122 0.9616828 -0.08063338 0 0.09404147 0 -0.02749057 0.7236885 0 -0.05159323 0.1424824 0.9098492 -0.0379045 0 0 -0.05902901 0 1 0.9817942 0 -0.02067221 -0.1688268 -0.03976026 0.1424824 -0.02445154 -0.02932668 -0.05010596 -0.0379045 0.09287045 0 -0.03414802 -0.04510287 -0.1842663 -0.04973876 -0.05242245 1 -0.03693738 -0.05001539 0.8729449 0 -0.05232419 0.1687609 0.8538516 0 -0.08063338 0.9106414 0.1442816 -0.04533079 0.9106414 0.1424212 0.9106414 -0.02160663 1 -0.08080448 0 0.8876747 -0.0275166 -0.02160663 0.9106414 0 0.9106414 0.9106414 0.09294455 0 -0.1756756 -0.02160663 0.1502792 -0.1767371 1 1 0.8282643 -0.02211821 -0.02689413 -0.04596988 0.9106414 0 -0.05902901 0.1545188 1 0.0929148 0 -0.01531073 -0.03207499 0 -0.04413824 -0.04301595 -0.03515586 -0.1725806 -0.05242245 -0.04992478 1 -0.0991354 0.1516877 -0.1754434 1 0.1494043 -0.1528822 -0.0232407 -0.08123677 -0.0629459 -0.1746788 -0.03515586 -0.02575568 0 1 0 -0.02530606 -0.03049843 -0.1316315 -0.03005765 0.1439741 -0.03443482 -0.1746788 -0.01644107 0 -0.009076625 0 0.9106414 0 -0.02530606 0.09101447 -0.05084479
0 0 0 0 0 0 1.01 0 0 0 0 0 0 0 0 0 0 0 0 0 0 0 0 0 0 0 0 0 0 0 0 0 0 0 0 0 0 0 0 0 0 0 0 0 0 0 0 0 0 0 0 0 0 0 0 0 0 0 0 0 0 0 0 0 0 0 0 0 0 0 0 0 0 0 0 0 0 0 0 0 0 0 0 0 0 0 0 0 0 0 0 0 0 0 0 0 0 0 0 0 0 0 0 0 0 0 0 0 0 0 0 0 0 0 0 0 0 0 0 0 0 0 0 0 0 0 0 0 0 0 0 0 0 0 0 0 0 0 0 0 0 0 0 0 0 0 0 0 0 0 0 0 0 0 0 0 0 0 0
0 0 0 0 0 0 0 1.01 0 0 0 0 0 0 0 0 0 0 0 0 0 0 0 0 0 0 0 0 0 0 0 0 0 0 0 0 0 0 0 0 0 0 0 0 0 0 0 0 0 0 0 0 0 0 0 0 0 0 0 0 0 0 0 0 0 0 0 0 0 0 0 0 0 0 0 0 0 0 0 0 0 0 0 0 0 0 0 0 0 0 0 0 0 0 0 0 0 0 0 0 0 0 0 0 0 0 0 0 0 0 0 0 0 0 0 0 0 0 0 0 0 0 0 0 0 0 0 0 0 0 0 0 0 0 0 0 0 0 0 0 0 0 0 0 0 0 0 0 0 0 0 0 0 0 0 0 0 0 0
0.1777185 -0.03076579 0 0.2372117 0.2355576 0.2657294 0 0 1.01 0.0005415761 0 0 0 0 0.2838825 0 -0.0389174 0 0 0.2685918 -0.02462122 -0.09659288 0.1223173 -0.04264781 0.2367243 0.2372117 0.2372117 0.153163 -0.09935058 -0.03441057 -0.0567891 0.1223173 0.01066243 0.2054614 -0.05036296 0.255169 0.02036126 0.01383497 0.2579944 0.01417844 0 0.08422549 0 -0.02259244 -0.03133426 0 -0.04964894 -0.01426476 0.2369345 -0.03291999 0 0 0.02061718 0 0.2657294 0.2589875 0 -0.0148824 -0.09245787 -0.03498748 -0.01426476 -0.02797654 -0.01933525 0.1221609 -0.03291999 0.08285066 0 -0.02983529 -0.03548652 -0.1045372 0.1229219 -0.06110095 0.2657294 -0.02792108 0.1223173 0.2234383 0 0.03375722 0.1415975 0.2201728 0 0.01417844 0.2372117 -0.01238901 0.1455811 0.2372117 -0.01436882 0.2372117 -0.02200724 0.2657294 0.01390218 0 0.2327829 -0.02047314 -0.02200724 0.2372117 0 0.2372117 0.2372117 0.08298867 0 -0.09677351 -0.02200724 -0.00433843 -0.09721306 0.2657294 0.2657294 -0.02776438 -0.02571016 -0.02129681 -0.03572599 0.2372117 0 0.02061718 0.008067335 0.2657294 0.08290018 0 -0.01077381 -0.04310571 0 -0.04557973 -0.03543814 -0.02415134 -0.06790539 -0.06110095 0.122474 0.2657294 -0.01399193 -0.004104322 -0.09651612 0.2657294 -0.0780422 -0.09517371 -0.02677571 0.1080879 0.09853279 -0.09652122 -0.02415134 -0.02237799 0 0.2657294 0 -0.02364426 -0.02181551 -0.05716943 -0.02302894 -0.01209795 -0.03441057 -0.09652122 -0.01196596 0 0.2054614 0 0.2372117 0 -0.02364426 0.08128761 0.1214759
-0.02659856 -0.01899153 0 -0.01869928 -0.01897798 -0.01385042 0 0 0.0005415761 1.01 0 0 0 0 -0.004892511 0 -0.03835129 0 0 -0.01341812 -0.01682689 0.07715336 -0.03375939 -0.02714429 -0.01899153 -0.01869928 -0.01869928 -0.007583865 0.07474125 -0.02528578 0.03103373 -0.03375939 0.002264891 -0.0108474 0.3297754 -0.01526112 -0.03005233 -0.06012318 -0.01585185 -0.06107251 0 0.03939761 0 -0.01881689 -0.02101709 0 0.3323588 0.07100729 -0.01874587 -0.02011402 0 0 -0.02992766 0 -0.01385042 -0.01477355 0 -0.02000538 0.08077151 -0.01437137 0.07100729 -0.02368551 -0.0156161 -0.03381785 -0.02011402 0.03982182 0 -0.01716278 -0.02294184 0.0714335 -0.03429336 -0.04780463 -0.01385042 -0.01896667 -0.03375939 -0.0181935 0 -0.02255078 -0.03324624 -0.01673156 0 -0.06107251 -0.01869928 0.072184 -0.01422626 -0.01869928 0.07096175 -0.01869928 0.5228825 -0.01385042 -0.06117464 0 -0.01724703 -0.005778342 0.5228825 -0.01869928 0 -0.01869928 -0.01869928 0.03798824 0 0.07701115 0.5228825 0.08066567 0.07630345 -0.01385042 -0.01385042 -0.01574692 -0.004783311 -0.0225558 -0.03601982 -0.01869928 0 -0.02992766 0.08955649 -0.01385042 0.03985857 0 0.5552731 -0.02120995 0 0.3530184 -0.03725005 -0.0133879 0.07874258 -0.04780463 -0.03370091 -0.01385042 -0.06859532 0.07364592 0.07684472 -0.01385042 0.07832032 0.08879654 -0.0126762 -0.04772987 -0.03750319 0.07739065 -0.0133879 -0.02186253 0 -0.01385042 0 -0.02117556 -0.01136231 -0.09952319 -0.00614119 0.07335453 -0.02528578 0.07739065 -0.01504602 0 -0.0108474 0 -0.01869928 0 -0.02117556 0.03953286 -0.03429132
0 0 0 0 0 0 0 0 0 0 1.01 0 0 0 0 0 0 0 0 0 0 0 0 0 0 0 0 0 0 0 0 0 0 0 0 0 0 0 0 0 0 0 0 0 0 0 0 0 0 0 0 0 0 0 0 0 0 0 0 0 0 0 0 0 0 0 0 0 0 0 0 0 0 0 0 0 0 0 0 0 0 0 0 0 0 0 0 0 0 0 0 0 0 0 0 0 0 0 0 0 0 0 0 0 0 0 0 0 0 0 0 0 0 0 0 0 0 0 0 0 0 0 0 0 0 0 0 0 0 0 0 0 0 0 0 0 0 0 0 0 0 0 0 0 0 0 0 0 0 0 0 0 0 0 0 0 0 0 0
0 0 0 0 0 0 0 0 0 0 0 1.01 0 0 0 0 0 0 0 0 0 0 0 0 0 0 0 0 0 0 0 0 0 0 0 0 0 0 0 0 0 0 0 0 0 0 0 0 0 0 0 0 0 0 0 0 0 0 0 0 0 0 0 0 0 0 0 0 0 0 0 0 0 0 0 0 0 0 0 0 0 0 0 0 0 0 0 0 0 0 0 0 0 0 0 0 0 0 0 0 0 0 0 0 0 0 0 0 0 0 0 0 0 0 0 0 0 0 0 0 0 0 0 0 0 0 0 0 0 0 0 0 0 0 0 0 0 0 0 0 0 0 0 0 0 0 0 0 0 0 0 0 0 0 0 0 0 0 0
0 0 0 0 0 0 0 0 0 0 0 0 1.01 0 0 0 0 0 0 0 0 0 0 0 0 0 0 0 0 0 0 0 0 0 0 0 0 0 0 0 0 0 0 0 0 0 0 0 0 0 0 0 0 0 0 0 0 0 0 0 0 0 0 0 0 0 0 0 0 0 0 0 0 0 0 0 0 0 0 0 0 0 0 0 0 0 0 0 0 0 0 0 0 0 0 0 0 0 0 0 0 0 0 0 0 0 0 0 0 0 0 0 0 0 0 0 0 0 0 0 0 0 0 0 0 0 0 0 0 0 0 0 0 0 0 0 0 0 0 0 0 0 0 0 0 0 0 0 0 0 0 0 0 0 0 0 0 0 0
0 0 0 0 0 0 0 0 0 0 0 0 0 1.01 0 0 0 0 0 0 0 0 0 0 0 0 0 0 0 0 0 0 0 0 0 0 0 0 0 0 0 0 0 0 0 0 0 0 0 0 0 0 0 0 0 0 0 0 0 0 0 0 0 0 0 0 0 0 0 0 0 0 0 0 0 0 0 0 0 0 0 0 0 0 0 0 0 0 0 0 0 0 0 0 0 0 0 0 0 0 0 0 0 0 0 0 0 0 0 0 0 0 0 0 0 0 0 0 0 0 0 0 0 0 0 0 0 0 0 0 0 0 0 0 0 0 0 0 0 0 0 0 0 0 0 0 0 0 0 0 0 0 0 0 0 0 0 0 0
-0.02993356 -0.03379174 0 -0.02080803 -0.01952105 -0.01597593 0 0 0.2838825 -0.004892511 0 0 0 0 1.01 0 -0.04353176 0 0 -0.01522617 -0.02234304 -0.2060006 0.5378259 -0.04588469 -0.02134844 -0.02080803 -0.02080803 -0.03046479 -0.2090511 -0.04547985 -0.04155576 0.5378259 0.02711574 -0.01828778 -0.05789558 -0.01845004 -0.0632827 -0.08877237 -0.01568156 -0.0884708 0 0.08702914 0 -0.02540733 -0.02755065 0 -0.05718859 -0.214953 -0.02089081 -0.04337086 0 0 -0.06309389 0 -0.01597593 -0.01566904 0 -0.004001178 -0.2023326 -0.03852852 -0.214953 -0.02623706 -0.02415548 0.5375108 -0.04337086 0.08472026 0 -0.02908568 -0.03964682 -0.2135933 0.5345369 -0.07566156 -0.01597593 -0.03464668 0.5378259 -0.02313481 0 -0.05414733 -0.04153357 -0.02361581 0 -0.0884708 -0.02080803 -0.2135772 -0.02720617 -0.02080803 -0.2151134 -0.02080803 -0.03559232 -0.01597593 -0.08864746 0 -0.02149439 -0.02338087 -0.03559232 -0.02080803 0 -0.02080803 -0.02080803 0.08492427 0 -0.2061676 -0.03559232 -0.1979789 -0.2066613 -0.01597593 -0.01597593 -0.02281286 -0.02789012 -0.02829617 -0.04423048 -0.02080803 0 -0.06309389 -0.1817189 -0.01597593 0.08477206 0 -0.01031381 -0.04970293 0 -0.05183157 -0.04123375 -0.02893634 -0.1088709 -0.07566156 0.5381413 -0.01597593 -0.1126952 -0.2002607 -0.2066353 -0.01597593 -0.2019686 -0.1841012 -0.01858695 0.3671993 0.4723502 -0.2069551 -0.02893634 -0.02267256 0 -0.01597593 0 -0.03078344 -0.03063753 -0.162653 -0.01984139 -0.2131016 -0.04547985 -0.2069551 -0.01962703 0 -0.01828778 0 -0.02080803 0 -0.03078344 0.08723697 0.5363989
0 0 0 0 0 0 0 0 0 0 0 0 0 0 0 1.01 0 0 0 0 0 0 0 0 0 0 0 0 0 0 0 0 0 0 0 0 0 0 0 0 0 0 0 0 0 0 0 0 0 0 0 0 0 0 0 0 0 0 0 0 0 0 0 0 0 0 0 0 0 0 0 0 0 0 0 0 0 0 0 0 0 0 0 0 0 0 0 0 0 0 0 0 0 0 0 0 0 0 0 0 0 0 0 0 0 0 0 0 0 0 0 0 0 0 0 0 0 0 0 0 0 0 0 0 0 0 0 0 0 0 0 0 0 0 0 0 0 0 0 0 0 0 0 0 0 0 0 0 0 0 0 0 0 0 0 0 0 0 0
-0.05388416 -0.05015723 0 -0.04575948 -0.04644888 -0.04185405 0 0 -0.0389174 -0.03835129 0 0 0 0 -0.04353176 0 1.01 0 0 -0.0408458 -0.02944989 0.1577522 -0.08391558 -0.08295796 -0.04525859 -0.04575948 -0.04575948 -0.05053384 0.1561898 -0.06919394 0.03949629 -0.08391558 0.04235457 -0.03637335 -0.06996216 -0.04249188 -0.08956085 0.3731617 -0.04261274 0.3738898 0 0.04846174 0 -0.04384293 -0.03528069 0 -0.07031626 0.1424915 -0.04464234 -0.0538799 0 0 -0.0892672 0 -0.04185405 -0.04134181 0 -0.02760904 0.1644259 -0.05543603 0.1424915 -0.03314834 -0.04020104 -0.08262348 -0.0538799 0.04555345 0 0.1381212 -0.05526924 0.1491048 -0.07807678 -0.1096013 -0.04185405 -0.04735137 -0.08391558 -0.05019766 0 -0.08186437 -0.0740998 0.03986001 0 0.3738898 -0.04575948 0.1432421 -0.05373678 -0.04575948 0.1423705 -0.04575948 -0.05307259 -0.04185405 0.3730796 0 -0.04915742 -0.03691373 -0.05307259 -0.04575948 0 -0.04575948 -0.04575948 0.0467082 0 0.1574076 -0.05307259 0.1596641 0.1578117 -0.04185405 -0.04185405 -0.02970566 -0.02886003 -0.04141152 0.8914461 -0.04575948 0 -0.0892672 0.1687033 -0.04185405 0.04566436 0 -0.03459281 -0.05194417 0 -0.06659039 0.9302134 -0.04206487 0.1570101 -0.1096013 -0.0837715 -0.04185405 0.307906 0.1531227 0.1574072 -0.04185405 0.1545211 0.182025 -0.02382229 -0.1276102 -0.09548111 0.157103 -0.04206487 -0.03652065 0 -0.04185405 0 -0.03252759 -0.0353389 0.211977 -0.01827144 0.1445201 -0.06919394 0.157103 -0.03261099 0 -0.03637335 0 -0.04575948 0 -0.03252759 0.04881929 -0.08308265
0 0 0 0 0 0 0 0 0 0 0 0 0 0 0 0 0 1.01 0 0 0 0 0 0 0 0 0 0 0 0 0 0 0 0 0 0 0 0 0 0 0 0 0 0 0 0 0 0 0 0 0 0 0 0 0 0 0 0 0 0 0 0 0 0 0 0 0 0 0 0 0 0 0 0 0 0 0 0 0 0 0 0 0 0 0 0 0 0 0 0 0 0 0 0 0 0 0 0 0 0 0 0 0 0 0 0 0 0 0 0 0 0 0 0 0 0 0 0 0 0 0 0 0 0 0 0 0 0 0 0 0 0 0 0 0 0 0 0 0 0 0 0 0 0 0 0 0 0 0 0 0 0 0 0 0 0 0 0 0
0 0 0 0 0 0 0 0 0 0 0 0 0 0 0 0 0 0 1.01 0 0 0 0 0 0 0 0 0 0 0 0 0 0 0 0 0 0 0 0 0 0 0 0 0 0 0 0 0 0 0 0 0 0 0 0 0 0 0 0 0 0 0 0 0 0 0 0 0 0 0 0 0 0 0 0 0 0 0 0 0 0 0 0 0 0 0 0 0 0 0 0 0 0 0 0 0 0 0 0 0 0 0 0 0 0 0 0 0 0 0 0 0 0 0 0 0 0 0 0 0 0 0 0 0 0 0 0 0 0 0 0 0 0 0 0 0 0 0 0 0 0 0 0 0 0 0 0 0 0 0 0 0 0 0 0 0 0 0 0
0.7171666 -0.03611332 0 0.9031191 0.8984337 0.9916351 0 0 0.2685918 -0.01341812 0 0 0 0 -0.01522617 0 -0.0408458 0 0 1.01 -0.03271423 -0.17387 -0.04874015 -0.02536018 0.8980227 0.9031191 0.9031191 -0.0369668 -0.1777462 -0.03335274 0.08298454 -0.04874015 0.01821879 -0.01190106 -0.05229466 0.9641174 -0.05928186 -0.07926352 0.9536721 -0.0789777 0 0.09375705 0 -0.02689961 0.7299764 0 -0.05161724 0.1415005 0.9023335 -0.03736556 0 0 -0.05910412 0 0.9916351 0.973615 0 -0.02032563 -0.1672857 -0.03900366 0.1415005 -0.02612805 -0.02880715 -0.04883023 -0.03736556 0.09262851 0 -0.03352963 -0.0442467 -0.1825238 -0.04845126 -0.05243491 0.9916351 -0.03625938 -0.04874015 0.8657654 0 -0.05261799 0.1592849 0.8468305 0 -0.0789777 0.9031191 0.1432838 -0.04430094 0.9031191 0.1414398 0.9031191 -0.02247434 0.9916351 -0.07914831 0 0.8803436 -0.02909192 -0.02247434 0.9031191 0 0.9031191 0.9031191 0.09268723 0 -0.1740309 -0.02247434 0.1490415 -0.175083 0.9916351 0.9916351 0.8352499 -0.02160108 -0.02635248 -0.04503588 0.9031191 0 -0.05910412 0.1530188 0.9916351 0.09267224 0 -0.01484507 -0.03114853 0 -0.04425321 -0.04207876 -0.03460827 -0.1709631 -0.05243491 -0.04865003 0.9916351 -0.09765237 0.151126 -0.1737897 0.9916351 0.1481202 -0.1511461 -0.02266603 -0.08030869 -0.06152548 -0.1730429 -0.03460827 -0.02522117 0 0.9916351 0 -0.0248615 -0.03196996 -0.1302394 -0.03163082 0.1429454 -0.03335274 -0.1730429 -0.01596847 0 -0.01190106 0 0.9031191 0 -0.0248615 0.09070362 -0.04956746
-0.04303744 -0.02744087 0 -0.03375872 -0.03408053 -0.0331649 0 0 -0.02462122 -0.01682689 0 0 0 0 -0.02234304 0 -0.02944989 0 0 -0.03271423 1.01 -0.1653049 -0.04315011 -0.03305145 -0.03186382 -0.03375872 -0.03375872 -0.04338276 -0.03324089 -0.04504464 -0.3035005 -0.04315011 0.01392605 -0.008075161 -0.0471176 -0.03220628 -0.03726984 -0.07069288 -0.03523262 -0.07044906 0 -0.273192 0 -0.0215755 -0.03027953 0 -0.04654955 -0.1784742 -0.03381249 -0.02332217 0 0 -0.03710499 0 -0.0331649 -0.03409425 0 -0.01830043 -0.1604237 -0.03171172 -0.1784742 -0.02675962 -0.01984789 -0.04322691 -0.02332217 -0.2791905 0 -0.02057556 0.5912078 -0.1700578 -0.04256049 -0.06587829 -0.0331649 -0.02874716 -0.04315011 -0.02994896 0 -0.0413529 -0.03405382 -0.03358581 0 -0.07044906 -0.03375872 -0.1768562 -0.0387122 -0.03375872 -0.178605 -0.03375872 -0.0333889 -0.0331649 -0.07059259 0 -0.03534811 -0.01906528 -0.0333889 -0.03375872 0 -0.03375872 -0.03375872 -0.2784901 0 -0.1654398 -0.0333889 -0.1682303 -0.1663411 -0.0331649 -0.0331649 -0.02961795 -0.0211773 0.002146315 -0.02714123 -0.03375872 0 -0.03710499 -0.1556729 -0.0331649 -0.2790152 0 -0.0234674 -0.028906 0 -0.04473968 -0.02404552 -0.02281728 -0.1643328 -0.06587829 -0.04307327 -0.0331649 -0.08414744 -0.1683226 -0.1658166 -0.0331649 -0.1634099 -0.142905 -0.02843245 -0.06020383 -0.05069067 -0.1645694 -0.02281728 -0.018662 0 -0.0331649 0 0.001848295 -0.01696836 -0.1273312 -0.01694945 -0.175995 -0.04504464 -0.1645694 -0.01094981 0 -0.008075161 0 -0.03375872 0 0.001848295 -0.2728564 -0.04385173
-0.05742836 0.1574209 0 -0.194433 -0.1923906 -0.1755134 0 0 -0.09659288 0.07715336 0 0 0 0 -0.2060006 0 0.1577522 0 0 -0.17387 -0.1653049 1.01 -0.3913818 0.231827 -0.1920236 -0.194433 -0.194433 0.2099383 0.9788216 0.2138038 0.5442599 -0.3913818 0.1684632 -0.1192873 0.2574225 -0.1627356 -0.34967 0.4724013 -0.1627748 0.4742292 0 0.6002935 0 0.1437468 -0.1603798 0 0.2544307 0.9381582 -0.194394 -0.1783935 0 0 -0.3489565 0 -0.1755134 -0.1796205 0 -0.1292932 0.970009 0.1822686 0.9381582 0.105437 0.1323072 -0.3913647 -0.1783935 0.5929549 0 -0.199372 -0.2688773 0.9702975 -0.3871252 0.3394053 -0.1755134 0.1712838 -0.3913818 -0.1754636 0 -0.3097584 0.1485435 -0.1653067 0 0.4742292 -0.194433 0.9317516 0.2211097 -0.194433 0.9378627 -0.194433 0.1594247 -0.1755134 0.4748475 0 -0.1832663 0.09861547 0.1594247 -0.194433 0 -0.194433 -0.194433 0.5889122 0 0.9991552 0.1594247 0.8888943 0.9956847 -0.1755134 -0.1755134 -0.1390168 0.1053903 -0.1739026 0.2113769 -0.194433 0 -0.3489565 0.8109038 -0.1755134 0.5930802 0 0.08605819 0.1743832 0 0.2370549 0.1997499 0.1426284 0.9581875 0.3394053 -0.3910455 -0.1755134 0.5694649 0.8910418 0.9980999 -0.1755134 0.8667991 0.871462 0.116807 -0.544339 -0.2796686 0.9950455 0.1426284 -0.1701442 0 -0.1755134 0 -0.1486801 0.1413608 0.7849937 -0.1783529 0.9439718 0.2138038 0.9950455 0.00994972 0 -0.1192873 0 -0.194433 0 -0.1486801 0.600792 -0.3839745
-0.07300781 -0.06315345 0 -0.05721391 -0.05706394 -0.05001539 0 0 0.1223173 -0.03375939 0 0 0 0 0.5378259 0 -0.08391558 0 0 -0.04874015 -0.04315011 -0.3913818 1.01 -0.08842935 -0.05710907 -0.05721391 -0.05721391 -0.0671184 -0.3973246 -0.08548178 0.07679041 1 0.05388168 -0.02222626 -0.09730763 -0.05199057 -0.09248584 -0.1767808 -0.05056384 -0.1766096 0 0.1624492 0 -0.05577544 -0.0522219 0 -0.09588943 -0.4145922 -0.05735767 -0.0508656 0 0 -0.09210185 0 -0.05001539 -0.05054382 0 0.3087978 -0.3799928 -0.0720793 -0.4145922 -0.05210964 -0.05306833 0.9994095 -0.0508656 0.1596106 0 -0.05040268 -0.08285343 -0.4014677 0.9944286 -0.144528 -0.05001539 -0.06838208 1 -0.06227796 0 -0.07711811 -0.08796822 -0.05839626 0 -0.1766096 -0.05721391 -0.4122061 -0.06750378 -0.05721391 -0.4134749 -0.05721391 -0.06828967 -0.05001539 -0.1769363 0 -0.05946835 -0.05354078 -0.06828967 -0.05721391 0 -0.05721391 -0.05721391 0.1597224 0 -0.3916991 -0.06828967 -0.3806404 -0.3931153 -0.05001539 -0.05001539 -0.04359079 -0.04049778 0.08135025 -0.08048719 -0.05721391 0 -0.09210185 -0.3615265 -0.05001539 0.1588439 0 -0.03272411 -0.07377927 0 -0.08855083 -0.08032691 -0.05858452 -0.3328733 -0.144528 0.9994091 -0.05001539 -0.2173714 -0.3865023 -0.3925878 -0.05001539 -0.3729666 -0.3383845 -0.04007542 0.6935654 0.867488 -0.388235 -0.05858452 0.4295513 0 -0.05001539 0 -0.04897302 -0.04641195 -0.308589 -0.04754349 -0.4061707 -0.08548178 -0.388235 -0.03192127 0 -0.02222626 0 -0.05721391 0 -0.04897302 0.1619887 0.9879943
-0.05640926 -0.05232566 0 -0.03307531 -0.02642879 -0.02669989 0 0 -0.04264781 -0.02714429 0 0 0 0 -0.04588469 0 -0.08295796 0 0 -0.02536018 -0.03305145 0.231827 -0.08842935 1.01 -0.03405876 -0.03307531 -0.03307531 -0.07530775 0.228425 -0.0870419 0.1320483 -0.08842935 0.04448913 -0.005870631 -0.09262247 -0.02997777 -0.07609386 0.5093966 -0.03063753 0.5102832 0 0.1492439 0 -0.04387571 -0.01910808 0 -0.09198695 0.2214837 -0.03322479 -0.03227046 0 0 -0.07640095 0 -0.02669989 -0.02726555 0 -0.03259211 0.2381711 -0.06695837 0.2214837 -0.05310629 -0.03786824 -0.08860022 -0.03227046 0.1460621 0 -0.04922665 -0.05936128 0.2245463 -0.08183624 -0.1444612 -0.02669989 -0.06019392 -0.08842935 -0.03830709 0 -0.06491373 -0.07995642 -0.04015812 0 0.5102832 -0.03307531 0.2237166 -0.07804716 -0.03307531 0.2213577 -0.03307531 -0.0665987 -0.02669989 0.5096844 0 -0.0004398592 -0.05608838 -0.0665987 -0.03307531 0 -0.03307531 -0.03307531 0.1473221 0 0.2314169 -0.0665987 0.2399664 0.2301389 -0.02669989 -0.02669989 -0.01393676 -0.04029462 -0.04264019 -0.08467853 -0.03307531 0 -0.07640095 0.1817382 -0.02669989 0.1461553 0 -0.03515079 -0.06283741 0 -0.08352575 -0.07857584 -0.04549787 0.2348645 -0.1444612 -0.08825839 -0.02669989 0.427104 0.2399983 0.2309456 -0.02669989 0.1708104 0.2122711 -0.04063717 -0.1232623 -0.102837 0.2321148 -0.04549787 -0.0404446 0 -0.02669989 0 -0.03864759 -0.05091681 0.3007151 -0.04589096 0.2247517 -0.0870419 0.2321148 -0.02907204 0 -0.005870631 0 -0.03307531 0 -0.03864759 0.1496142 -0.08938165
0.6552891 -0.04080863 0 0.9939753 0.9888117 0.9054719 0 0 0.2367243 -0.01899153 0 0 0 0 -0.02134844 0 -0.04525859 0 0 0.8980227 -0.03186382 -0.1920236 -0.05710907 -0.03405876 1.01 0.9939753 0.9939753 -0.04627108 -0.1954171 -0.03650045 0.09022148 -0.05710907 0.02106021 -0.01446725 -0.05872373 0.8797429 -0.0660587 -0.09399087 0.870019 -0.09367577 0 0.09986293 0 -0.030631 0.8511031 0 -0.05797271 0.1550669 0.9931095 -0.04047415 0 0 -0.06586091 0 0.9054719 0.8886333 0 -0.02172972 -0.185935 -0.04421834 0.1550669 -0.02322382 -0.03133672 -0.05720828 -0.04047415 0.09821284 0 -0.03794995 -0.04451925 -0.2019347 -0.05701213 -0.04688344 0.9054719 -0.04171124 -0.05710907 0.952438 0 -0.06196413 0.1419597 0.9315757 0 -0.09367577 0.9939753 0.1564461 -0.05152274 0.9939753 0.1549987 0.9939753 -0.03035499 0.9054719 -0.09385955 0 0.9688744 -0.02870772 -0.03035499 0.9939753 0 0.9939753 0.9939753 0.09772747 0 -0.192203 -0.03035499 0.1030563 -0.1933743 0.9054719 0.9054719 0.7505278 -0.02378562 -0.0227375 -0.04938532 0.9939753 0 -0.06586091 0.170286 0.9054719 0.0982634 0 -0.02084796 -0.03621684 0 -0.05093924 -0.04380553 -0.03785822 -0.1887904 -0.04688344 -0.05700982 0.9054719 -0.1151272 0.1077547 -0.1920756 0.9054719 0.1053791 -0.1657105 -0.02801407 -0.09162487 -0.07073869 -0.1911054 -0.03785822 -0.02996358 0 0.9054719 0 -0.02071513 -0.03581046 -0.1426924 -0.03110723 0.09726011 -0.03650045 -0.1911054 -0.01946078 0 -0.01446725 0 0.9939753 0 -0.02071513 0.09715448 -0.05801225
0.6594284 -0.04037387 0 1 0.9948117 0.9106414 0 0 0.2372117 -0.01869928 0 0 0 0 -0.02080803 0 -0.04575948 0 0 0.9031191 -0.03375872 -0.194433 -0.05721391 -0.03307531 0.9939753 1.01 1 -0.04683229 -0.1983888 -0.03690099 0.09056163 -0.05721391 0.02065049 -0.01415562 -0.05789179 0.8848025 -0.06527873 -0.09361985 0.8750328 -0.09330628 0 0.09996094 0 -0.03021291 0.8557474 0 -0.05714102 0.154755 0.9991301 -0.04010423 0 0 -0.06508144 0 0.9106414 0.89373 0 -0.02148374 -0.1884149 -0.04369095 0.154755 -0.02277889 -0.03096925 -0.05731251 -0.04010423 0.09834182 0 -0.03752175 -0.0452348 -0.2042978 -0.05710406 -0.05205784 0.9106414 -0.04124553 -0.05721391 0.9582673 0 -0.06128501 0.1440357 0.9373068 0 -0.09330628 1 0.1561204 -0.05201275 1 0.1546872 1 -0.02975193 0.9106414 -0.09348911 0 0.9747796 -0.02827325 -0.02975193 1 0 1 1 0.0978399 0 -0.1946108 -0.02975193 0.1021225 -0.1957763 0.9106414 0.9106414 0.754105 -0.02341007 -0.02230621 -0.05000355 1 0 -0.06508144 0.1695922 0.9106414 0.09839192 0 -0.02053357 -0.03554429 0 -0.05012405 -0.04441355 -0.03747948 -0.1912094 -0.05205784 -0.05711525 0.9106414 -0.1143255 0.106854 -0.1944789 0.9106414 0.1044292 -0.168452 -0.02761603 -0.0911437 -0.07064617 -0.1935137 -0.03747948 -0.03174794 0 0.9106414 0 -0.02035618 -0.03539952 -0.145711 -0.03068679 0.09649144 -0.03690099 -0.1935137 -0.01912422 0 -0.01415562 0 1 0 -0.02035618 0.09723049 -0.05811053
0.6594284 -0.04037387 0 1 0.9948117 0.9106414 0 0 0.2372117 -0.01869928 0 0 0 0 -0.02080803 0 -0.04575948 0 0 0.9031191 -0.03375872 -0.194433 -0.05721391 -0.03307531 0.9939753 1 1.01 -0.04683229 -0.1983888 -0.03690099 0.09056163 -0.05721391 0.02065049 -0.01415562 -0.05789179 0.8848025 -0.06527873 -0.09361985 0.8750328 -0.09330628 0 0.09996094 0 -0.03021291 0.8557474 0 -0.05714102 0.154755 0.9991301 -0.04010423 0 0 -0.06508144 0 0.9106414 0.89373 0 -0.02148374 -0.1884149 -0.04369095 0.154755 -0.02277889 -0.03096925 -0.05731251 -0.04010423 0.09834182 0 -0.03752175 -0.0452348 -0.2042978 -0.05710406 -0.05205784 0.9106414 -0.04124553 -0.05721391 0.9582673 0 -0.06128501 0.1440357 0.9373068 0 -0.09330628 1 0.1561204 -0.05201275 1 0.1546872 1 -0.02975193 0.9106414 -0.09348911 0 0.9747796 -0.02827325 -0.02975193 1 0 1 1 0.0978399 0 -0.1946108 -0.02975193 0.1021225 -0.1957763 0.9106414 0.9106414 0.754105 -0.02341007 -0.02230621 -0.05000355 1 0 -0.06508144 0.1695922 0.9106414 0.09839192 0 -0.02053357 -0.03554429 0 -0.05012405 -0.04441355 -0.03747948 -0.1912094 -0.05205784 -0.05711525 0.9106414 -0.1143255 0.106854 -0.1944789 0.9106414 0.1044292 -0.168452 -0.02761603 -0.0911437 -0.07064617 -0.1935137 -0.03747948 -0.03174794 0 0.9106414 0 -0.02035618 -0.03539952 -0.145711 -0.03068679 0.09649144 -0.03690099 -0.1935137 -0.01912422 0 -0.01415562 0 1 0 -0.02035618 0.09723049 -0.05811053
-0.06474353 -0.03241249 0 -0.04683229 -0.0475017 -0.03798224 0 0 0.153163 -0.007583865 0 0 0 0 -0.03046479 0 -0.05053384 0 0 -0.0369668 -0.04338276 0.2099383 -0.0671184 -0.07530775 -0.04627108 -0.04683229 -0.04683229 1.01 0.2047381 -0.06694858 0.1259359 -0.0671184 0.03882002 -0.03292616 -0.05473912 -0.03723471 -0.07485754 0.4361504 -0.04000348 0.4364057 0 0.1330409 0 -0.02731938 -0.04012711 0 -0.05349309 0.1951178 -0.0469442 -0.0419546 0 0 -0.07455684 0 -0.03798224 -0.04014101 0 -0.02615514 0.2164813 -0.05009582 0.1951178 -0.05306239 -0.03043201 -0.06726571 -0.0419546 0.1322594 0 -0.04184006 -0.06628113 0.2032641 -0.06700239 -0.1179293 -0.03798224 -0.03964025 -0.0671184 -0.05107137 0 -0.07017601 0.03557674 -0.04921923 0 0.4364057 -0.04683229 0.1966311 0.8641824 -0.04683229 0.1950133 -0.04683229 -0.02364469 -0.03798224 0.4355359 0 -0.04641043 -0.04012544 -0.02364469 -0.04683229 0 -0.04683229 -0.04683229 0.132612 0 0.2100308 -0.02364469 0.2088333 0.2087536 -0.03798224 -0.03798224 -0.02917708 -0.04960937 -0.03616727 -0.0514553 -0.04683229 0 -0.07455684 0.2135796 -0.03798224 0.1323349 0 0.05742077 -0.0693903 0 -0.04773084 -0.05070623 -0.03547327 0.1669866 -0.1179293 -0.06697101 -0.03798224 0.3560436 0.1639622 0.2096409 -0.03798224 0.1104616 0.2283713 0.5770599 -0.1053321 -0.07843663 0.2104776 -0.03547327 -0.02490762 0 -0.03798224 0 -0.02338635 -0.04085458 0.2523934 -0.03368203 0.1994004 -0.06694858 0.2104776 -0.01944401 0 -0.03292616 0 -0.04683229 0 -0.02338635 0.1328149 -0.06776612
-0.07305896 0.1546349 0 -0.1983888 -0.1963867 -0.1794458 0 0 -0.09935058 0.07474125 0 0 0 0 -0.2090511 0 0.1561898 0 0 -0.1777462 -0.03324089 0.9788216 -0.3973246 0.228425 -0.1954171 -0.1983888 -0.1983888 0.2047381 1.01 0.2098897 0.506322 -0.3973246 0.171403 -0.1205359 0.2530657 -0.1661997 -0.3547666 0.4669495 -0.1669652 0.468809 0 0.5667344 0 0.1413787 -0.164651 0 0.2501518 0.9169129 -0.1983566 -0.1796479 0 0 -0.3540333 0 -0.1794458 -0.1836693 0 -0.1314296 0.950864 0.1781762 0.9169129 0.08699471 0.1304975 -0.3973167 -0.1796479 0.5584007 0 -0.2012433 -0.1922031 0.9499654 -0.3927994 0.3268369 -0.1794458 0.1680522 -0.3973246 -0.1785797 0 -0.3146003 0.1472032 -0.1691938 0 0.468809 -0.1983888 0.9107042 0.2170287 -0.1983888 0.9166015 -0.1983888 0.1567075 -0.1794458 0.4694063 0 -0.1874208 0.09487702 0.1567075 -0.1983888 0 -0.1983888 -0.1983888 0.5543025 0 0.9794396 0.1567075 0.8686529 0.9758585 -0.1794458 -0.1794458 -0.1433637 0.1026019 -0.1749385 0.2099408 -0.1983888 0 -0.3540333 0.7921123 -0.1794458 0.5585477 0 0.08235667 0.1712804 0 0.2328143 0.1989629 0.1407657 0.938796 0.3268369 -0.3969791 -0.1794458 0.5622494 0.8711167 0.9783384 -0.1794458 0.8475856 0.8591485 0.11347 -0.5525953 -0.2860229 0.9754358 0.1407657 -0.1740432 0 -0.1794458 0 -0.1501396 0.1386622 0.7690475 -0.1834905 0.9230068 0.2098897 0.9754358 0.007059934 0 -0.1205359 0 -0.1983888 0 -0.1501396 0.567274 -0.3899992
-0.06140265 -0.03049863 0 -0.03690099 -0.03523599 -0.03443482 0 0 -0.03441057 -0.02528578 0 0 0 0 -0.04547985 0 -0.06919394 0 0 -0.03335274 -0.04504464 0.2138038 -0.08548178 -0.0870419 -0.03650045 -0.03690099 -0.03690099 -0.06694858 0.2098897 1.01 0.1256194 -0.08548178 0.0361106 -0.03320843 -0.07289875 0.003117245 -0.06577556 -0.1601162 -0.03689659 -0.1596633 0 0.1392137 0 -0.02794877 -0.03291891 0 -0.07246523 0.2050077 -0.03702501 -0.03017926 0 0 -0.06545543 0 -0.03443482 -0.03674591 0 -0.02442296 0.2223595 -0.03986087 0.2050077 -0.05203132 -0.02439444 -0.08562749 -0.03017926 0.1371041 0 -0.04272746 -0.0730566 0.2101708 -0.08681211 0.6081091 -0.03443482 -0.03351921 -0.08548178 -0.03714917 0 -0.05850473 -0.0659661 -0.04502994 0 -0.1596633 -0.03690099 0.2053977 -0.06723537 -0.03690099 0.2049011 -0.03690099 -0.05971276 -0.03443482 -0.1599111 0 -0.03818934 -0.02648005 -0.05971276 -0.03690099 0 -0.03690099 -0.03690099 0.1375492 0 0.2163912 -0.05971276 0.2199626 0.2158829 -0.03443482 -0.03443482 -0.03290676 -0.03206302 -0.02968226 -0.06398442 -0.03690099 0 -0.06545543 0.2134212 -0.03443482 0.1371816 0 -0.02845397 -0.05661222 0 -0.07243214 -0.06679734 -0.02798755 0.2185823 0.6081091 -0.08533598 -0.03443482 -0.1852319 0.214151 0.2164107 -0.03443482 0.2123177 0.2312201 -0.04156711 -0.1134643 -0.092105 0.2173063 -0.02798755 -0.03815339 0 -0.03443482 0 -0.02704546 -0.02164783 0.2690892 -0.03812783 0.2073971 1 0.2173063 0.245824 0 -0.03320843 0 -0.03690099 0 -0.02704546 0.1395319 -0.08680469
0.09761974 0.0823979 0 0.09056163 0.09174742 0.08470208 0 0 -0.0567891 0.03103373 0 0 0 0 -0.04155576 0 0.03949629 0 0 0.08298454 -0.3035005 0.5442599 0.07679041 0.1320483 0.09022148 0.09056163 0.09056163 0.1259359 0.506322 0.1256194 1.01 0.07679041 0.3094386 0.0452682 0.1409416 0.0851848 0.1340027 0.2601145 0.08515038 0.2627038 0 0.8495459 0 0.07776688 0.07718838 0 0.1394221 0.5806854 0.09075984 0.0766036 0 0 0.1344383 0 0.08470208 0.08747146 0 0.03646484 0.5300794 0.1017214 0.5806854 0.05050813 0.06997613 0.07661507 0.0766036 0.8629463 0 -0.366527 -0.5014744 0.4853363 0.07805758 0.1829128 0.08470208 0.09284371 0.07679041 0.09037612 0 0.1263286 0.1163124 0.09796133 0 0.2627038 0.09056163 0.5771887 0.1286594 0.09056163 0.5811198 0.09056163 0.08796741 0.08470208 0.2628499 0 0.09024602 0.07427301 0.08796741 0.09056163 0 0.09056163 0.09056163 0.8586013 0 0.5449897 0.08796741 0.5447649 0.5463728 0.08470208 0.08470208 0.07056176 0.06145606 0.05783993 0.1132782 0.09056163 0 0.1344383 0.5130548 0.08470208 0.8627226 0 0.03822552 0.09458365 0 0.130625 0.09987852 0.07405685 0.4979975 0.1829128 0.07696591 0.08470208 0.3122794 0.5462401 0.5424054 0.08470208 0.5324535 0.4734009 0.06557517 0.1557703 0.1059839 0.5434508 0.07405685 0.06024908 0 0.08470208 0 0.04261081 0.07701394 0.4283597 0.06310434 0.5732512 0.1256194 0.5434508 0.05807877 0 0.0452682 0 0.09056163 0 0.04261081 0.8487845 0.0777463
-0.07300781 -0.06315345 0 -0.05721391 -0.05706394 -0.05001539 0 0 0.1223173 -0.03375939 0 0 0 0 0.5378259 0 -0.08391558 0 0 -0.04874015 -0.04315011 -0.3913818 1 -0.08842935 -0.05710907 -0.05721391 -0.05721391 -0.0671184 -0.3973246 -0.08548178 0.07679041 1.01 0.05388168 -0.02222626 -0.09730763 -0.05199057 -0.09248584 -0.1767808 -0.05056384 -0.1766096 0 0.1624492 0 -0.05577544 -0.0522219 0 -0.09588943 -0.4145922 -0.05735767 -0.0508656 0 0 -0.09210185 0 -0.05001539 -0.05054382 0 0.3087978 -0.3799928 -0.0720793 -0.4145922 -0.05210964 -0.05306833 0.9994095 -0.0508656 0.1596106 0 -0.05040268 -0.08285343 -0.4014677 0.9944286 -0.144528 -0.05001539 -0.06838208 1 -0.06227796 0 -0.07711811 -0.08796822 -0.05839626 0 -0.1766096 -0.05721391 -0.4122061 -0.06750378 -0.05721391 -0.4134749 -0.05721391 -0.06828967 -0.05001539 -0.1769363 0 -0.05946835 -0.05354078 -0.06828967 -0.05721391 0 -0.05721391 -0.05721391 0.1597224 0 -0.3916991 -0.06828967 -0.3806404 -0.3931153 -0.05001539 -0.05001539 -0.04359079 -0.04049778 0.08135025 -0.08048719 -0.05721391 0 -0.09210185 -0.3615265 -0.05001539 0.1588439 0 -0.03272411 -0.07377927 0 -0.08855083 -0.08032691 -0.05858452 -0.3328733 -0.144528 0.9994091 -0.05001539 -0.2173714 -0.3865023 -0.3925878 -0.05001539 -0.3729666 -0.3383845 -0.04007542 0.6935654 0.867488 -0.388235 -0.05858452 0.4295513 0 -0.05001539 0 -0.04897302 -0.04641195 -0.308589 -0.04754349 -0.4061707 -0.08548178 -0.388235 -0.03192127 0 -0.02222626 0 -0.05721391 0 -0.04897302 0.1619887 0.9879943
0.02709524 0.01886365 0 0.02065049 0.02103301 0.01878003 0 0 0.01066243 0.002264891 0 0 0 0 0.02711574 0 0.04235457 0 0 0.01821879 0.01392605 0.1684632 0.05388168 0.04448913 0.02106021 0.02065049 0.02065049 0.03882002 0.171403 0.0361106 0.3094386 0.05388168 1.01 0.01579788 0.03240089 0.01825936 0.04182773 0.09231843 0.01904609 0.0920856 0 0.2804976 0 0.01681911 0.02275872 0 0.03174506 0.1778329 0.02071445 0.02839603 0 0 0.04166671 0 0.01878003 0.01997708 0 0.01059143 0.1681543 0.03195553 0.1778329 0.01910501 0.01207225 0.05266672 0.02839603 0.2827993 0 0.02081628 0.03145136 0.1740427 0.05454137 0.0538315 0.01878003 0.0247883 0.05388168 0.0237749 0 0.03867695 0.03750646 0.02543165 0 0.0920856 0.02065049 0.1762126 0.04213417 0.02065049 0.1779637 0.02065049 0.02361965 0.01878003 0.09220646 0 0.01820855 0.01928394 0.02361965 0.02065049 0 0.02065049 0.02065049 0.2811401 0 0.1693682 0.02361965 0.1705635 0.1695003 0.01878003 0.01878003 0.02100652 0.02419211 0.02255762 0.04222651 0.02065049 0 0.04166671 0.1609378 0.01878003 0.2826226 0 0.01685303 0.0309748 0 0.02909864 0.03930356 0.01817455 0.1651641 0.0538315 0.05380869 0.01878003 0.1076787 0.1683656 0.1682061 0.01878003 0.1642153 0.1458396 0.01805688 0.07067578 0.05697271 0.1692606 0.01817455 0.0188518 0 0.01878003 0 0.01420579 0.01960869 0.1416295 0.017184 0.1761134 0.0361106 0.1692606 0.02110548 0 0.01579788 0 0.02065049 0 0.01420579 0.2801581 0.05323789
-0.01265484 -0.020372 0 -0.01415562 -0.01444427 -0.009076625 0 0 0.2054614 -0.0108474 0 0 0 0 -0.01828778 0 -0.03637335 0 0 -0.01190106 -0.008075161 -0.1192873 -0.02222626 -0.005870631 -0.01446725 -0.01415562 -0.01415562 -0.03292616 -0.1205359 -0.03320843 0.0452682 -0.02222626 0.01579788 1.01 -0.03477536 -0.01057223 0.3279913 -0.05482588 -0.01117766 -0.05464619 0 0.05453955 0 -0.02083093 -0.02323664 0 -0.0343527 -0.1262572 -0.01420388 -0.01877111 0 0 0.3284362 0 -0.009076625 -0.006860393 0 -0.003678264 -0.1175086 -0.02009107 -0.1262572 -0.008594589 -0.01790793 -0.0222869 -0.01877111 0.05272449 0 -0.02168855 -0.01620029 -0.12257 -0.02278743 -0.04687696 -0.009076625 -0.02009353 -0.02222626 -0.01651448 0 0.3658969 -0.01648957 -0.01776297 0 -0.05464619 -0.01415562 -0.126101 -0.04050537 -0.01415562 -0.1263527 -0.01415562 -0.02359262 -0.009076625 -0.05475019 0 -0.01557701 -0.01079774 -0.02359262 -0.01415562 0 -0.01415562 -0.01415562 0.05329802 0 -0.1204236 -0.02359262 -0.1185072 -0.1210927 -0.009076625 -0.009076625 -0.01851428 -0.007174793 -0.006915286 -0.0318771 -0.01415562 0 0.3284362 -0.1098236 -0.009076625 0.05275474 0 -0.008903018 -0.01437572 0 -0.03560091 -0.03538494 -0.01838665 -0.120524 -0.04687696 -0.0221656 -0.009076625 -0.06104685 -0.1191292 -0.1207018 -0.009076625 -0.1171197 -0.1091566 -0.02188869 0.2183645 -0.02793057 -0.120815 -0.01838665 -0.002429721 0 -0.009076625 0 -0.01606688 -0.01617683 -0.09272356 -0.02110471 -0.1243234 -0.03320843 -0.120815 -0.009623266 0 1 0 -0.01415562 0 -0.01606688 0.0546628 -0.02108669
-0.07308151 -0.04264667 0 -0.05789179 -0.05869203 -0.05227946 0 0 -0.05036296 0.3297754 0 0 0 0 -0.05789558 0 -0.06996216 0 0 -0.05229466 -0.0471176 0.2574225 -0.09730763 -0.09262247 -0.05872373 -0.05789179 -0.05789179 -0.05473912 0.2530657 -0.07289875 0.1409416 -0.09730763 0.03240089 -0.03477536 1.01 -0.05491568 -0.08984436 -0.1652204 -0.05428938 -0.1651019 0 0.153492 0 -0.04089563 -0.04588018 0 0.9943082 0.2389256 -0.05802556 -0.05562649 0 0 -0.08948159 0 -0.05227946 -0.05244376 0 -0.0280376 0.2512957 0.01894807 0.2389256 -0.04978195 -0.04218942 -0.09747908 -0.05562649 0.1525177 0 -0.05236436 -0.07137746 0.2506553 -0.0982487 -0.1183735 -0.05227946 0.02529051 -0.09730763 -0.06234046 0 -0.07774772 -0.0830683 -0.05669959 0 -0.1651019 -0.05789179 0.2192682 -0.06239039 -0.05789179 0.2388006 -0.05789179 0.6495082 -0.05227946 -0.1654149 0 -0.058671 -0.03962677 0.6495082 -0.05789179 0 -0.05789179 -0.05789179 0.1413943 0 0.2573765 0.6495082 0.2583331 0.2564318 -0.05227946 -0.05227946 -0.03824037 -0.04048235 -0.04172575 -0.007052757 -0.05789179 0 -0.08948159 0.1480381 -0.05227946 0.1526113 0 0.1713406 -0.07241977 0 0.9380141 -0.06455281 -0.04266326 0.2563863 -0.1183735 -0.09713609 -0.05227946 -0.2008627 0.2550377 0.2569091 -0.05227946 0.221005 0.2420357 -0.03853711 -0.1398984 -0.1100803 0.2584409 -0.04266326 -0.03680531 0 -0.05227946 0 -0.04165549 -0.04467426 -0.2756602 -0.04050199 0.2430368 -0.07289875 0.2584409 -0.02884682 0 -0.03477536 0 -0.05789179 0 -0.04165549 0.1538688 -0.09887177
