1.01 0 0 0 0 0 0 0 0 -0.05950156 -0.05199619 0 -0.1919643 0 0 0 -0.1451744 0 -0.1134684 0 -0.1467269 -0.03016741 0 0 0.9945916 0 -0.143201 0 -0.05511285 0 -0.06285662 0 1 0 0 0 1 -0.1134684 -0.1449604 0.07007582 -0.06267498 -0.1440885 -0.1434796 -0.06267498 -0.02482084 0 0 -0.06228649 0 0 -0.1903993 0 -0.06161932 0 -0.3255949 -0.3255273 -0.053723 0 -0.0644472 -0.06626432 -0.01559152 0 0.450059 0 0 0 0 -0.1325808 0 0 0.4543646 0 0 0.6565915 0 0 0 0.4554032 0 -0.1391978 0 0 0 0.6585267 0 0 0 0 0 0 -0.112529 0.6444186 0 0 -0.03530142 0.6591514 0 0.659034 -0.03459117 0 0 -0.03118808 0.6772455 0 0 -0.03716902 0 0 -0.1368728 0 0 -0.157156 0 0 0 -0.06495132 0 0 0.6159997 0 0 -0.1135685 0 0 0 -0.0650291 -0.1644622 0.6159997 -0.1644622 0 0 0 0 0 0 0.1732842 -0.04724853 -0.04880993 0 -0.1158788 0 0.2185962 0.07367315 -0.1158788 0 0 0 -0.04859443 0 0 0 0 -0.01451815 -0.1134397 0 -0.02116574 0.1868936 -0.06495132
0 1.01 0 0 0 0 0 0 0 0 0 0 0 0 0 0 0 0 0 0 0 0 0 0 0 0 0 0 0 0 0 0 0 0 0 0 0 0 0 0 0 0 0 0 0 0 0 0 0 0 0 0 0 0 0 0 0 0 0 0 0 0 0 0 0 0 0 0 0 0 0 0 0 0 0 0 0 0 0 0 0 0 0 0 0 0 0 0 0 0 0 0 0 0 0 0 0 0 0 0 0 0 0 0 0 0 0 0 0 0 0 0 0 0 0 0 0 0 0 0 0 0 0 0 0 0 0 0 0 0 0 0 0 0 0 0 0 0 0 0 0 0 0 0 0 0 0 0 0 0 0 0 0 0 0 0 0 0
0 0 1.01 0 0 0 0 0 0 0 0 0 0 0 0 0 0 0 0 0 0 0 0 0 0 0 0 0 0 0 0 0 0 0 0 0 0 0 0 0 0 0 0 0 0 0 0 0 0 0 0 0 0 0 0 0 0 0 0 0 0 0 0 0 0 0 0 0 0 0 0 0 0 0 0 0 0 0 0 0 0 0 0 0 0 0 0 0 0 0 0 0 0 0 0 0 0 0 0 0 0 0 0 0 0 0 0 0 0 0 0 0 0 0 0 0 0 0 0 0 0 0 0 0 0 0 0 0 0 0 0 0 0 0 0 0 0 0 0 0 0 0 0 0 0 0 0 0 0 0 0 0 0 0 0 0 0 0
0 0 0 1.01 0 0 0 0 0 0 0 0 0 0 0 0 0 0 0 0 0 0 0 0 0 0 0 0 0 0 0 0 0 0 0 0 0 0 0 0 0 0 0 0 0 0 0 0 0 0 0 0 0 0 0 0 0 0 0 0 0 0 0 0 0 0 0 0 0 0 0 0 0 0 0 0 0 0 0 0 0 0 0 0 0 0 0 0 0 0 0 0 0 0 0 0 0 0 0 0 0 0 0 0 0 0 0 0 0 0 0 0 0 0 0 0 0 0 0 0 0 0 0 0 0 0 0 0 0 0 0 0 0 0 0 0 0 0 0 0 0 0 0 0 0 0 0 0 0 0 0 0 0 0 0 0 0 0
0 0 0 0 1.01 0 0 0 0 0 0 0 0 0 0 0 0 0 0 0 0 0 0 0 0 0 0 0 0 0 0 0 0 0 0 0 0 0 0 0 0 0 0 0 0 0 0 0 0 0 0 0 0 0 0 0 0 0 0 0 0 0 0 0 0 0 0 0 0 0 0 0 0 0 0 0 0 0 0 0 0 0 0 0 0 0 0 0 0 0 0 0 0 0 0 0 0 0 0 0 0 0 0 0 0 0 0 0 0 0 0 0 0 0 0 0 0 0 0 0 0 0 0 0 0 0 0 0 0 0 0 0 0 0 0 0 0 0 0 0 0 0 0 0 0 0 0 0 0 0 0 0 0 0 0 0 0 0
0 0 0 0 0 1.01 0 0 0 0 0 0 0 0 0 0 0 0 0 0 0 0 0 0 0 0 0 0 0 0 0 0 0 0 0 0 0 0 0 0 0 0 0 0 0 0 0 0 0 0 0 0 0 0 0 0 0 0 0 0 0 0 0 0 0 0 0 0 0 0 0 0 0 0 0 0 0 0 0 0 0 0 0 0 0 0 0 0 0 0 0 0 0 0 0 0 0 0 0 0 0 0 0 0 0 0 0 0 0 0 0 0 0 0 0 0 0 0 0 0 0 0 0 0 0 0 0 0 0 0 0 0 0 0 0 0 0 0 0 0 0 0 0 0 0 0 0 0 0 0 0 0 0 0 0 0 0 0
0 0 0 0 0 0 1.01 0 0 0 0 0 0 0 0 0 0 0 0 0 0 0 0 0 0 0 0 0 0 0 0 0 0 0 0 0 0 0 0 0 0 0 0 0 0 0 0 0 0 0 0 0 0 0 0 0 0 0 0 0 0 0 0 0 0 0 0 0 0 0 0 0 0 0 0 0 0 0 0 0 0 0 0 0 0 0 0 0 0 0 0 0 0 0 0 0 0 0 0 0 0 0 0 0 0 0 0 0 0 0 0 0 0 0 0 0 0 0 0 0 0 0 0 0 0 0 0 0 0 0 0 0 0 0 0 0 0 0 0 0 0 0 0 0 0 0 0 0 0 0 0 0 0 0 0 0 0 0
0 0 0 0 0 0 0 1.01 0 0 0 0 0 0 0 0 0 0 0 0 0 0 0 0 0 0 0 0 0 0 0 0 0 0 0 0 0 0 0 0 0 0 0 0 0 0 0 0 0 0 0 0 0 0 0 0 0 0 0 0 0 0 0 0 0 0 0 0 0 0 0 0 0 0 0 0 0 0 0 0 0 0 0 0 0 0 0 0 0 0 0 0 0 0 0 0 0 0 0 0 0 0 0 0 0 0 0 0 0 0 0 0 0 0 0 0 0 0 0 0 0 0 0 0 0 0 0 0 0 0 0 0 0 0 0 0 0 0 0 0 0 0 0 0 0 0 0 0 0 0 0 0 0 0 0 0 0 0
0 0 0 0 0 0 0 0 1.01 0 0 0 0 0 0 0 0 0 0 0 0 0 0 0 0 0 0 0 0 0 0 0 0 0 0 0 0 0 0 0 0 0 0 0 0 0 0 0 0 0 0 0 0 0 0 0 0 0 0 0 0 0 0 0 0 0 0 0 0 0 0 0 0 0 0 0 0 0 0 0 0 0 0 0 0 0 0 0 0 0 0 0 0 0 0 0 0 0 0 0 0 0 0 0 0 0 0 0 0 0 0 0 0 0 0 0 0 0 0 0 0 0 0 0 0 0 0 0 0 0 0 0 0 0 0 0 0 0 0 0 0 0 0 0 0 0 0 0 0 0 0 0 0 0 0 0 0 0
-0.05950156 0 0 0 0 0 0 0 0 1.01 0.852247 0 0.3119099 0 0 0 -0.1616676 0 -0.1217412 0 -0.1474332 -0.04941327 0 0 -0.06044435 0 -0.1609218 0 0.9016351 0 -0.06102928 0 -0.05950156 0 0 0 -0.05950156 -0.1217412 -0.1630301 0.08786482 -0.06171415 -0.16187 -0.1611418 -0.06171415 0.01864938 0 0 0.9712411 0 0 0.3019853 0 -0.06162462 0 0.1799799 0.1801042 0.8903739 0 -0.06210414 -0.06609689 -0.02819048 0 -0.1087004 0 0 0 0 -0.09118232 0 0 -0.09365738 0 0 -0.06808371 0 0 0 -0.09393171 0 -0.09149638 0 0 0 -0.0679729 0 0 0 0 0 0 -0.1306103 -0.0713727 0 0 -0.03466384 -0.06784397 0 -0.067812 -0.04355042 0 0 -0.04390434 -0.06525006 0 0 -0.0335253 0 0 -0.09455304 0 0 -0.1202302 0 0 0 -0.06039525 0 0 -0.07051101 0 0 -0.1212512 0 0 0 -0.06048264 -0.1186373 -0.07051101 -0.1186373 0 0 0 0 0 0 -0.2151556 -0.03555312 0.7473958 0 -0.09605709 0 -0.1430855 -0.5665643 -0.09605709 0 0 0 0.7301639 0 0 0 0 -0.03295851 -0.09291073 0 -0.001463039 -0.1617681 -0.06039525
-0.05199619 0 0 0 0 0 0 0 0 0.852247 1.01 0 0.2756947 0 0 0 -0.1369882 0 -0.1164653 0 -0.1249194 -0.04072961 0 0 -0.0527855 0 -0.1362525 0 0.9379756 0 -0.0532569 0 -0.05199619 0 0 0 -0.05199619 -0.1164653 -0.1381406 0.07385516 -0.05411646 -0.1370549 -0.1365802 -0.05411646 -0.02892807 0 0 0.8479031 0 0 0.2672965 0 -0.0540414 0 0.1613408 0.1614469 0.9246159 0 -0.0556434 -0.05823232 -0.02877596 0 -0.09570772 0 0 0 0 -0.1260647 0 0 -0.08448901 0 0 -0.0629104 0 0 0 -0.08491057 0 -0.127966 0 0 0 -0.06307001 0 0 0 0 0 0 -0.1164528 -0.0665062 0 0 -0.03794917 -0.06295831 0 -0.0629366 -0.04056533 0 0 -0.0322425 -0.06004266 0 0 -0.02910506 0 0 -0.1280237 0 0 -0.1478296 0 0 0 -0.05244358 0 0 -0.06339448 0 0 -0.1058849 0 0 0 -0.0525171 -0.1466873 -0.06339448 -0.1466873 0 0 0 0 0 0 -0.2430939 -0.03613107 0.7711901 0 -0.1289238 0 -0.1682206 -0.6072345 -0.1289238 0 0 0 0.7543351 0 0 0 0 -0.02992465 -0.1266151 0 0.00877736 -0.1829374 -0.05244358
0 0 0 0 0 0 0 0 0 0 0 1.01 0 0 0 0 0 0 0 0 0 0 0 0 0 0 0 0 0 0 0 0 0 0 0 0 0 0 0 0 0 0 0 0 0 0 0 0 0 0 0 0 0 0 0 0 0 0 0 0 0 0 0 0 0 0 0 0 0 0 0 0 0 0 0 0 0 0 0 0 0 0 0 0 0 0 0 0 0 0 0 0 0 0 0 0 0 0 0 0 0 0 0 0 0 0 0 0 0 0 0 0 0 0 0 0 0 0 0 0 0 0 0 0 0 0 0 0 0 0 0 0 0 0 0 0 0 0 0 0 0 0 0 0 0 0 0 0 0 0 0 0 0 0 0 0 0 0
-0.1919643 0 0 0 0 0 0 0 0 0.3119099 0.2756947 0 1.01 0 0 0 0.7660876 0 -0.4227008 0 -0.462868 0.210211 0 0 -0.1885333 0 0.7608524 0 0.2928922 0 0.299933 0 -0.1919643 0 0 0 -0.1919643 -0.4227008 0.7501726 0.2486346 0.2993742 0.7570004 0.7603896 0.2993742 -0.08651792 0 0 0.312382 0 0 0.9858938 0 0.2984953 0 0.5796858 0.5796505 0.2898235 0 0.2870985 0.3080338 -0.0857553 0 -0.1145792 0 0 0 0 -0.2465099 0 0 0.07872025 0 0 -0.1712167 0 0 0 0.07815584 0 -0.2493101 0 0 0 -0.1737528 0 0 0 0 0 0 -0.2086036 -0.1849231 0 0 0.02706818 -0.1745274 0 -0.1743915 -0.1071823 0 0 0.1731208 -0.1904579 0 0 0.2088285 0 0 -0.2375607 0 0 -0.07350801 0 0 0 0.2914634 0 0 -0.159833 0 0 -0.1736906 0 0 0 0.2918849 -0.0710162 -0.159833 -0.0710162 0 0 0 0 0 0 0.11744 -0.1187882 0.2614839 0 -0.2332789 0 -0.2376876 -0.07854305 -0.2332789 0 0 0 0.248677 0 0 0 0 0.1145281 -0.2242613 0 -0.06237033 -0.1466743 0.2914634
0 0 0 0 0 0 0 0 0 0 0 0 0 1.01 0 0 0 0 0 0 0 0 0 0 0 0 0 0 0 0 0 0 0 0 0 0 0 0 0 0 0 0 0 0 0 0 0 0 0 0 0 0 0 0 0 0 0 0 0 0 0 0 0 0 0 0 0 0 0 0 0 0 0 0 0 0 0 0 0 0 0 0 0 0 0 0 0 0 0 0 0 0 0 0 0 0 0 0 0 0 0 0 0 0 0 0 0 0 0 0 0 0 0 0 0 0 0 0 0 0 0 0 0 0 0 0 0 0 0 0 0 0 0 0 0 0 0 0 0 0 0 0 0 0 0 0 0 0 0 0 0 0 0 0 0 0 0 0
0 0 0 0 0 0 0 0 0 0 0 0 0 0 1.01 0 0 0 0 0 0 0 0 0 0 0 0 0 0 0 0 0 0 0 0 0 0 0 0 0 0 0 0 0 0 0 0 0 0 0 0 0 0 0 0 0 0 0 0 0 0 0 0 0 0 0 0 0 0 0 0 0 0 0 0 0 0 0 0 0 0 0 0 0 0 0 0 0 0 0 0 0 0 0 0 0 0 0 0 0 0 0 0 0 0 0 0 0 0 0 0 0 0 0 0 0 0 0 0 0 0 0 0 0 0 0 0 0 0 0 0 0 0 0 0 0 0 0 0 0 0 0 0 0 0 0 0 0 0 0 0 0 0 0 0 0 0 0
0 0 0 0 0 0 0 0 0 0 0 0 0 0 0 1.01 0 0 0 0 0 0 0 0 0 0 0 0 0 0 0 0 0 0 0 0 0 0 0 0 0 0 0 0 0 0 0 0 0 0 0 0 0 0 0 0 0 0 0 0 0 0 0 0 0 0 0 0 0 0 0 0 0 0 0 0 0 0 0 0 0 0 0 0 0 0 0 0 0 0 0 0 0 0 0 0 0 0 0 0 0 0 0 0 0 0 0 0 0 0 0 0 0 0 0 0 0 0 0 0 0 0 0 0 0 0 0 0 0 0 0 0 0 0 0 0 0 0 0 0 0 0 0 0 0 0 0 0 0 0 0 0 0 0 0 0 0 0
-0.1451744 0 0 0 0 0 0 0 0 -0.1616676 -0.1369882 0 0.7660876 0 0 0 1.01 0 -0.3253649 0 -0.3497873 0.2768262 0 0 -0.1459461 0 0.993903 0 -0.1461593 0 -0.1502695 0 -0.1451744 0 0 0 -0.1451744 -0.3253649 0.983492 0.1965899 -0.1512352 0.9903985 0.9936578 -0.1512352 -0.05663321 0 0 -0.1600629 0 0 0.7557822 0 -0.1515098 0 0.4432973 0.443133 -0.1455817 0 -0.1551348 -0.1204338 -0.06383884 0 -0.02253713 0 0 0 0 -0.1475023 0 0 -0.1604602 0 0 -0.1169565 0 0 0 -0.1608989 0 -0.1488315 0 0 0 -0.1197672 0 0 0 0 0 0 -0.07953389 -0.1278836 0 0 0.0681614 -0.1207434 0 -0.1206257 -0.08449164 0 0 0.2333548 -0.1395765 0 0 0.2551171 0 0 -0.1470928 0 0 -0.1760205 0 0 0 -0.091254 0 0 -0.1007754 0 0 -0.04334984 0 0 0 -0.09055072 -0.1753327 -0.1007754 -0.1753327 0 0 0 0 0 0 0.1513266 -0.09198444 -0.1041321 0 -0.1406316 0 -0.1956261 0.1887431 -0.1406316 0 0 0 -0.1076161 0 0 0 0 0.1598151 -0.1339374 0 -0.05816141 -0.2071108 -0.091254
0 0 0 0 0 0 0 0 0 0 0 0 0 0 0 0 0 1.01 0 0 0 0 0 0 0 0 0 0 0 0 0 0 0 0 0 0 0 0 0 0 0 0 0 0 0 0 0 0 0 0 0 0 0 0 0 0 0 0 0 0 0 0 0 0 0 0 0 0 0 0 0 0 0 0 0 0 0 0 0 0 0 0 0 0 0 0 0 0 0 0 0 0 0 0 0 0 0 0 0 0 0 0 0 0 0 0 0 0 0 0 0 0 0 0 0 0 0 0 0 0 0 0 0 0 0 0 0 0 0 0 0 0 0 0 0 0 0 0 0 0 0 0 0 0 0 0 0 0 0 0 0 0 0 0 0 0 0 0
-0.1134684 0 0 0 0 0 0 0 0 -0.1217412 -0.1164653 0 -0.4227008 0 0 0 -0.3253649 0 1.01 0 -0.3100347 -0.08498034 0 0 -0.1138316 0 -0.3223704 0 -0.1224766 0 -0.1241225 0 -0.1134684 0 0 0 -0.1134684 1 -0.3268196 0.1701404 -0.1236906 -0.3229705 -0.3221539 -0.1236906 0.1951524 0 0 -0.1376966 0 0 -0.4199641 0 -0.123507 0 -0.6885123 -0.6883601 -0.1210417 0 -0.1242032 -0.1275643 -0.05891686 0 0.01140119 0 0 0 0 0.5808726 0 0 -0.08400944 0 0 -0.006989633 0 0 0 -0.08391226 0 0.560336 0 0 0 -0.00619186 0 0 0 0 0 0 -0.1672895 -0.01744922 0 0 0.03825683 -0.006446374 0 -0.006253816 0.03303276 0 0 -0.06767636 -0.000424988 0 0 -0.0935425 0 0 0.557857 0 0 0.4650442 0 0 0 -0.1090463 0 0 -0.009916262 0 0 -0.2083346 0 0 0 -0.1092294 0.4699074 -0.009916262 0.4699074 0 0 0 0 0 0 0.2913058 -0.09135253 -0.1068652 0 0.5450884 0 0.4710751 0.1706967 0.5450884 0 0 0 -0.1077369 0 0 0 0 -0.05366294 0.5533386 0 0.02311438 0.4283615 -0.1090463
0 0 0 0 0 0 0 0 0 0 0 0 0 0 0 0 0 0 0 1.01 0 0 0 0 0 0 0 0 0 0 0 0 0 0 0 0 0 0 0 0 0 0 0 0 0 0 0 0 0 0 0 0 0 0 0 0 0 0 0 0 0 0 0 0 0 0 0 0 0 0 0 0 0 0 0 0 0 0 0 0 0 0 0 0 0 0 0 0 0 0 0 0 0 0 0 0 0 0 0 0 0 0 0 0 0 0 0 0 0 0 0 0 0 0 0 0 0 0 0 0 0 0 0 0 0 0 0 0 0 0 0 0 0 0 0 0 0 0 0 0 0 0 0 0 0 0 0 0 0 0 0 0 0 0 0 0 0 0
-0.1467269 0 0 0 0 0 0 0 0 -0.1474332 -0.1249194 0 -0.462868 0 0 0 -0.3497873 0 -0.3100347 0 1.01 -0.1005935 0 0 -0.1472395 0 -0.348865 0 -0.1345165 0 -0.1519079 0 -0.1467269 0 0 0 -0.1467269 -0.3100347 -0.3310685 0.1588983 -0.1519704 -0.3430256 -0.3485888 -0.1519704 -0.0600896 0 0 -0.150712 0 0 -0.4612654 0 -0.1512698 0 0.4153683 0.4151688 -0.1337454 0 -0.1357115 -0.1520724 0.1698657 0 -0.1771999 0 0 0 0 -0.1509507 0 0 -0.1747986 0 0 -0.08671002 0 0 0 -0.1747064 0 -0.1338833 0 0 0 -0.0858533 0 0 0 0 0 0 0.4852932 -0.06783995 0 0 -0.02411738 -0.08515935 0 -0.08545925 0.1312654 0 0 -0.08117207 -0.07778603 0 0 -0.1043102 0 0 -0.1339475 0 0 -0.209149 0 0 0 -0.1516374 0 0 -0.06928737 0 0 0.5006769 0 0 0 -0.1518281 -0.205846 -0.06928737 -0.205846 0 0 0 0 0 0 -0.3862628 0.2716981 -0.122073 0 -0.1343298 0 -0.2048807 0.134343 -0.1343298 0 0 0 -0.1061511 0 0 0 0 -0.06567089 -0.1555431 0 0.07981395 -0.2375879 -0.1516374
-0.03016741 0 0 0 0 0 0 0 0 -0.04941327 -0.04072961 0 0.210211 0 0 0 0.2768262 0 -0.08498034 0 -0.1005935 1.01 0 0 -0.03082206 0 0.2772559 0 -0.04481939 0 -0.0420279 0 -0.03016741 0 0 0 -0.03016741 -0.08498034 0.2733338 0.06115017 -0.04189639 0.2765746 0.2773915 -0.04189639 -0.01155464 0 0 -0.04755819 0 0 0.2087965 0 -0.04183911 0 0.1279935 0.1280751 -0.04389372 0 -0.04383998 -0.04450046 -0.02371045 0 -0.01458471 0 0 0 0 -0.102216 0 0 -0.01401035 0 0 0.02009081 0 0 0 -0.01374141 0 -0.1026964 0 0 0 0.02083886 0 0 0 0 0 0 -0.08242957 0.01594662 0 0 -0.04059101 0.02089215 0 0.02097534 -0.02576526 0 0 -0.01890549 0.004819756 0 0 -0.02848672 0 0 -0.1034668 0 0 -0.1205711 0 0 0 -0.0417528 0 0 0.02432008 0 0 -0.1077917 0 0 0 -0.0405306 -0.1198695 0.02432008 -0.1198695 0 0 0 0 0 0 0.1384539 -0.03046752 -0.03330202 0 -0.09842527 0 -0.07880633 0.06062432 -0.09842527 0 0 0 -0.03547907 0 0 0 0 -0.01202658 -0.09708508 0 -0.01324283 -0.09203085 -0.0417528
0 0 0 0 0 0 0 0 0 0 0 0 0 0 0 0 0 0 0 0 0 0 1.01 0 0 0 0 0 0 0 0 0 0 0 0 0 0 0 0 0 0 0 0 0 0 0 0 0 0 0 0 0 0 0 0 0 0 0 0 0 0 0 0 0 0 0 0 0 0 0 0 0 0 0 0 0 0 0 0 0 0 0 0 0 0 0 0 0 0 0 0 0 0 0 0 0 0 0 0 0 0 0 0 0 0 0 0 0 0 0 0 0 0 0 0 0 0 0 0 0 0 0 0 0 0 0 0 0 0 0 0 0 0 0 0 0 0 0 0 0 0 0 0 0 0 0 0 0 0 0 0 0 0 0 0 0 0 0
0 0 0 0 0 0 0 0 0 0 0 0 0 0 0 0 0 0 0 0 0 0 0 1.01 0 0 0 0 0 0 0 0 0 0 0 0 0 0 0 0 0 0 0 0 0 0 0 0 0 0 0 0 0 0 0 0 0 0 0 0 0 0 0 0 0 0 0 0 0 0 0 0 0 0 0 0 0 0 0 0 0 0 0 0 0 0 0 0 0 0 0 0 0 0 0 0 0 0 0 0 0 0 0 0 0 0 0 0 0 0 0 0 0 0 0 0 0 0 0 0 0 0 0 0 0 0 0 0 0 0 0 0 0 0 0 0 0 0 0 0 0 0 0 0 0 0 0 0 0 0 0 0 0 0 0 0 0 0
0.9945916 0 0 0 0 0 0 0 0 -0.06044435 -0.0527855 0 -0.1885333 0 0 0 -0.1459461 0 -0.1138316 0 -0.1472395 -0.03082206 0 0 1.01 0 -0.143963 0 -0.05595982 0 -0.05304683 0 0.9945916 0 0 0 0.9945916 -0.1138316 -0.1457462 0.07038487 -0.05284324 -0.1448549 -0.1442379 -0.05284324 -0.02517334 0 0 -0.0632215 0 0 -0.1869519 0 -0.05178848 0 -0.322994 -0.3229257 -0.05456747 0 -0.05477336 -0.05679078 -0.01599222 0 0.4469756 0 0 0 0 -0.1319883 0 0 0.4576792 0 0 0.6525767 0 0 0 0.4587245 0 -0.1386016 0 0 0 0.6545103 0 0 0 0 0 0 -0.114319 0.6403846 0 0 -0.03585979 0.6551329 0 0.6550166 -0.03515048 0 0 -0.03006079 0.6731886 0 0 -0.03780204 0 0 -0.1363408 0 0 -0.152136 0 0 0 -0.05567174 0 0 0.6121813 0 0 -0.1156846 0 0 0 -0.05575307 -0.1593528 0.6121813 -0.1593528 0 0 0 0 0 0 0.1758193 -0.04776844 -0.04955942 0 -0.11554 0 0.2165655 0.07485691 -0.11554 0 0 0 -0.04936722 0 0 0 0 -0.01500651 -0.1130601 0 -0.02146268 0.1895306 -0.05567174
0 0 0 0 0 0 0 0 0 0 0 0 0 0 0 0 0 0 0 0 0 0 0 0 0 1.01 0 0 0 0 0 0 0 0 0 0 0 0 0 0 0 0 0 0 0 0 0 0 0 0 0 0 0 0 0 0 0 0 0 0 0 0 0 0 0 0 0 0 0 0 0 0 0 0 0 0 0 0 0 0 0 0 0 0 0 0 0 0 0 0 0 0 0 0 0 0 0 0 0 0 0 0 0 0 0 0 0 0 0 0 0 0 0 0 0 0 0 0 0 0 0 0 0 0 0 0 0 0 0 0 0 0 0 0 0 0 0 0 0 0 0 0 0 0 0 0 0 0 0 0 0 0 0 0 0 0 0 0
-0.143201 0 0 0 0 0 0 0 0 -0.1609218 -0.1362525 0 0.7608524 0 0 0 0.993903 0 -0.3223704 0 -0.348865 0.2772559 0 0 -0.143963 0 1.01 0 -0.1482403 0 -0.1502614 0 -0.143201 0 0 0 -0.143201 -0.3223704 0.9893772 0.1953246 -0.1512357 0.9962535 0.9994986 -0.1512357 -0.05580106 0 0 -0.1620292 0 0 0.7600908 0 -0.1515131 0 0.4388888 0.4387214 -0.1477124 0 -0.1550765 -0.1202002 -0.06302799 0 -0.02040099 0 0 0 0 -0.1438501 0 0 -0.1591356 0 0 -0.1156444 0 0 0 -0.1595818 0 -0.1451305 0 0 0 -0.1184798 0 0 0 0 0 0 -0.0882856 -0.1264464 0 0 0.06839941 -0.1194615 0 -0.1193438 -0.08623828 0 0 0.2354295 -0.1384552 0 0 0.2568882 0 0 -0.1430644 0 0 -0.1718752 0 0 0 -0.09085182 0 0 -0.09980512 0 0 -0.05148071 0 0 0 -0.09014459 -0.1712413 -0.09980512 -0.1712413 0 0 0 0 0 0 0.1594445 -0.09286092 -0.1068634 0 -0.1364436 0 -0.1910311 0.1895424 -0.1364436 0 0 0 -0.1102279 0 0 0 0 0.1595063 -0.129825 0 -0.05882643 -0.2024727 -0.09085182
0 0 0 0 0 0 0 0 0 0 0 0 0 0 0 0 0 0 0 0 0 0 0 0 0 0 0 1.01 0 0 0 0 0 0 0 0 0 0 0 0 0 0 0 0 0 0 0 0 0 0 0 0 0 0 0 0 0 0 0 0 0 0 0 0 0 0 0 0 0 0 0 0 0 0 0 0 0 0 0 0 0 0 0 0 0 0 0 0 0 0 0 0 0 0 0 0 0 0 0 0 0 0 0 0 0 0 0 0 0 0 0 0 0 0 0 0 0 0 0 0 0 0 0 0 0 0 0 0 0 0 0 0 0 0 0 0 0 0 0 0 0 0 0 0 0 0 0 0 0 0 0 0 0 0 0 0 0 0
-0.05511285 0 0 0 0 0 0 0 0 0.9016351 0.9379756 0 0.2928922 0 0 0 -0.1461593 0 -0.1224766 0 -0.1345165 -0.04481939 0 0 -0.05595982 0 -0.1482403 0 1.01 0 -0.05159437 0 -0.05511285 0 0 0 -0.05511285 -0.1224766 -0.1503763 0.07739227 -0.05237319 -0.1490937 -0.1485244 -0.05237319 -0.03271879 0 0 0.9023771 0 0 0.2847821 0 -0.05229083 0 0.1700962 0.1702094 0.987475 0 -0.05324586 -0.05707564 -0.02580765 0 -0.09992416 0 0 0 0 -0.1358881 0 0 -0.08691665 0 0 -0.06595098 0 0 0 -0.08727754 0 -0.137489 0 0 0 -0.06600619 0 0 0 0 0 0 -0.1275255 -0.06945506 0 0 -0.03967406 -0.06588739 0 -0.06586276 -0.04206128 0 0 -0.0346865 -0.06250516 0 0 -0.03401202 0 0 -0.1384927 0 0 -0.1586049 0 0 0 -0.05393917 0 0 -0.06658867 0 0 -0.1162883 0 0 0 -0.05401853 -0.1572004 -0.06658867 -0.1572004 0 0 0 0 0 0 -0.2633674 -0.03249463 0.8329005 0 -0.1396666 0 -0.1799967 -0.6396338 -0.1396666 0 0 0 0.8145765 0 0 0 0 -0.03263885 -0.1369444 0 0.003731648 -0.1962606 -0.05393917
0 0 0 0 0 0 0 0 0 0 0 0 0 0 0 0 0 0 0 0 0 0 0 0 0 0 0 0 0 1.01 0 0 0 0 0 0 0 0 0 0 0 0 0 0 0 0 0 0 0 0 0 0 0 0 0 0 0 0 0 0 0 0 0 0 0 0 0 0 0 0 0 0 0 0 0 0 0 0 0 0 0 0 0 0 0 0 0 0 0 0 0 0 0 0 0 0 0 0 0 0 0 0 0 0 0 0 0 0 0 0 0 0 0 0 0 0 0 0 0 0 0 0 0 0 0 0 0 0 0 0 0 0 0 0 0 0 0 0 0 0 0 0 0 0 0 0 0 0 0 0 0 0 0 0 0 0 0 0
-0.06285662 0 0 0 0 0 0 0 0 -0.06102928 -0.0532569 0 0.299933 0 0 0 -0.1502695 0 -0.1241225 0 -0.1519079 -0.0420279 0 0 -0.05304683 0 -0.1502614 0 -0.05159437 0 1.01 0 -0.06285662 0 0 0 -0.06285662 -0.1241225 -0.1520163 0.05529198 0.9985693 -0.1521138 -0.1519963 0.9985693 -0.03410259 0 0 -0.0575465 0 0 0.2992664 0 0.9971362 0 0.1691822 0.1692976 -0.04722363 0 0.980327 0.9622862 -0.02955074 0 -0.0883254 0 0 0 0 -0.1448111 0 0 0.5813626 0 0 -0.06655508 0 0 0 0.5794311 0 -0.1469623 0 0 0 -0.06657023 0 0 0 0 0 0 -0.1432577 -0.07035803 0 0 -0.03912607 -0.0664491 0 -0.06642294 -0.01925188 0 0 -0.04170819 -0.06626342 0 0 -0.01684184 0 0 -0.1226145 0 0 0.3131716 0 0 0 0.8645685 0 0 -0.0713412 0 0 -0.1500009 0 0 0 0.864184 0.3155384 -0.0713412 0.3155384 0 0 0 0 0 0 0.1786944 -0.03513391 -0.03683458 0 -0.1242313 0 0.02394557 0.06878879 -0.1242313 0 0 0 -0.03907177 0 0 0 0 -0.03249031 -0.1212846 0 -0.01901716 0.2604976 0.8645685
0 0 0 0 0 0 0 0 0 0 0 0 0 0 0 0 0 0 0 0 0 0 0 0 0 0 0 0 0 0 0 1.01 0 0 0 0 0 0 0 0 0 0 0 0 0 0 0 0 0 0 0 0 0 0 0 0 0 0 0 0 0 0 0 0 0 0 0 0 0 0 0 0 0 0 0 0 0 0 0 0 0 0 0 0 0 0 0 0 0 0 0 0 0 0 0 0 0 0 0 0 0 0 0 0 0 0 0 0 0 0 0 0 0 0 0 0 0 0 0 0 0 0 0 0 0 0 0 0 0 0 0 0 0 0 0 0 0 0 0 0 0 0 0 0 0 0 0 0 0 0 0 0 0 0 0 0 0 0
1 0 0 0 0 0 0 0 0 -0.05950156 -0.05199619 0 -0.1919643 0 0 0 -0.1451744 0 -0.1134684 0 -0.1467269 -0.03016741 0 0 0.9945916 0 -0.143201 0 -0.05511285 0 -0.06285662 0 1.01 0 0 0 1 -0.1134684 -0.1449604 0.07007582 -0.06267498 -0.1440885 -0.1434796 -0.06267498 -0.02482084 0 0 -0.06228649 0 0 -0.1903993 0 -0.06161932 0 -0.3255949 -0.3255273 -0.053723 0 -0.0644472 -0.06626432 -0.01559152 0 0.450059 0 0 0 0 -0.1325808 0 0 0.4543646 0 0 0.6565915 0 0 0 0.4554032 0 -0.1391978 0 0 0 0.6585267 0 0 0 0 0 0 -0.112529 0.6444186 0 0 -0.03530142 0.6591514 0 0.659034 -0.03459117 0 0 -0.03118808 0.6772455 0 0 -0.03716902 0 0 -0.1368728 0 0 -0.157156 0 0 0 -0.06495132 0 0 0.6159997 0 0 -0.1135685 0 0 0 -0.0650291 -0.1644622 0.6159997 -0.1644622 0 0 0 0 0 0 0.1732842 -0.04724853 -0.04880993 0 -0.1158788 0 0.2185962 0.07367315 -0.1158788 0 0 0 -0.04859443 0 0 0 0 -0.01451815 -0.1134397 0 -0.02116574 0.1868936 -0.06495132
0 0 0 0 0 0 0 0 0 0 0 0 0 0 0 0 0 0 0 0 0 0 0 0 0 0 0 0 0 0 0 0 0 1.01 0 0 0 0 0 0 0 0 0 0 0 0 0 0 0 0 0 0 0 0 0 0 0 0 0 0 0 0 0 0 0 0 0 0 0 0 0 0 0 0 0 0 0 0 0 0 0 0 0 0 0 0 0 0 0 0 0 0 0 0 0 0 0 0 0 0 0 0 0 0 0 0 0 0 0 0 0 0 0 0 0 0 0 0 0 0 0 0 0 0 0 0 0 0 0 0 0 0 0 0 0 0 0 0 0 0 0 0 0 0 0 0 0 0 0 0 0 0 0 0 0 0 0 0
0 0 0 0 0 0 0 0 0 0 0 0 0 0 0 0 0 0 0 0 0 0 0 0 0 0 0 0 0 0 0 0 0 0 1.01 0 0 0 0 0 0 0 0 0 0 0 0 0 0 0 0 0 0 0 0 0 0 0 0 0 0 0 0 0 0 0 0 0 0 0 0 0 0 0 0 0 0 0 0 0 0 0 0 0 0 0 0 0 0 0 0 0 0 0 0 0 0 0 0 0 0 0 0 0 0 0 0 0 0 0 0 0 0 0 0 0 0 0 0 0 0 0 0 0 0 0 0 0 0 0 0 0 0 0 0 0 0 0 0 0 0 0 0 0 0 0 0 0 0 0 0 0 0 0 0 0 0 0
0 0 0 0 0 0 0 0 0 0 0 0 0 0 0 0 0 0 0 0 0 0 0 0 0 0 0 0 0 0 0 0 0 0 0 1.01 0 0 0 0 0 0 0 0 0 0 0 0 0 0 0 0 0 0 0 0 0 0 0 0 0 0 0 0 0 0 0 0 0 0 0 0 0 0 0 0 0 0 0 0 0 0 0 0 0 0 0 0 0 0 0 0 0 0 0 0 0 0 0 0 0 0 0 0 0 0 0 0 0 0 0 0 0 0 0 0 0 0 0 0 0 0 0 0 0 0 0 0 0 0 0 0 0 0 0 0 0 0 0 0 0 0 0 0 0 0 0 0 0 0 0 0 0 0 0 0 0 0
1 0 0 0 0 0 0 0 0 -0.05950156 -0.05199619 0 -0.1919643 0 0 0 -0.1451744 0 -0.1134684 0 -0.1467269 -0.03016741 0 0 0.9945916 0 -0.143201 0 -0.05511285 0 -0.06285662 0 1 0 0 0 1.01 -0.1134684 -0.1449604 0.07007582 -0.06267498 -0.1440885 -0.1434796 -0.06267498 -0.02482084 0 0 -0.06228649 0 0 -0.1903993 0 -0.06161932 0 -0.3255949 -0.3255273 -0.053723 0 -0.0644472 -0.06626432 -0.01559152 0 0.450059 0 0 0 0 -0.1325808 0 0 0.4543646 0 0 0.6565915 0 0 0 0.4554032 0 -0.1391978 0 0 0 0.6585267 0 0 0 0 0 0 -0.112529 0.6444186 0 0 -0.03530142 0.6591514 0 0.659034 -0.03459117 0 0 -0.03118808 0.6772455 0 0 -0.03716902 0 0 -0.1368728 0 0 -0.157156 0 0 0 -0.06495132 0 0 0.6159997 0 0 -0.1135685 0 0 0 -0.0650291 -0.1644622 0.6159997 -0.1644622 0 0 0 0 0 0 0.1732842 -0.04724853 -0.04880993 0 -0.1158788 0 0.2185962 0.07367315 -0.1158788 0 0 0 -0.04859443 0 0 0 0 -0.01451815 -0.1134397 0 -0.02116574 0.1868936 -0.06495132
-0.1134684 0 0 0 0 0 0 0 0 -0.1217412 -0.1164653 0 -0.4227008 0 0 0 -0.3253649 0 1 0 -0.3100347 -0.08498034 0 0 -0.1138316 0 -0.3223704 0 -0.1224766 0 -0.1241225 0 -0.1134684 0 0 0 -0.1134684 1.01 -0.3268196 0.1701404 -0.1236906 -0.3229705 -0.3221539 -0.1236906 0.1951524 0 0 -0.1376966 0 0 -0.4199641 0 -0.123507 0 -0.6885123 -0.6883601 -0.1210417 0 -0.1242032 -0.1275643 -0.05891686 0 0.01140119 0 0 0 0 0.5808726 0 0 -0.08400944 0 0 -0.006989633 0 0 0 -0.08391226 0 0.560336 0 0 0 -0.00619186 0 0 0 0 0 0 -0.1672895 -0.01744922 0 0 0.03825683 -0.006446374 0 -0.006253816 0.03303276 0 0 -0.06767636 -0.000424988 0 0 -0.0935425 0 0 0.557857 0 0 0.4650442 0 0 0 -0.1090463 0 0 -0.009916262 0 0 -0.2083346 0 0 0 -0.1092294 0.4699074 -0.009916262 0.4699074 0 0 0 0 0 0 0.2913058 -0.09135253 -0.1068652 0 0.5450884 0 0.4710751 0.1706967 0.5450884 0 0 0 -0.1077369 0 0 0 0 -0.05366294 0.5533386 0 0.02311438 0.4283615 -0.1090463
-0.1449604 0 0 0 0 0 0 0 0 -0.1630301 -0.1381406 0 0.7501726 0 0 0 0.983492 0 -0.3268196 0 -0.3310685 0.2733338 0 0 -0.1457462 0 0.9893772 0 -0.1503763 0 -0.1520163 0 -0.1449604 0 0 0 -0.1449604 -0.3268196 1.01 0.1961618 -0.1515177 0.9866149 0.9898839 -0.1515177 -0.05717536 0 0 -0.1641615 0 0 0.7501737 0 -0.1517901 0 0.4443569 0.4441949 -0.1498091 0 -0.1554493 -0.1209074 -0.06435729 0 0.001589278 0 0 0 0 -0.1489071 0 0 -0.1372632 0 0 -0.08471327 0 0 0 -0.1367006 0 -0.1502736 0 0 0 -0.08741283 0 0 0 0 0 0 -0.09245183 -0.09673934 0 0 0.06607469 -0.08839934 0 -0.08824982 -0.08834371 0 0 0.2348684 -0.10631 0 0 0.254399 0 0 -0.1481152 0 0 -0.1783349 0 0 0 -0.09234102 0 0 -0.06841362 0 0 -0.05648604 0 0 0 -0.0916411 -0.1776067 -0.06841362 -0.1776067 0 0 0 0 0 0 0.1657596 -0.09211349 -0.1092245 0 -0.1415481 0 -0.1795698 0.1920351 -0.1415481 0 0 0 -0.1126576 0 0 0 0 0.1574776 -0.1350427 0 -0.05991599 -0.1922822 -0.09234102
0.07007582 0 0 0 0 0 0 0 0 0.08786482 0.07385516 0 0.2486346 0 0 0 0.1965899 0 0.1701404 0 0.1588983 0.06115017 0 0 0.07038487 0 0.1953246 0 0.07739227 0 0.05529198 0 0.07007582 0 0 0 0.07007582 0.1701404 0.1961618 1.01 0.05500902 0.1960258 0.1950435 0.05500902 0.02383712 0 0 0.0831476 0 0 0.2449529 0 0.05568857 0 0.3830102 0.382921 0.07649163 0 0.0564912 0.06124042 0.01433263 0 -0.1016352 0 0 0 0 0.08593074 0 0 0.1061381 0 0 0.08086495 0 0 0 0.1062817 0 0.07272725 0 0 0 0.08050841 0 0 0 0 0 0 0.0437631 0.06247088 0 0 0.03800242 0.08035636 0 0.08031915 0.03579168 0 0 0.05037005 0.08757196 0 0 0.03431979 0 0 0.08987382 0 0 0.1076627 0 0 0 0.06207634 0 0 0.09094269 0 0 0.06719852 0 0 0 0.06218225 0.1179321 0.09094269 0.1179321 0 0 0 0 0 0 0.1731611 0.03872169 0.06950797 0 0.09457322 0 0.1357753 0.3889681 0.09457322 0 0 0 0.07062125 0 0 0 0 0.005880101 0.0917223 0 0.03125677 0.1561871 0.06207634
-0.06267498 0 0 0 0 0 0 0 0 -0.06171415 -0.05411646 0 0.2993742 0 0 0 -0.1512352 0 -0.1236906 0 -0.1519704 -0.04189639 0 0 -0.05284324 0 -0.1512357 0 -0.05237319 0 0.9985693 0 -0.06267498 0 0 0 -0.06267498 -0.1236906 -0.1515177 0.05500902 1.01 -0.1516202 -0.1515047 1 -0.03404352 0 0 -0.05821794 0 0 0.3000427 0 0.9985634 0 0.1699125 0.1700278 -0.04800363 0 0.9817385 0.9636824 -0.02948224 0 -0.0879718 0 0 0 0 -0.1442881 0 0 0.5805794 0 0 -0.066313 0 0 0 0.5805318 0 -0.1464378 0 0 0 -0.06632987 0 0 0 0 0 0 -0.1427793 -0.07010848 0 0 -0.03900722 -0.06620891 0 -0.06618258 -0.01909247 0 0 -0.0416134 -0.06603268 0 0 -0.01665394 0 0 -0.1220319 0 0 0.3129802 0 0 0 0.8657831 0 0 -0.07110622 0 0 -0.1499284 0 0 0 0.8653982 0.3153393 -0.07110622 0.3153393 0 0 0 0 0 0 0.1789078 -0.03642945 -0.03774082 0 -0.1236357 0 0.02330335 0.06926741 -0.1236357 0 0 0 -0.03995619 0 0 0 0 -0.03240583 -0.1206943 0 -0.01894686 0.2604641 0.8657831
-0.1440885 0 0 0 0 0 0 0 0 -0.16187 -0.1370549 0 0.7570004 0 0 0 0.9903985 0 -0.3229705 0 -0.3430256 0.2765746 0 0 -0.1448549 0 0.9962535 0 -0.1490937 0 -0.1521138 0 -0.1440885 0 0 0 -0.1440885 -0.3229705 0.9866149 0.1960258 -0.1516202 1.01 0.9967565 -0.1516202 -0.05617781 0 0 -0.1629821 0 0 0.7569472 0 -0.1518963 0 0.4410181 0.4408523 -0.148557 0 -0.1554813 -0.1207014 -0.06339037 0 -0.02109418 0 0 0 0 -0.1451609 0 0 -0.160476 0 0 -0.1155772 0 0 0 -0.1599531 0 -0.1464657 0 0 0 -0.1183972 0 0 0 0 0 0 -0.08290696 -0.1264545 0 0 0.0682622 -0.119376 0 -0.1192577 -0.08681529 0 0 0.2342857 -0.1382654 0 0 0.2569146 0 0 -0.144444 0 0 -0.1742417 0 0 0 -0.09144451 0 0 -0.09936974 0 0 -0.04706886 0 0 0 -0.09073945 -0.1735833 -0.09936974 -0.1735833 0 0 0 0 0 0 0.1557792 -0.09418199 -0.1076668 0 -0.1379088 0 -0.19314 0.1903648 -0.1379088 0 0 0 -0.1110469 0 0 0 0 0.1586225 -0.1314999 0 -0.05778624 -0.2047015 -0.09144451
-0.1434796 0 0 0 0 0 0 0 0 -0.1611418 -0.1365802 0 0.7603896 0 0 0 0.9936578 0 -0.3221539 0 -0.3485888 0.2773915 0 0 -0.1442379 0 0.9994986 0 -0.1485244 0 -0.1519963 0 -0.1434796 0 0 0 -0.1434796 -0.3221539 0.9898839 0.1950435 -0.1515047 0.9967565 1.01 -0.1515047 -0.05570962 0 0 -0.1622456 0 0 0.7603112 0 -0.1517824 0 0.4393581 0.4391905 -0.1480023 0 -0.1553348 -0.120448 -0.06293622 0 -0.02035373 0 0 0 0 -0.1435299 0 0 -0.1603792 0 0 -0.1158013 0 0 0 -0.1598597 0 -0.1448054 0 0 0 -0.1186389 0 0 0 0 0 0 -0.08775161 -0.1265792 0 0 0.0685326 -0.1196206 0 -0.1195032 -0.08609792 0 0 0.2355417 -0.1386301 0 0 0.2570276 0 0 -0.1427322 0 0 -0.1723641 0 0 0 -0.0910889 0 0 -0.09953865 0 0 -0.05137826 0 0 0 -0.09038144 -0.1717386 -0.09953865 -0.1717386 0 0 0 0 0 0 0.1594047 -0.0934467 -0.1072366 0 -0.1360987 0 -0.1914179 0.1896326 -0.1360987 0 0 0 -0.1105863 0 0 0 0 0.1596021 -0.1294892 0 -0.05874857 -0.2027801 -0.0910889
-0.06267498 0 0 0 0 0 0 0 0 -0.06171415 -0.05411646 0 0.2993742 0 0 0 -0.1512352 0 -0.1236906 0 -0.1519704 -0.04189639 0 0 -0.05284324 0 -0.1512357 0 -0.05237319 0 0.9985693 0 -0.06267498 0 0 0 -0.06267498 -0.1236906 -0.1515177 0.05500902 1 -0.1516202 -0.1515047 1.01 -0.03404352 0 0 -0.05821794 0 0 0.3000427 0 0.9985634 0 0.1699125 0.1700278 -0.04800363 0 0.9817385 0.9636824 -0.02948224 0 -0.0879718 0 0 0 0 -0.1442881 0 0 0.5805794 0 0 -0.066313 0 0 0 0.5805318 0 -0.1464378 0 0 0 -0.06632987 0 0 0 0 0 0 -0.1427793 -0.07010848 0 0 -0.03900722 -0.06620891 0 -0.06618258 -0.01909247 0 0 -0.0416134 -0.06603268 0 0 -0.01665394 0 0 -0.1220319 0 0 0.3129802 0 0 0 0.8657831 0 0 -0.07110622 0 0 -0.1499284 0 0 0 0.8653982 0.3153393 -0.07110622 0.3153393 0 0 0 0 0 0 0.1789078 -0.03642945 -0.03774082 0 -0.1236357 0 0.02330335 0.06926741 -0.1236357 0 0 0 -0.03995619 0 0 0 0 -0.03240583 -0.1206943 0 -0.01894686 0.2604641 0.8657831
-0.02482084 0 0 0 0 0 0 0 0 0.01864938 -0.02892807 0 -0.08651792 0 0 0 -0.05663321 0 0.1951524 0 -0.0600896 -0.01155464 0 0 -0.02517334 0 -0.05580106 0 -0.03271879 0 -0.03410259 0 -0.02482084 0 0 0 -0.02482084 0.1951524 -0.05717536 0.02383712 -0.03404352 -0.05617781 -0.05570962 -0.03404352 1.01 0 0 -0.03899738 0 0 -0.08670611 0 -0.03401295 0 -0.1443604 -0.1443331 -0.03446754 0 -0.03507172 -0.03183391 -0.004446031 0 -0.03953366 0 0 0 0 -0.0519506 0 0 -0.04788413 0 0 -0.03097379 0 0 0 -0.04777908 0 -0.0497425 0 0 0 -0.03064649 0 0 0 0 0 0 0.1086056 -0.03045191 0 0 -0.02015466 -0.0305948 0 -0.03058685 -0.02668858 0 0 -0.01997388 -0.03041892 0 0 -0.02443656 0 0 -0.05039263 0 0 -0.06544667 0 0 0 -0.03315415 0 0 -0.02970803 0 0 0.08984956 0 0 0 -0.03318449 -0.06425124 -0.02970803 -0.06425124 0 0 0 0 0 0 -0.06774984 -0.02136666 -0.02573395 0 -0.05016822 0 -0.07158047 0.02562364 -0.05016822 0 0 0 -0.02691546 0 0 0 0 0.003093115 -0.04924061 0 -0.01656021 -0.08173086 -0.03315415
0 0 0 0 0 0 0 0 0 0 0 0 0 0 0 0 0 0 0 0 0 0 0 0 0 0 0 0 0 0 0 0 0 0 0 0 0 0 0 0 0 0 0 0 0 1.01 0 0 0 0 0 0 0 0 0 0 0 0 0 0 0 0 0 0 0 0 0 0 0 0 0 0 0 0 0 0 0 0 0 0 0 0 0 0 0 0 0 0 0 0 0 0 0 0 0 0 0 0 0 0 0 0 0 0 0 0 0 0 0 0 0 0 0 0 0 0 0 0 0 0 0 0 0 0 0 0 0 0 0 0 0 0 0 0 0 0 0 0 0 0 0 0 0 0 0 0 0 0 0 0 0 0 0 0 0 0 0 0
0 0 0 0 0 0 0 0 0 0 0 0 0 0 0 0 0 0 0 0 0 0 0 0 0 0 0 0 0 0 0 0 0 0 0 0 0 0 0 0 0 0 0 0 0 0 1.01 0 0 0 0 0 0 0 0 0 0 0 0 0 0 0 0 0 0 0 0 0 0 0 0 0 0 0 0 0 0 0 0 0 0 0 0 0 0 0 0 0 0 0 0 0 0 0 0 0 0 0 0 0 0 0 0 0 0 0 0 0 0 0 0 0 0 0 0 0 0 0 0 0 0 0 0 0 0 0 0 0 0 0 0 0 0 0 0 0 0 0 0 0 0 0 0 0 0 0 0 0 0 0 0 0 0 0 0 0 0 0
-0.06228649 0 0 0 0 0 0 0 0 0.9712411 0.8479031 0 0.312382 0 0 0 -0.1600629 0 -0.1376966 0 -0.150712 -0.04755819 0 0 -0.0632215 0 -0.1620292 0 0.9023771 0 -0.0575465 0 -0.06228649 0 0 0 -0.06228649 -0.1376966 -0.1641615 0.0831476 -0.05821794 -0.1629821 -0.1622456 -0.05821794 -0.03899738 0 0 1.01 0 0 0.3171269 0 -0.05812649 0 0.1919689 0.1920949 0.8912311 0 -0.05868987 -0.06362673 -0.02652013 0 -0.1097552 0 0 0 0 -0.09406222 0 0 -0.09298371 0 0 -0.06928672 0 0 0 -0.09325183 0 -0.09394701 0 0 0 -0.06916961 0 0 0 0 0 0 -0.1446574 -0.07113278 0 0 -0.03530252 -0.0690396 0 -0.06900826 -0.04414277 0 0 -0.04442254 -0.06641862 0 0 -0.03550782 0 0 -0.09836742 0 0 -0.1222898 0 0 0 -0.05803499 0 0 -0.07171365 0 0 -0.1347576 0 0 0 -0.05812375 -0.1215225 -0.07171365 -0.1215225 0 0 0 0 0 0 -0.2177541 -0.03754435 0.7498328 0 -0.1003681 0 -0.146365 -0.5677462 -0.1003681 0 0 0 0.7325271 0 0 0 0 -0.03517812 -0.09719588 0 -0.00189901 -0.164516 -0.05803499
0 0 0 0 0 0 0 0 0 0 0 0 0 0 0 0 0 0 0 0 0 0 0 0 0 0 0 0 0 0 0 0 0 0 0 0 0 0 0 0 0 0 0 0 0 0 0 0 1.01 0 0 0 0 0 0 0 0 0 0 0 0 0 0 0 0 0 0 0 0 0 0 0 0 0 0 0 0 0 0 0 0 0 0 0 0 0 0 0 0 0 0 0 0 0 0 0 0 0 0 0 0 0 0 0 0 0 0 0 0 0 0 0 0 0 0 0 0 0 0 0 0 0 0 0 0 0 0 0 0 0 0 0 0 0 0 0 0 0 0 0 0 0 0 0 0 0 0 0 0 0 0 0 0 0 0 0 0 0
0 0 0 0 0 0 0 0 0 0 0 0 0 0 0 0 0 0 0 0 0 0 0 0 0 0 0 0 0 0 0 0 0 0 0 0 0 0 0 0 0 0 0 0 0 0 0 0 0 1.01 0 0 0 0 0 0 0 0 0 0 0 0 0 0 0 0 0 0 0 0 0 0 0 0 0 0 0 0 0 0 0 0 0 0 0 0 0 0 0 0 0 0 0 0 0 0 0 0 0 0 0 0 0 0 0 0 0 0 0 0 0 0 0 0 0 0 0 0 0 0 0 0 0 0 0 0 0 0 0 0 0 0 0 0 0 0 0 0 0 0 0 0 0 0 0 0 0 0 0 0 0 0 0 0 0 0 0 0
-0.1903993 0 0 0 0 0 0 0 0 0.3019853 0.2672965 0 0.9858938 0 0 0 0.7557822 0 -0.4199641 0 -0.4612654 0.2087965 0 0 -0.1869519 0 0.7600908 0 0.2847821 0 0.2992664 0 -0.1903993 0 0 0 -0.1903993 -0.4199641 0.7501737 0.2449529 0.3000427 0.7569472 0.7603112 0.3000427 -0.08670611 0 0 0.3171269 0 0 1.01 0 0.3000572 0 0.5798786 0.5798414 0.2912861 0 0.2887036 0.3097091 -0.08388639 0 -0.1123755 0 0 0 0 -0.2477782 0 0 0.0804289 0 0 -0.1694711 0 0 0 0.08074317 0 -0.2498374 0 0 0 -0.1720235 0 0 0 0 0 0 -0.2226102 -0.1819361 0 0 0.02575891 -0.1728014 0 -0.1726653 -0.110033 0 0 0.1737909 -0.1888334 0 0 0.2093251 0 0 -0.2386503 0 0 -0.07376315 0 0 0 0.2931866 0 0 -0.1580522 0 0 -0.1871666 0 0 0 0.29361 -0.07176205 -0.1580522 -0.07176205 0 0 0 0 0 0 0.1216432 -0.1201175 0.2620707 0 -0.2341981 0 -0.2373403 -0.08051435 -0.2341981 0 0 0 0.2493232 0 0 0 0 0.1139207 -0.2252782 0 -0.06532427 -0.1461173 0.2931866
0 0 0 0 0 0 0 0 0 0 0 0 0 0 0 0 0 0 0 0 0 0 0 0 0 0 0 0 0 0 0 0 0 0 0 0 0 0 0 0 0 0 0 0 0 0 0 0 0 0 0 1.01 0 0 0 0 0 0 0 0 0 0 0 0 0 0 0 0 0 0 0 0 0 0 0 0 0 0 0 0 0 0 0 0 0 0 0 0 0 0 0 0 0 0 0 0 0 0 0 0 0 0 0 0 0 0 0 0 0 0 0 0 0 0 0 0 0 0 0 0 0 0 0 0 0 0 0 0 0 0 0 0 0 0 0 0 0 0 0 0 0 0 0 0 0 0 0 0 0 0 0 0 0 0 0 0 0 0
-0.06161932 0 0 0 0 0 0 0 0 -0.06162462 -0.0540414 0 0.2984953 0 0 0 -0.1515098 0 -0.123507 0 -0.1512698 -0.04183911 0 0 -0.05178848 0 -0.1515131 0 -0.05229083 0 0.9971362 0 -0.06161932 0 0 0 -0.06161932 -0.123507 -0.1517901 0.05568857 0.9985634 -0.1518963 -0.1517824 0.9985634 -0.03401295 0 0 -0.05812649 0 0 0.3000572 0 1.01 0 0.1696476 0.1697628 -0.04792052 0 0.9822126 0.9641514 -0.02944997 0 -0.08845173 0 0 0 0 -0.1435805 0 0 0.5809729 0 0 -0.066211 0 0 0 0.5809251 0 -0.1457304 0 0 0 -0.06622844 0 0 0 0 0 0 -0.1435669 -0.07000278 0 0 -0.03895509 -0.06610758 0 -0.0660812 -0.02199521 0 0 -0.04156848 -0.06593457 0 0 -0.01658585 0 0 -0.1213168 0 0 0.3138738 0 0 0 0.8662178 0 0 -0.07100507 0 0 -0.1506495 0 0 0 0.8658328 0.3162334 -0.07100507 0.3162334 0 0 0 0 0 0 0.1795162 -0.03637418 -0.0376647 0 -0.1229195 0 0.02412028 0.06915241 -0.1229195 0 0 0 -0.0398789 0 0 0 0 -0.03236728 -0.1199789 0 -0.01891734 0.2613942 0.8662178
0 0 0 0 0 0 0 0 0 0 0 0 0 0 0 0 0 0 0 0 0 0 0 0 0 0 0 0 0 0 0 0 0 0 0 0 0 0 0 0 0 0 0 0 0 0 0 0 0 0 0 0 0 1.01 0 0 0 0 0 0 0 0 0 0 0 0 0 0 0 0 0 0 0 0 0 0 0 0 0 0 0 0 0 0 0 0 0 0 0 0 0 0 0 0 0 0 0 0 0 0 0 0 0 0 0 0 0 0 0 0 0 0 0 0 0 0 0 0 0 0 0 0 0 0 0 0 0 0 0 0 0 0 0 0 0 0 0 0 0 0 0 0 0 0 0 0 0 0 0 0 0 0 0 0 0 0 0 0
-0.3255949 0 0 0 0 0 0 0 0 0.1799799 0.1613408 0 0.5796858 0 0 0 0.4432973 0 -0.6885123 0 0.4153683 0.1279935 0 0 -0.322994 0 0.4388888 0 0.1700962 0 0.1691822 0 -0.3255949 0 0 0 -0.3255949 -0.6885123 0.4443569 0.3830102 0.1699125 0.4410181 0.4393581 0.1699125 -0.1443604 0 0 0.1919689 0 0 0.5798786 0 0.1696476 0 1.01 0.9997841 0.1773753 0 0.1721935 0.1783895 0.06566727 0 -0.2725982 0 0 0 0 -0.4004191 0 0 -0.06879756 0 0 -0.2494304 0 0 0 -0.06839377 0 -0.3872634 0 0 0 -0.25166 0 0 0 0 0 0 0.2080697 -0.2452926 0 0 0.02043858 -0.2518263 0 -0.2519599 0.009391003 0 0 0.105361 -0.2623888 0 0 0.1194798 0 0 -0.3759844 0 0 -0.2706259 0 0 0 0.1707464 0 0 -0.2232731 0 0 0.2593255 0 0 0 0.1710031 -0.2657133 -0.2232731 -0.2657133 0 0 0 0 0 0 -0.2229132 0.127047 0.1574778 0 -0.37132 0 -0.4368296 0.03881568 -0.37132 0 0 0 0.1584217 0 0 0 0 0.0855042 -0.3819852 0 0.0063774 -0.3685956 0.1707464
-0.3255273 0 0 0 0 0 0 0 0 0.1801042 0.1614469 0 0.5796505 0 0 0 0.443133 0 -0.6883601 0 0.4151688 0.1280751 0 0 -0.3229257 0 0.4387214 0 0.1702094 0 0.1692976 0 -0.3255273 0 0 0 -0.3255273 -0.6883601 0.4441949 0.382921 0.1700278 0.4408523 0.4391905 0.1700278 -0.1443331 0 0 0.1920949 0 0 0.5798414 0 0.1697628 0 0.9997841 1.01 0.1774883 0 0.1723108 0.1785091 0.06571471 0 -0.2730488 0 0 0 0 -0.4001967 0 0 -0.06923532 0 0 -0.2501176 0 0 0 -0.06883244 0 -0.3870378 0 0 0 -0.25235 0 0 0 0 0 0 0.2080998 -0.2459503 0 0 0.02050392 -0.2525161 0 -0.2526504 0.009455045 0 0 0.1054286 -0.2631013 0 0 0.1195619 0 0 -0.3757554 0 0 -0.270345 0 0 0 0.1708675 0 0 -0.2239516 0 0 0.2591709 0 0 0 0.1711243 -0.2654339 -0.2239516 -0.2654339 0 0 0 0 0 0 -0.2228436 0.1264459 0.1575787 0 -0.3710854 0 -0.4369497 0.03868557 -0.3710854 0 0 0 0.1585245 0 0 0 0 0.08556054 -0.3817552 0 0.006412784 -0.3686741 0.1708675
-0.053723 0 0 0 0 0 0 0 0 0.8903739 0.9246159 0 0.2898235 0 0 0 -0.1455817 0 -0.1210417 0 -0.1337454 -0.04389372 0 0 -0.05456747 0 -0.1477124 0 0.987475 0 -0.04722363 0 -0.053723 0 0 0 -0.053723 -0.1210417 -0.1498091 0.07649163 -0.04800363 -0.148557 -0.1480023 -0.04800363 -0.03446754 0 0 0.8912311 0 0 0.2912861 0 -0.04792052 0 0.1773753 0.1774883 1.01 0 -0.04889087 -0.05277397 -0.02525197 0 -0.09886116 0 0 0 0 -0.144166 0 0 -0.08387296 0 0 -0.0650974 0 0 0 -0.08423815 0 -0.1457086 0 0 0 -0.06516523 0 0 0 0 0 0 -0.1275713 -0.06851308 0 0 -0.04032252 -0.06504758 0 -0.0650229 -0.03970424 0 0 -0.0338996 -0.06171642 0 0 -0.03573301 0 0 -0.1465785 0 0 -0.164444 0 0 0 -0.05055583 0 0 -0.06571779 0 0 -0.1156096 0 0 0 -0.05063547 -0.1631013 -0.06571779 -0.1631013 0 0 0 0 0 0 -0.2674154 -0.03154377 0.8398556 0 -0.1475751 0 -0.1865061 -0.6455364 -0.1475751 0 0 0 0.8214443 0 0 0 0 -0.03200774 -0.1449428 0 0.001710927 -0.2017479 -0.05055583
0 0 0 0 0 0 0 0 0 0 0 0 0 0 0 0 0 0 0 0 0 0 0 0 0 0 0 0 0 0 0 0 0 0 0 0 0 0 0 0 0 0 0 0 0 0 0 0 0 0 0 0 0 0 0 0 0 1.01 0 0 0 0 0 0 0 0 0 0 0 0 0 0 0 0 0 0 0 0 0 0 0 0 0 0 0 0 0 0 0 0 0 0 0 0 0 0 0 0 0 0 0 0 0 0 0 0 0 0 0 0 0 0 0 0 0 0 0 0 0 0 0 0 0 0 0 0 0 0 0 0 0 0 0 0 0 0 0 0 0 0 0 0 0 0 0 0 0 0 0 0 0 0 0 0 0 0 0 0
-0.0644472 0 0 0 0 0 0 0 0 -0.06210414 -0.0556434 0 0.2870985 0 0 0 -0.1551348 0 -0.1242032 0 -0.1357115 -0.04383998 0 0 -0.05477336 0 -0.1550765 0 -0.05324586 0 0.980327 0 -0.0644472 0 0 0 -0.0644472 -0.1242032 -0.1554493 0.0564912 0.9817385 -0.1554813 -0.1553348 0.9817385 -0.03507172 0 0 -0.05868987 0 0 0.2887036 0 0.9822126 0 0.1721935 0.1723108 -0.04889087 0 1.01 0.9503984 0.02608209 0 -0.08985969 0 0 0 0 -0.1450679 0 0 0.5702724 0 0 -0.06815317 0 0 0 0.5702353 0 -0.1472771 0 0 0 -0.06814589 0 0 0 0 0 0 -0.1306618 -0.07212364 0 0 -0.0407754 -0.06802247 0 -0.06799626 -0.02258541 0 0 -0.04313069 -0.06853164 0 0 -0.01899042 0 0 -0.1233472 0 0 0.3055741 0 0 0 0.8537044 0 0 -0.07292431 0 0 -0.1385326 0 0 0 0.8533217 0.307999 -0.07292431 0.307999 0 0 0 0 0 0 0.1691942 -0.03548852 -0.0381673 0 -0.1251683 0 0.01792281 0.07093738 -0.1251683 0 0 0 -0.04046143 0 0 0 0 -0.03371037 -0.1221106 0 -0.01995063 0.2523985 0.8537044
-0.06626432 0 0 0 0 0 0 0 0 -0.06609689 -0.05823232 0 0.3080338 0 0 0 -0.1204338 0 -0.1275643 0 -0.1520724 -0.04450046 0 0 -0.05679078 0 -0.1202002 0 -0.05707564 0 0.9622862 0 -0.06626432 0 0 0 -0.06626432 -0.1275643 -0.1209074 0.06124042 0.9636824 -0.1207014 -0.120448 0.9636824 -0.03183391 0 0 -0.06362673 0 0 0.3097091 0 0.9641514 0 0.1783895 0.1785091 -0.05277397 0 0.9503984 1.01 -0.02951341 0 -0.0937782 0 0 0 0 -0.1476207 0 0 0.5923049 0 0 -0.07010669 0 0 0 0.5923275 0 -0.1494106 0 0 0 -0.07007387 0 0 0 0 0 0 -0.1491134 -0.07424783 0 0 -0.04113793 -0.06994808 0 -0.06992227 -0.02325211 0 0 -0.04463202 -0.06946658 0 0 -0.01885884 0 0 -0.126056 0 0 0.3202762 0 0 0 0.8888416 0 0 -0.07483773 0 0 -0.1565132 0 0 0 0.8884457 0.3228527 -0.07483773 0.3228527 0 0 0 0 0 0 0.1801848 -0.03606172 -0.02276713 0 -0.128093 0 0.01079209 0.06101735 -0.128093 0 0 0 -0.02543226 0 0 0 0 -0.03501183 -0.12539 0 -0.02097088 0.2652504 0.8888416
-0.01559152 0 0 0 0 0 0 0 0 -0.02819048 -0.02877596 0 -0.0857553 0 0 0 -0.06383884 0 -0.05891686 0 0.1698657 -0.02371045 0 0 -0.01599222 0 -0.06302799 0 -0.02580765 0 -0.02955074 0 -0.01559152 0 0 0 -0.01559152 -0.05891686 -0.06435729 0.01433263 -0.02948224 -0.06339037 -0.06293622 -0.02948224 -0.004446031 0 0 -0.02652013 0 0 -0.08388639 0 -0.02944997 0 0.06566727 0.06571471 -0.02525197 0 0.02608209 -0.02951341 1.01 0 -0.03043577 0 0 0 0 -0.06580166 0 0 -0.03301831 0 0 -0.02308208 0 0 0 -0.03289278 0 -0.0679983 0 0 0 -0.0227334 0 0 0 0 0 0 0.165847 -0.02645611 0 0 -0.01667088 -0.0226854 0 -0.02266983 -0.006150415 0 0 -0.02362543 -0.02234238 0 0 -0.02742589 0 0 -0.07070943 0 0 -0.08028113 0 0 0 -0.02244503 0 0 -0.02563235 0 0 0.1557181 0 0 0 -0.02247889 -0.07914137 -0.02563235 -0.07914137 0 0 0 0 0 0 -0.1275789 -0.008070254 -0.02557349 0 -0.07250033 0 -0.08807761 0.03222789 -0.07250033 0 0 0 -0.02675756 0 0 0 0 -0.01415773 -0.0705621 0 -0.01655597 -0.0938903 -0.02244503
0 0 0 0 0 0 0 0 0 0 0 0 0 0 0 0 0 0 0 0 0 0 0 0 0 0 0 0 0 0 0 0 0 0 0 0 0 0 0 0 0 0 0 0 0 0 0 0 0 0 0 0 0 0 0 0 0 0 0 0 0 1.01 0 0 0 0 0 0 0 0 0 0 0 0 0 0 0 0 0 0 0 0 0 0 0 0 0 0 0 0 0 0 0 0 0 0 0 0 0 0 0 0 0 0 0 0 0 0 0 0 0 0 0 0 0 0 0 0 0 0 0 0 0 0 0 0 0 0 0 0 0 0 0 0 0 0 0 0 0 0 0 0 0 0 0 0 0 0 0 0 0 0 0 0 0 0 0 0
0.450059 0 0 0 0 0 0 0 0 -0.1087004 -0.09570772 0 -0.1145792 0 0 0 -0.02253713 0 0.01140119 0 -0.1771999 -0.01458471 0 0 0.4469756 0 -0.02040099 0 -0.09992416 0 -0.0883254 0 0.450059 0 0 0 0.450059 0.01140119 0.001589278 -0.1016352 -0.0879718 -0.02109418 -0.02035373 -0.0879718 -0.03953366 0 0 -0.1097552 0 0 -0.1123755 0 -0.08845173 0 -0.2725982 -0.2730488 -0.09886116 0 -0.08985969 -0.0937782 -0.03043577 0 1.01 0 0 0 0 0.1033529 0 0 0.421585 0 0 0.6434784 0 0 0 0.421638 0 0.09873224 0 0 0 0.6463918 0 0 0 0 0 0 -0.1957529 0.6130023 0 0 -0.05687094 0.6462451 0 0.6464817 -0.06431316 0 0 -0.05180461 0.6500089 0 0 -0.06456958 0 0 0.09436362 0 0 0.0340307 0 0 0 -0.09624624 0 0 0.5779161 0 0 -0.1995991 0 0 0 -0.09638513 0.03743389 0.5779161 0.03743389 0 0 0 0 0 0 0.2275065 -0.05408902 -0.08674411 0 0.08505727 0 0.3773407 0.06968404 0.08505727 0 0 0 -0.08775907 0 0 0 0 -0.04265678 0.09044999 0 -0.04453036 0.3412549 -0.09624624
0 0 0 0 0 0 0 0 0 0 0 0 0 0 0 0 0 0 0 0 0 0 0 0 0 0 0 0 0 0 0 0 0 0 0 0 0 0 0 0 0 0 0 0 0 0 0 0 0 0 0 0 0 0 0 0 0 0 0 0 0 0 0 1.01 0 0 0 0 0 0 0 0 0 0 0 0 0 0 0 0 0 0 0 0 0 0 0 0 0 0 0 0 0 0 0 0 0 0 0 0 0 0 0 0 0 0 0 0 0 0 0 0 0 0 0 0 0 0 0 0 0 0 0 0 0 0 0 0 0 0 0 0 0 0 0 0 0 0 0 0 0 0 0 0 0 0 0 0 0 0 0 0 0 0 0 0 0 0
