1.01 0.3273795 0 -0.01212128 0 0 0.5787206 0 0 0 0 0 0 0.06262813 0.1934787 0 0.3253878 0.0949581 0 0 0 0 0.04580756 0.3211094 -0.05462575 0 0 0.2998841 0.9695161 -0.155561 0.4659874 0 0 0.08743279 0 0.0949581 -0.01029041 0.4713706 0.1031674 -0.7151916 0 0.04549081 0.1640809 0 0 0 0.5636126 0 0.3054237 -0.7372983 0 0 0 0 0.3060393 0.1031674 0.1706427 0.1631583 0 0.3972771 0.4022358 0.5567688 0.1031674 0 0 0.2276028 0 -0.5539106 0 -0.7372983 -0.1982077 0.3035174 0.4045129 0 0.07191066 0.4045129 0.3871641 0.06347321 0.05257794 0.06277755 0.2233523 0 0.1038476 0.227786 0.1621426 0.08187421 0 0.1589538 -0.5633263 -0.5633263 -0.5698886 0 0.3078859 -0.01538735 0.3097548 0.479932 0 0.401967 0 0.06403723 0.1038476 0.4799834 0 0 0.5633263 0 0.401967 0 0.3095003 0.07165227 0.04743425 0.04047966 0 0 0 0 0 0.1038476 0.4812125 0.006154495 0.1695277 0 0.08701086 -0.7292313 0 0.5633263 0.401967 0.04997654 0.007545652 0.0875053 0 0 0.0663944 0 0.401967
0.3273795 1.01 0 -0.7396745 0 0 0.1906757 0 0 0 0 0 0 0.205256 0.5989516 0 0.99581 -0.1139125 0 0 0 0 -0.07608306 0.9860022 0.07467354 0 0 0.9679785 0.3276339 -0.053926 -0.5076359 0 0 0.2735139 0 -0.1139125 -0.7179531 -0.5395382 -0.1323963 -0.2445614 0 0.1747264 0.5802923 0 0 0 0.1888297 0 0.9536442 -0.2419199 0 0 0 0 0.9538724 -0.1323963 0.5629457 0.5464884 0 0.2227681 0.2315067 0.1901887 -0.1323963 0 0 0.6782538 0 -0.1919209 0 -0.2419199 -0.07171551 0.9464637 0.2359021 0 0.1873223 0.2359021 0.2359123 0.2194495 -0.082029 -0.08073888 0.6739251 0 -0.1339519 0.6906768 0.5457309 0.2413363 0 0.5433841 -0.1885819 -0.1885819 -0.183784 0 0.9334032 -0.7072706 0.9396532 -0.533689 0 0.2368104 0 0.1275457 -0.1339519 -0.533139 0 0 0.1885819 0 0.2368104 0 0.9393376 -0.08864318 0.1419644 0.05588928 0 0 0 0 0 -0.1339519 -0.5295629 -0.6876765 0.5579986 0 -0.03079152 -0.237946 0 0.1885819 0.2368104 -0.09204709 0.1485426 0.2216008 0 0 -0.08376598 0 0.2368104
0 0 1.01 0 0 0 0 0 0 0 0 0 0 0 0 0 0 0 0 0 0 0 0 0 0 0 0 0 0 0 0 0 0 0 0 0 0 0 0 0 0 0 0 0 0 0 0 0 0 0 0 0 0 0 0 0 0 0 0 0 0 0 0 0 0 0 0 0 0 0 0 0 0 0 0 0 0 0 0 0 0 0 0 0 0 0 0 0 0 0 0 0 0 0 0 0 0 0 0 0 0 0 0 0 0 0 0 0 0 0 0 0 0 0 0 0 0 0 0 0 0 0 0 0 0 0 0 0 0 0 0 0 0 0 0
-0.01212128 -0.7396745 0 1.01 0 0 0.3762402 0 0 0 0 0 0 -0.156569 -0.4569612 0 -0.7444482 0.1539918 0 0 0 0 -0.1306746 -0.7375965 -0.03465285 0 0 -0.7416296 -0.02508695 0.1375053 0.7082629 0 0 -0.2065663 0 0.1539918 0.9760417 0.7383599 -0.2509799 0.3274455 0 -0.1314501 -0.4691585 0 0 0 0.3602046 0 -0.7352066 0.3211066 0 0 0 0 -0.7350562 -0.2509799 -0.4627804 -0.4490932 0 0.4545331 0.4513265 0.3538479 -0.2509799 0 0 -0.4953051 0 -0.3506253 0 0.3211066 0.0932828 -0.729397 0.449973 0 -0.1424665 0.449973 0.4033242 -0.165111 0.09514091 0.1059053 -0.4916179 0 -0.2446205 -0.5061545 -0.4491029 -0.1803771 0 -0.450466 -0.3608457 -0.3608457 0.2417983 0 -0.7132824 0.9620156 -0.7186433 0.7308218 0 0.4460437 0 -0.07856688 -0.2446205 0.7302632 0 0 0.3608457 0 0.4460437 0 -0.7183966 0.1158763 -0.1097629 -0.02806568 0 0 0 0 0 -0.2446205 0.727189 0.9418779 -0.4581437 0 0.06924693 0.3164191 0 0.3608457 0.4460437 0.1261515 -0.1952068 -0.145607 0 0 0.1067093 0 0.4460437
0 0 0 0 1.01 0 0 0 0 0 0 0 0 0 0 0 0 0 0 0 0 0 0 0 0 0 0 0 0 0 0 0 0 0 0 0 0 0 0 0 0 0 0 0 0 0 0 0 0 0 0 0 0 0 0 0 0 0 0 0 0 0 0 0 0 0 0 0 0 0 0 0 0 0 0 0 0 0 0 0 0 0 0 0 0 0 0 0 0 0 0 0 0 0 0 0 0 0 0 0 0 0 0 0 0 0 0 0 0 0 0 0 0 0 0 0 0 0 0 0 0 0 0 0 0 0 0 0 0 0 0 0 0 0 0
0 0 0 0 0 1.01 0 0 0 0 0 0 0 0 0 0 0 0 0 0 0 0 0 0 0 0 0 0 0 0 0 0 0 0 0 0 0 0 0 0 0 0 0 0 0 0 0 0 0 0 0 0 0 0 0 0 0 0 0 0 0 0 0 0 0 0 0 0 0 0 0 0 0 0 0 0 0 0 0 0 0 0 0 0 0 0 0 0 0 0 0 0 0 0 0 0 0 0 0 0 0 0 0 0 0 0 0 0 0 0 0 0 0 0 0 0 0 0 0 0 0 0 0 0 0 0 0 0 0 0 0 0 0 0 0
0.5787206 0.1906757 0 0.3762402 0 0 1.01 0 0 0 0 0 0 0.03547665 0.09897244 0 0.1891572 0.06241158 0 0 0 0 0.01823244 0.1864316 0.04208569 0 0 0.1489935 0.5352241 0.07853964 0.2938027 0 0 0.05020979 0 0.06241158 0.3765951 0.2916294 0.04394648 0.1175306 0 0.03158729 0.06367575 0 0 0 0.9671036 0 0.1541482 0.1119804 0 0 0 0 0.1548262 0.04394648 0.05290313 0.04817792 0 0.7673909 0.77224 0.9586596 0.04394648 0 0 0.1461874 0 -0.9551222 0 0.1119804 0.0309843 0.1535299 0.7751619 0 0.04393386 0.7751619 0.7225586 0.03930579 0.02180083 0.02987528 0.1463969 0 0.04390896 0.1476924 0.04682763 0.05696555 0 0.04079099 -0.9677604 -0.9677604 0.0785673 0 0.1582567 0.3716385 0.1591881 0.2904354 0 0.772062 0 0.04238605 0.04390896 0.2902513 0 0 0.9677604 0 0.772062 0 0.1592676 0.03226017 0.02376047 0.02885677 0 0 0 0 0 0.04390896 0.2909424 0.3696213 0.05250426 0 0.04556636 0.1102904 0 0.9677604 0.772062 0.0510531 -0.07472095 0.06408951 0 0 0.03868449 0 0.772062
0 0 0 0 0 0 0 1.01 0 0 0 0 0 0 0 0 0 0 0 0 0 0 0 0 0 0 0 0 0 0 0 0 0 0 0 0 0 0 0 0 0 0 0 0 0 0 0 0 0 0 0 0 0 0 0 0 0 0 0 0 0 0 0 0 0 0 0 0 0 0 0 0 0 0 0 0 0 0 0 0 0 0 0 0 0 0 0 0 0 0 0 0 0 0 0 0 0 0 0 0 0 0 0 0 0 0 0 0 0 0 0 0 0 0 0 0 0 0 0 0 0 0 0 0 0 0 0 0 0 0 0 0 0 0 0
0 0 0 0 0 0 0 0 1.01 0 0 0 0 0 0 0 0 0 0 0 0 0 0 0 0 0 0 0 0 0 0 0 0 0 0 0 0 0 0 0 0 0 0 0 0 0 0 0 0 0 0 0 0 0 0 0 0 0 0 0 0 0 0 0 0 0 0 0 0 0 0 0 0 0 0 0 0 0 0 0 0 0 0 0 0 0 0 0 0 0 0 0 0 0 0 0 0 0 0 0 0 0 0 0 0 0 0 0 0 0 0 0 0 0 0 0 0 0 0 0 0 0 0 0 0 0 0 0 0 0 0 0 0 0 0
0 0 0 0 0 0 0 0 0 1.01 0 0 0 0 0 0 0 0 0 0 0 0 0 0 0 0 0 0 0 0 0 0 0 0 0 0 0 0 0 0 0 0 0 0 0 0 0 0 0 0 0 0 0 0 0 0 0 0 0 0 0 0 0 0 0 0 0 0 0 0 0 0 0 0 0 0 0 0 0 0 0 0 0 0 0 0 0 0 0 0 0 0 0 0 0 0 0 0 0 0 0 0 0 0 0 0 0 0 0 0 0 0 0 0 0 0 0 0 0 0 0 0 0 0 0 0 0 0 0 0 0 0 0 0 0
0 0 0 0 0 0 0 0 0 0 1.01 0 0 0 0 0 0 0 0 0 0 0 0 0 0 0 0 0 0 0 0 0 0 0 0 0 0 0 0 0 0 0 0 0 0 0 0 0 0 0 0 0 0 0 0 0 0 0 0 0 0 0 0 0 0 0 0 0 0 0 0 0 0 0 0 0 0 0 0 0 0 0 0 0 0 0 0 0 0 0 0 0 0 0 0 0 0 0 0 0 0 0 0 0 0 0 0 0 0 0 0 0 0 0 0 0 0 0 0 0 0 0 0 0 0 0 0 0 0 0 0 0 0 0 0
0 0 0 0 0 0 0 0 0 0 0 1.01 0 0 0 0 0 0 0 0 0 0 0 0 0 0 0 0 0 0 0 0 0 0 0 0 0 0 0 0 0 0 0 0 0 0 0 0 0 0 0 0 0 0 0 0 0 0 0 0 0 0 0 0 0 0 0 0 0 0 0 0 0 0 0 0 0 0 0 0 0 0 0 0 0 0 0 0 0 0 0 0 0 0 0 0 0 0 0 0 0 0 0 0 0 0 0 0 0 0 0 0 0 0 0 0 0 0 0 0 0 0 0 0 0 0 0 0 0 0 0 0 0 0 0
0 0 0 0 0 0 0 0 0 0 0 0 1.01 0 0 0 0 0 0 0 0 0 0 0 0 0 0 0 0 0 0 0 0 0 0 0 0 0 0 0 0 0 0 0 0 0 0 0 0 0 0 0 0 0 0 0 0 0 0 0 0 0 0 0 0 0 0 0 0 0 0 0 0 0 0 0 0 0 0 0 0 0 0 0 0 0 0 0 0 0 0 0 0 0 0 0 0 0 0 0 0 0 0 0 0 0 0 0 0 0 0 0 0 0 0 0 0 0 0 0 0 0 0 0 0 0 0 0 0 0 0 0 0 0 0
0.06262813 0.205256 0 -0.156569 0 0 0.03547665 0 0 0 0 0 0 1.01 0.3505206 0 0.2067499 -0.03201503 0 0 0 0 -0.008552185 0.2103217 -0.01404098 0 0 0.205496 0.06180263 -0.00745014 -0.125026 0 0 -0.01808245 0 -0.03201503 -0.1593157 -0.1227133 -0.02309228 -0.04734772 0 -0.02336628 0.304505 0 0 0 0.03149685 0 0.2025179 -0.04568581 0 0 0 0 0.2026204 -0.02309228 0.3311555 0.3421176 0 0.04048271 0.04054637 0.03120844 -0.02309228 0 0 -0.05612814 0 -0.03315026 0 -0.04568581 -0.01464319 0.2050231 0.03993555 0 -0.02616565 0.03993555 -0.0176912 -0.02751432 -0.01355244 -0.006486692 -0.05282026 0 -0.02422459 -0.05589657 0.3418756 -0.01096899 0 0.3408346 -0.03143128 -0.03143128 -0.03521065 0 0.2027263 -0.158147 0.2010759 -0.1248616 0 0.04062021 0 -0.0273371 -0.02422459 -0.1249363 0 0 0.03143128 0 0.04062021 0 0.2013787 -0.007330928 -0.01719108 0.1847622 0 0 0 0 0 -0.02422459 -0.1255606 -0.1559647 0.3329048 0 -0.02720108 -0.04506256 0 0.03143128 0.04062021 -0.01296783 -0.03380274 -0.01623282 0 0 -0.01185486 0 0.04062021
0.1934787 0.5989516 0 -0.4569612 0 0 0.09897244 0 0 0 0 0 0 0.3505206 1.01 0 0.6020984 -0.06970217 0 0 0 0 -0.05127072 0.6096767 -0.0461504 0 0 0.5963266 0.1905021 -0.1079788 -0.3469463 0 0 -0.0481206 0 -0.06970217 -0.4579573 -0.3462461 -0.07857581 -0.1518571 0 -0.04032276 0.8894115 0 0 0 0.0942925 0 0.5897776 -0.1534174 0 0 0 0 0.5900659 -0.07857581 0.9548202 0.9272977 0 0.104299 0.1259682 0.09551388 -0.07857581 0 0 -0.1492467 0 -0.09708266 0 -0.1534174 -0.04136837 0.5943667 0.1252614 0 -0.004624452 0.1252614 0.1147502 -0.0560124 -0.04907691 -0.05190613 -0.1474648 0 -0.07998998 -0.09559354 0.9266378 -0.03160775 0 0.9242684 -0.09412152 -0.09412152 -0.1195432 0 0.5714143 -0.454296 0.5845191 -0.3445299 0 0.1261522 0 -0.04434779 -0.07998998 -0.344122 0 0 0.09412152 0 0.1261522 0 0.5840158 -0.05600847 -0.002079822 0.04872554 0 0 0 0 0 -0.07998998 -0.3381711 -0.4299173 0.9473058 0 -0.06439536 -0.1502907 0 0.09412152 0.1261522 -0.05425161 0.2524584 -0.06160554 0 0 -0.04789867 0 0.1261522
0 0 0 0 0 0 0 0 0 0 0 0 0 0 0 1.01 0 0 0 0 0 0 0 0 0 0 0 0 0 0 0 0 0 0 0 0 0 0 0 0 0 0 0 0 0 0 0 0 0 0 0 0 0 0 0 0 0 0 0 0 0 0 0 0 0 0 0 0 0 0 0 0 0 0 0 0 0 0 0 0 0 0 0 0 0 0 0 0 0 0 0 0 0 0 0 0 0 0 0 0 0 0 0 0 0 0 0 0 0 0 0 0 0 0 0 0 0 0 0 0 0 0 0 0 0 0 0 0 0 0 0 0 0 0 0
0.3253878 0.99581 0 -0.7444482 0 0 0.1891572 0 0 0 0 0 0 0.2067499 0.6020984 0 1.01 -0.1135109 0 0 0 0 -0.07543206 0.9901159 0.07468726 0 0 0.9719094 0.325399 -0.06662793 -0.5127777 0 0 0.2746896 0 -0.1135109 -0.7224548 -0.5447712 -0.132236 -0.2433219 0 0.1759439 0.5831935 0 0 0 0.1869816 0 0.9573616 -0.2407466 0 0 0 0 0.9575889 -0.132236 0.5655103 0.5489121 0 0.2210737 0.2298552 0.1883239 -0.132236 0 0 0.6805662 0 -0.1900471 0 -0.2407466 -0.07214212 0.9503647 0.2342744 0 0.1886302 0.2342744 0.2340504 0.2201726 -0.08237764 -0.07998359 0.6762196 0 -0.133762 0.6931351 0.5481559 0.2422539 0 0.5458145 -0.1867334 -0.1867334 -0.18268 0 0.9370884 -0.711817 0.9433935 -0.5389309 0 0.2351699 0 0.1287508 -0.133762 -0.5383789 0 0 0.1867334 0 0.2351699 0 0.9430732 -0.08780087 0.1417504 0.05677692 0 0 0 0 0 -0.133762 -0.534779 -0.6922356 0.5605296 0 -0.03052861 -0.2368074 0 0.1867334 0.2351699 -0.09180876 0.1492513 0.2213136 0 0 -0.08301785 0 0.2351699
0.0949581 -0.1139125 0 0.1539918 0 0 0.06241158 0 0 0 0 0 0 -0.03201503 -0.06970217 0 -0.1135109 1.01 0 0 0 0 -0.01518887 -0.1131099 -0.009732001 0 0 -0.1162922 0.09394347 -0.04178701 0.2009704 0 0 -0.0411948 0 1 0.1564407 0.2013514 -0.03313688 -0.06992386 0 -0.03248521 -0.08605959 0 0 0 0.06011451 0 -0.1196377 -0.06571551 0 0 0 0 -0.1195864 -0.03313688 -0.07570387 -0.07388891 0 0.07163494 0.06863912 0.06131226 -0.03313688 0 0 -0.07979871 0 -0.06198791 0 -0.06571551 -0.01386732 -0.1176395 0.06969217 0 -0.02312851 0.06969217 0.07841538 -0.04173371 -0.02232522 -0.02579091 -0.08044331 0 -0.03450655 -0.08522938 -0.07402052 -0.02419982 0 -0.07446843 -0.06005581 -0.06005581 -0.0543612 0 -0.06854111 0.1121184 -0.07044156 0.1534106 0 0.07047451 0 0.1602376 -0.03450655 0.1533664 0 0 0.06005581 0 0.07047451 0 -0.07025704 -0.02564467 -0.02860002 -0.02608405 0 0 0 0 0 -0.03450655 0.153221 0.1128887 -0.07470435 0 -0.01971791 -0.06363716 0 0.06005581 0.07047451 -0.02635474 -0.03589335 -0.02364544 0 0 -0.01295804 0 0.07047451
0 0 0 0 0 0 0 0 0 0 0 0 0 0 0 0 0 0 1.01 0 0 0 0 0 0 0 0 0 0 0 0 0 0 0 0 0 0 0 0 0 0 0 0 0 0 0 0 0 0 0 0 0 0 0 0 0 0 0 0 0 0 0 0 0 0 0 0 0 0 0 0 0 0 0 0 0 0 0 0 0 0 0 0 0 0 0 0 0 0 0 0 0 0 0 0 0 0 0 0 0 0 0 0 0 0 0 0 0 0 0 0 0 0 0 0 0 0 0 0 0 0 0 0 0 0 0 0 0 0 0 0 0 0 0 0
0 0 0 0 0 0 0 0 0 0 0 0 0 0 0 0 0 0 0 1.01 0 0 0 0 0 0 0 0 0 0 0 0 0 0 0 0 0 0 0 0 0 0 0 0 0 0 0 0 0 0 0 0 0 0 0 0 0 0 0 0 0 0 0 0 0 0 0 0 0 0 0 0 0 0 0 0 0 0 0 0 0 0 0 0 0 0 0 0 0 0 0 0 0 0 0 0 0 0 0 0 0 0 0 0 0 0 0 0 0 0 0 0 0 0 0 0 0 0 0 0 0 0 0 0 0 0 0 0 0 0 0 0 0 0 0
0 0 0 0 0 0 0 0 0 0 0 0 0 0 0 0 0 0 0 0 1.01 0 0 0 0 0 0 0 0 0 0 0 0 0 0 0 0 0 0 0 0 0 0 0 0 0 0 0 0 0 0 0 0 0 0 0 0 0 0 0 0 0 0 0 0 0 0 0 0 0 0 0 0 0 0 0 0 0 0 0 0 0 0 0 0 0 0 0 0 0 0 0 0 0 0 0 0 0 0 0 0 0 0 0 0 0 0 0 0 0 0 0 0 0 0 0 0 0 0 0 0 0 0 0 0 0 0 0 0 0 0 0 0 0 0
0 0 0 0 0 0 0 0 0 0 0 0 0 0 0 0 0 0 0 0 0 1.01 0 0 0 0 0 0 0 0 0 0 0 0 0 0 0 0 0 0 0 0 0 0 0 0 0 0 0 0 0 0 0 0 0 0 0 0 0 0 0 0 0 0 0 0 0 0 0 0 0 0 0 0 0 0 0 0 0 0 0 0 0 0 0 0 0 0 0 0 0 0 0 0 0 0 0 0 0 0 0 0 0 0 0 0 0 0 0 0 0 0 0 0 0 0 0 0 0 0 0 0 0 0 0 0 0 0 0 0 0 0 0 0 0
0.04580756 -0.07608306 0 -0.1306746 0 0 0.01823244 0 0 0 0 0 0 -0.008552185 -0.05127072 0 -0.07543206 -0.01518887 0 0 0 0 1.01 -0.07396991 -0.01160354 0 0 -0.07571102 0.03844255 -0.03146053 -0.09862764 0 0 -0.01283815 0 -0.01518887 -0.1319999 -0.1017279 0.5195958 -0.04262442 0 -0.01943374 -0.05555305 0 0 0 0.01654411 0 -0.07428241 -0.04050755 0 0 0 0 -0.07425004 0.5195958 -0.04888901 -0.04610274 0 -0.2952466 -0.2978382 0.01574305 0.5195958 0 0 -0.04830929 0 -0.01791499 0 -0.04050755 -0.004777279 -0.07510423 -0.2991167 0 -0.01749934 -0.2991167 -0.2766061 -0.01988514 -0.006965969 -0.01899159 -0.04819517 0 0.5131334 -0.04997748 -0.04618541 -0.01670469 0 -0.04646691 -0.01648363 -0.01648363 -0.03034366 0 -0.07564879 -0.1298836 -0.07568887 -0.1010617 0 -0.2973669 0 -0.02639866 0.5131334 -0.1011207 0 0 0.01648363 0 -0.2973669 0 -0.07559206 -0.02268228 -0.009632411 -0.00321905 0 0 0 0 0 0.5131334 -0.1016106 -0.1291199 -0.04826517 0 -0.01193743 -0.0391968 0 0.01648363 -0.2973669 -0.005658782 -0.01017389 -0.02181407 0 0 -0.006927504 0 -0.2973669
0.3211094 0.9860022 0 -0.7375965 0 0 0.1864316 0 0 0 0 0 0 0.2103217 0.6096767 0 0.9901159 -0.1131099 0 0 0 0 -0.07396991 1.01 0.07706978 0 0 0.9819322 0.3211709 -0.06710046 -0.5255353 0 0 0.274998 0 -0.1131099 -0.7335953 -0.5577579 -0.1310463 -0.2402152 0 0.1788593 0.5913375 0 0 0 0.1844502 0 0.9674469 -0.2377886 0 0 0 0 0.9676726 -0.1310463 0.5732547 0.556349 0 0.2180933 0.2269833 0.185743 -0.1310463 0 0 0.6635357 0 -0.1878478 0 -0.2377886 -0.07070422 0.960305 0.2314623 0 0.1917618 0.2314623 0.2306543 0.2238574 -0.08090007 -0.0782829 0.6817093 0 -0.132514 0.6990178 0.5555951 0.246259 0 0.5532622 -0.184203 -0.184203 -0.1808019 0 0.9468404 -0.7228281 0.9532737 -0.551712 0 0.2323253 0 0.1306668 -0.132514 -0.5511549 0 0 0.184203 0 0.2323253 0 0.9529429 -0.08590345 0.1441633 0.05886162 0 0 0 0 0 -0.132514 -0.5474982 -0.7032648 0.5681969 0 -0.08527577 -0.2339238 0 0.184203 0.2323253 -0.09182972 0.1511989 0.2227475 0 0 -0.08321044 0 0.2323253
-0.05462575 0.07467354 0 -0.03465285 0 0 0.04208569 0 0 0 0 0 0 -0.01404098 -0.0461504 0 0.07468726 -0.009732001 0 0 0 0 -0.01160354 0.07706978 1.01 0 0 0.0726879 -0.05540185 -0.0131295 -0.1051944 0 0 -0.02917414 0 -0.009732001 -0.0339437 -0.1027426 -0.02174317 0.1008612 0 -0.02056997 -0.05693083 0 0 0 0.03923299 0 0.07010697 0.1015771 0 0 0 0 0.07017096 -0.02174317 -0.05118302 -0.04965669 0 0.04682097 0.02295928 0.04001439 -0.02174317 0 0 0.1332456 0 -0.04045519 0 0.1015771 -0.01940063 0.06987246 0.04555405 0 -0.01499809 0.04555405 0.04698539 -0.01823647 -0.008660664 -0.002183567 0.135543 0 -0.02263553 0.1317723 -0.04974206 0.4452778 0 -0.05003184 -0.0391947 -0.0391947 -0.01020695 0 0.06966393 -0.03273463 0.06898617 -0.1011568 0 0.04606419 0 -0.01987668 -0.02263553 -0.1012175 0 0 0.0391947 0 0.04606419 0 0.0691758 -0.007667931 -0.005931969 -0.01379469 0 0 0 0 0 -0.02263553 -0.1017262 -0.03192057 -0.05053522 0 -0.01719017 0.1016087 0 0.0391947 0.04606419 -0.01114823 -0.0185399 -0.02661919 0 0 -0.01259923 0 0.04606419
0 0 0 0 0 0 0 0 0 0 0 0 0 0 0 0 0 0 0 0 0 0 0 0 0 1.01 0 0 0 0 0 0 0 0 0 0 0 0 0 0 0 0 0 0 0 0 0 0 0 0 0 0 0 0 0 0 0 0 0 0 0 0 0 0 0 0 0 0 0 0 0 0 0 0 0 0 0 0 0 0 0 0 0 0 0 0 0 0 0 0 0 0 0 0 0 0 0 0 0 0 0 0 0 0 0 0 0 0 0 0 0 0 0 0 0 0 0 0 0 0 0 0 0 0 0 0 0 0 0 0 0 0 0 0 0
0 0 0 0 0 0 0 0 0 0 0 0 0 0 0 0 0 0 0 0 0 0 0 0 0 0 1.01 0 0 0 0 0 0 0 0 0 0 0 0 0 0 0 0 0 0 0 0 0 0 0 0 0 0 0 0 0 0 0 0 0 0 0 0 0 0 0 0 0 0 0 0 0 0 0 0 0 0 0 0 0 0 0 0 0 0 0 0 0 0 0 0 0 0 0 0 0 0 0 0 0 0 0 0 0 0 0 0 0 0 0 0 0 0 0 0 0 0 0 0 0 0 0 0 0 0 0 0 0 0 0 0 0 0 0 0
0.2998841 0.9679785 0 -0.7416296 0 0 0.1489935 0 0 0 0 0 0 0.205496 0.5963266 0 0.9719094 -0.1162922 0 0 0 0 -0.07571102 0.9819322 0.0726879 0 0 1.01 0.3267797 -0.07149981 -0.536207 0 0 0.2724193 0 -0.1162922 -0.7480413 -0.568243 -0.129247 -0.2455444 0 0.1745938 0.6074838 0 0 0 0.1866749 0 0.9837207 -0.2428338 0 0 0 0 0.9839567 -0.129247 0.5916198 0.5755464 0 0.2191883 0.2278581 0.1880796 -0.129247 0 0 0.6669564 0 -0.18983 0 -0.2428338 -0.07131067 0.976457 0.2322179 0 0.1879829 0.2322179 0.2321008 0.2212351 -0.08271078 -0.07971683 0.6850583 0 -0.1308672 0.7016495 0.5747766 0.2404899 0 0.5723705 -0.1864228 -0.1864228 -0.1849347 0 0.9629947 -0.7370595 0.9693128 -0.5623762 0 0.2331592 0 0.1263812 -0.1308672 -0.5618335 0 0 0.1864228 0 0.2331592 0 0.9690217 -0.08625017 0.1446578 0.05611937 0 0 0 0 0 -0.1308672 -0.5585064 -0.7181005 0.5871115 0 -0.08764278 -0.2388214 0 0.1864228 0.2331592 -0.0944972 0.2186955 0.248369 0 0 -0.08453443 0 0.2331592
0.9695161 0.3276339 0 -0.02508695 0 0 0.5352241 0 0 0 0 0 0 0.06180263 0.1905021 0 0.325399 0.09394347 0 0 0 0 0.03844255 0.3211709 -0.05540185 0 0 0.3267797 1.01 -0.1552959 0.4670415 0 0 0.09086558 0 0.09394347 -0.02328226 0.4617782 0.1049295 -0.7202086 0 0.04482646 0.178433 0 0 0 0.5630421 0 0.3184487 -0.7426435 0 0 0 0 0.319069 0.1049295 0.1856717 0.1785701 0 0.3961527 0.4007182 0.5562298 0.1049295 0 0 0.2299689 0 -0.5529553 0 -0.7426435 -0.1979374 0.3163598 0.4029764 0 0.07019223 0.4029764 0.3863449 0.06438567 0.05083334 0.06204671 0.2257359 0 0.1055612 0.2303235 0.1775453 0.08017198 0 0.1743167 -0.5627519 -0.5627519 -0.5741283 0 0.3208935 -0.02831396 0.3226768 0.4703693 0 0.4004545 0 0.06331363 0.1055612 0.4704178 0 0 0.5627519 0 0.4004545 0 0.3224339 0.07259094 0.0495082 0.03986919 0 0 0 0 0 0.1055612 0.4713952 -0.007176847 0.1849698 0 0.08615392 -0.7338621 0 0.5627519 0.4004545 0.04667952 0.04948558 0.08724186 0 0 0.06566755 0 0.4004545
-0.155561 -0.053926 0 0.1375053 0 0 0.07853964 0 0 0 0 0 0 -0.00745014 -0.1079788 0 -0.06662793 -0.04178701 0 0 0 0 -0.03146053 -0.06710046 -0.0131295 0 0 -0.07149981 -0.1552959 1.01 -0.03541327 0 0 -0.04736711 0 -0.04178701 0.1450775 -0.03037268 -0.0718107 0.2479953 0 0.007451065 -0.08242543 0 0 0 0.07320893 0 -0.08165322 0.2547344 0 0 0 0 -0.08154408 -0.0718107 -0.1154335 -0.1118321 0 0.1065066 0.1055471 0.07469645 -0.0718107 0 0 0.006721442 0 -0.07450742 0 0.2547344 -0.02214395 -0.07965951 0.1049069 0 -0.04155516 0.1049069 0.1151764 -0.009024237 -0.03942085 -0.04424656 0.004557018 0 -0.07108309 -0.001407573 -0.1120539 -0.04132389 0 -0.1122416 -0.07446457 -0.07446457 0.3524829 0 -0.07968648 0.1456831 -0.08171775 -0.03242611 0 0.104532 0 0.005163673 -0.07108309 -0.03254486 0 0 0.07446457 0 0.104532 0 -0.0818063 -0.04205873 -0.02779081 -0.02957464 0 0 0 0 0 -0.07108309 -0.03342367 0.124674 -0.1143167 0 -0.04260695 0.2587043 0 0.07446457 0.104532 -0.03615394 -0.05377822 -0.03084516 0 0 -0.03383431 0 0.104532
0.4659874 -0.5076359 0 0.7082629 0 0 0.2938027 0 0 0 0 0 0 -0.125026 -0.3469463 0 -0.5127777 0.2009704 0 0 0 0 -0.09862764 -0.5255353 -0.1051944 0 0 -0.536207 0.4670415 -0.03541327 1.01 0 0 -0.1560668 0 0.2009704 0.7278343 0.9428741 -0.1816257 -0.3404792 0 -0.107199 -0.379316 0 0 0 0.2841047 0 -0.5417621 -0.3348166 0 0 0 0 -0.5414756 -0.1816257 -0.3638227 -0.3545191 0 0.3481441 0.3457693 0.2869942 -0.1816257 0 0 -0.3237457 0 -0.2729749 0 -0.3348166 -0.09688982 -0.5367549 0.3446768 0 0.0443142 0.3446768 0.3156412 -0.1333774 0.1208737 0.07932251 -0.3428183 0 -0.1753508 -0.3548684 -0.3546158 -0.02463809 0 -0.3552107 -0.2841261 -0.2841261 -0.2795689 0 -0.5200129 0.7126335 -0.5245692 0.9254886 0 0.3407497 0 -0.04605554 -0.1753508 0.9250784 0 0 0.2841261 0 0.3407497 0 -0.5245704 0.09997165 -0.08794173 -0.0117761 0 0 0 0 0 -0.1753508 0.9226691 0.7114162 -0.3599907 0 0.1642366 -0.3314192 0 0.2841261 0.3407497 0.1314864 -0.140363 -0.1348441 0 0 0.1370165 0 0.3407497
0 0 0 0 0 0 0 0 0 0 0 0 0 0 0 0 0 0 0 0 0 0 0 0 0 0 0 0 0 0 0 1.01 0 0 0 0 0 0 0 0 0 0 0 0 0 0 0 0 0 0 0 0 0 0 0 0 0 0 0 0 0 0 0 0 0 0 0 0 0 0 0 0 0 0 0 0 0 0 0 0 0 0 0 0 0 0 0 0 0 0 0 0 0 0 0 0 0 0 0 0 0 0 0 0 0 0 0 0 0 0 0 0 0 0 0 0 0 0 0 0 0 0 0 0 0 0 0 0 0 0 0 0 0 0 0
0 0 0 0 0 0 0 0 0 0 0 0 0 0 0 0 0 0 0 0 0 0 0 0 0 0 0 0 0 0 0 0 1.01 0 0 0 0 0 0 0 0 0 0 0 0 0 0 0 0 0 0 0 0 0 0 0 0 0 0 0 0 0 0 0 0 0 0 0 0 0 0 0 0 0 0 0 0 0 0 0 0 0 0 0 0 0 0 0 0 0 0 0 0 0 0 0 0 0 0 0 0 0 0 0 0 0 0 0 0 0 0 0 0 0 0 0 0 0 0 0 0 0 0 0 0 0 0 0 0 0 0 0 0 0 0
0.08743279 0.2735139 0 -0.2065663 0 0 0.05020979 0 0 0 0 0 0 -0.01808245 -0.0481206 0 0.2746896 -0.0411948 0 0 0 0 -0.01283815 0.274998 -0.02917414 0 0 0.2724193 0.09086558 -0.04736711 -0.1560668 0 0 1.01 0 -0.0411948 -0.2040208 -0.1563108 -0.03195629 -0.06543346 0 -0.02241987 -0.05637144 0 0 0 0.05350347 0 0.2683574 -0.06485164 0 0 0 0 0.2684864 -0.03195629 -0.04981549 -0.04596193 0 0.0644901 0.06420595 0.05357857 -0.03195629 0 0 0.3861234 0 -0.05424689 0 -0.06485164 -0.008547088 0.2700941 0.06350245 0 -0.02091492 0.06350245 0.06567058 -0.01720902 -0.0230895 -0.02859906 0.3834937 0 -0.033287 0.3749988 -0.04609836 -0.01897406 0 -0.04657662 -0.05344115 -0.05344115 -0.05394311 0 0.2648622 -0.2001231 0.2638265 -0.1534352 0 0.0642765 0 -0.03038824 -0.033287 -0.1529107 0 0 0.05344115 0 0.0642765 0 0.2635261 -0.03210617 -0.0002450036 0.1500468 0 0 0 0 0 -0.033287 -0.1530519 -0.1968485 -0.05063652 0 -0.01432088 -0.06375166 0 0.05344115 0.0642765 -0.01104666 -0.01034011 -0.03323233 0 0 -0.02039048 0 0.0642765
0 0 0 0 0 0 0 0 0 0 0 0 0 0 0 0 0 0 0 0 0 0 0 0 0 0 0 0 0 0 0 0 0 0 1.01 0 0 0 0 0 0 0 0 0 0 0 0 0 0 0 0 0 0 0 0 0 0 0 0 0 0 0 0 0 0 0 0 0 0 0 0 0 0 0 0 0 0 0 0 0 0 0 0 0 0 0 0 0 0 0 0 0 0 0 0 0 0 0 0 0 0 0 0 0 0 0 0 0 0 0 0 0 0 0 0 0 0 0 0 0 0 0 0 0 0 0 0 0 0 0 0 0 0 0 0
0.0949581 -0.1139125 0 0.1539918 0 0 0.06241158 0 0 0 0 0 0 -0.03201503 -0.06970217 0 -0.1135109 1 0 0 0 0 -0.01518887 -0.1131099 -0.009732001 0 0 -0.1162922 0.09394347 -0.04178701 0.2009704 0 0 -0.0411948 0 1.01 0.1564407 0.2013514 -0.03313688 -0.06992386 0 -0.03248521 -0.08605959 0 0 0 0.06011451 0 -0.1196377 -0.06571551 0 0 0 0 -0.1195864 -0.03313688 -0.07570387 -0.07388891 0 0.07163494 0.06863912 0.06131226 -0.03313688 0 0 -0.07979871 0 -0.06198791 0 -0.06571551 -0.01386732 -0.1176395 0.06969217 0 -0.02312851 0.06969217 0.07841538 -0.04173371 -0.02232522 -0.02579091 -0.08044331 0 -0.03450655 -0.08522938 -0.07402052 -0.02419982 0 -0.07446843 -0.06005581 -0.06005581 -0.0543612 0 -0.06854111 0.1121184 -0.07044156 0.1534106 0 0.07047451 0 0.1602376 -0.03450655 0.1533664 0 0 0.06005581 0 0.07047451 0 -0.07025704 -0.02564467 -0.02860002 -0.02608405 0 0 0 0 0 -0.03450655 0.153221 0.1128887 -0.07470435 0 -0.01971791 -0.06363716 0 0.06005581 0.07047451 -0.02635474 -0.03589335 -0.02364544 0 0 -0.01295804 0 0.07047451
-0.01029041 -0.7179531 0 0.9760417 0 0 0.3765951 0 0 0 0 0 0 -0.1593157 -0.4579573 0 -0.7224548 0.1564407 0 0 0 0 -0.1319999 -0.7335953 -0.0339437 0 0 -0.7480413 -0.02328226 0.1450775 0.7278343 0 0 -0.2040208 0 0.1564407 1.01 0.7628254 -0.2537354 0.3258112 0 -0.1337115 -0.4883781 0 0 0 0.3604974 0 -0.7599098 0.3194568 0 0 0 0 -0.7597637 -0.2537354 -0.4825348 -0.469157 0 0.4564436 0.453231 0.3541372 -0.2537354 0 0 -0.4878055 0 -0.350546 0 0.3194568 0.09138376 -0.7541519 0.4518744 0 -0.1428751 0.4518744 0.4057212 -0.1678203 0.09610142 0.1051318 -0.5042989 0 -0.2473465 -0.5183421 -0.4691607 -0.1802077 0 -0.4704957 -0.3611388 -0.3611388 0.2415114 0 -0.7379314 0.9859416 -0.7432234 0.7554736 0 0.4479376 0 -0.08056851 -0.2473465 0.7549174 0 0 0.3611388 0 0.4479376 0 -0.7429894 0.1151816 -0.1111936 -0.02924387 0 0 0 0 0 -0.2473465 0.7518387 0.965558 -0.4779311 0 0.120165 0.3147497 0 0.3611388 0.4479376 0.1261976 -0.1943762 -0.1733041 0 0 0.1076059 0 0.4479376
0.4713706 -0.5395382 0 0.7383599 0 0 0.2916294 0 0 0 0 0 0 -0.1227133 -0.3462461 0 -0.5447712 0.2013514 0 0 0 0 -0.1017279 -0.5577579 -0.1027426 0 0 -0.568243 0.4617782 -0.03037268 0.9428741 0 0 -0.1563108 0 0.2013514 0.7628254 1.01 -0.1889075 -0.3530089 0 -0.1083975 -0.3799219 0 0 0 0.2816119 0 -0.5781731 -0.343464 0 0 0 0 -0.5778954 -0.1889075 -0.3632698 -0.3537551 0 0.3501027 0.3477661 0.2740325 -0.1889075 0 0 -0.3695352 0 -0.2704657 0 -0.343464 -0.09340155 -0.5737573 0.3469948 0 -0.1041724 0.3469948 0.3170076 -0.1310878 0.1223999 0.1372513 -0.3893996 0 -0.1820339 -0.4005399 -0.3538494 -0.1407243 0 -0.3544358 -0.2816327 -0.2816327 -0.2576714 0 -0.5566119 0.7475452 -0.5609953 0.9657605 0 0.342742 0 -0.0470206 -0.1820339 0.9653579 0 0 0.2816327 0 0.342742 0 -0.5610223 0.1533411 -0.08192084 -0.01020567 0 0 0 0 0 -0.1820339 0.9629683 0.7468679 -0.3594571 0 0.1636664 -0.3401908 0 0.2816327 0.342742 0.1362849 -0.1435294 -0.1320347 0 0 0.1393724 0 0.342742
0.1031674 -0.1323963 0 -0.2509799 0 0 0.04394648 0 0 0 0 0 0 -0.02309228 -0.07857581 0 -0.132236 -0.03313688 0 0 0 0 0.5195958 -0.1310463 -0.02174317 0 0 -0.129247 0.1049295 -0.0718107 -0.1816257 0 0 -0.03195629 0 -0.03313688 -0.2537354 -0.1889075 1.01 -0.0915438 0 -0.02466712 -0.08586878 0 0 0 0.04869015 0 -0.133115 -0.08974437 0 0 0 0 -0.1330509 1 -0.07909364 -0.08262655 0 -0.5543653 -0.5592745 0.04938984 1 0 0 -0.09384411 0 -0.04843879 0 -0.08974437 -0.02207802 -0.1328987 -0.5616991 0 -0.0123203 -0.5616991 -0.5204422 -0.0285089 -0.02101384 -0.03682557 -0.09363039 0 0.9875672 -0.09470216 -0.08278733 -0.02000947 0 -0.08257603 -0.0485929 -0.0485929 -0.07307559 0 -0.1354201 -0.25018 -0.1353055 -0.1856286 0 -0.5583854 0 -0.03374425 0.9875672 -0.1857406 0 0 0.0485929 0 -0.5583854 0 -0.1351136 -0.04018827 -0.01067925 -0.01451959 0 0 0 0 0 0.9875672 -0.1851787 -0.2468886 -0.08011345 0 -0.03789933 -0.08880926 0 0.0485929 -0.5583854 -0.03447363 -0.03167979 -0.04332733 0 0 -0.02158593 0 -0.5583854
-0.7151916 -0.2445614 0 0.3274455 0 0 0.1175306 0 0 0 0 0 0 -0.04734772 -0.1518571 0 -0.2433219 -0.06992386 0 0 0 0 -0.04262442 -0.2402152 0.1008612 0 0 -0.2455444 -0.7202086 0.2479953 -0.3404792 0 0 -0.06543346 0 -0.06992386 0.3258112 -0.3530089 -0.0915438 1.01 0 -0.03276362 -0.1469119 0 0 0 0.1088933 0 -0.248219 0.9771373 0 0 0 0 -0.2484097 -0.0915438 -0.1626917 -0.1575771 0 0.1481311 0.146447 0.1103655 -0.0915438 0 0 -0.1623024 0 -0.1109823 0 0.9771373 0.2631903 -0.246299 0.1460317 0 -0.05228171 0.1460317 0.1239961 -0.04958557 -0.04274781 -0.05047978 -0.1569842 0 -0.09246492 -0.1611344 -0.157454 -0.05265689 0 -0.1585331 -0.1097728 -0.1097728 0.7491857 0 -0.2482073 0.328118 -0.2494962 -0.33332 0 0.1466289 0 -0.04653343 -0.09246492 -0.3335337 0 0 0.1097728 0 0.1466289 0 -0.2491138 -0.05986723 -0.0413979 -0.02740867 0 0 0 0 0 -0.09246492 -0.3344982 0.3005354 -0.1616007 0 -0.06797048 0.9660823 0 0.1097728 0.1466289 -0.01995818 -0.07167615 -0.05691855 0 0 -0.04878487 0 0.1466289
0 0 0 0 0 0 0 0 0 0 0 0 0 0 0 0 0 0 0 0 0 0 0 0 0 0 0 0 0 0 0 0 0 0 0 0 0 0 0 0 1.01 0 0 0 0 0 0 0 0 0 0 0 0 0 0 0 0 0 0 0 0 0 0 0 0 0 0 0 0 0 0 0 0 0 0 0 0 0 0 0 0 0 0 0 0 0 0 0 0 0 0 0 0 0 0 0 0 0 0 0 0 0 0 0 0 0 0 0 0 0 0 0 0 0 0 0 0 0 0 0 0 0 0 0 0 0 0 0 0 0 0 0 0 0 0
0.04549081 0.1747264 0 -0.1314501 0 0 0.03158729 0 0 0 0 0 0 -0.02336628 -0.04032276 0 0.1759439 -0.03248521 0 0 0 0 -0.01943374 0.1788593 -0.02056997 0 0 0.1745938 0.04482646 0.007451065 -0.107199 0 0 -0.02241987 0 -0.03248521 -0.1337115 -0.1083975 -0.02466712 -0.03276362 0 1.01 0.2643594 0 0 0 0.02850163 0 0.173543 -0.0305215 0 0 0 0 0.1736273 -0.02466712 -0.04264876 -0.04390586 0 0.03691534 0.03888904 0.02933862 -0.02466712 0 0 0.2560387 0 -0.02811146 0 -0.0305215 -0.01879918 0.1755808 0.03841649 0 0.009942473 0.03841649 0.03979583 0.7854549 -0.007618531 -0.008302818 0.2577066 0 -0.02319456 0.2513505 -0.04399124 -0.008043312 0 -0.04428367 -0.02845292 -0.02845292 -0.0135801 0 0.1484461 -0.1108537 0.1475371 -0.08921941 0 0.03753801 0 0.811451 -0.02319456 -0.08927742 0 0 0.02845292 0 0.03753801 0 0.1477712 -0.009692368 -0.005021034 -0.008448506 0 0 0 0 0 -0.02319456 -0.08884955 -0.110999 -0.04338388 0 -0.01601808 -0.02908676 0 0.02845292 0.03753801 -0.02494387 -0.01104991 -0.01700266 0 0 -0.007658105 0 0.03753801
0.1640809 0.5802923 0 -0.4691585 0 0 0.06367575 0 0 0 0 0 0 0.304505 0.8894115 0 0.5831935 -0.08605959 0 0 0 0 -0.05555305 0.5913375 -0.05693083 0 0 0.6074838 0.178433 -0.08242543 -0.379316 0 0 -0.05637144 0 -0.08605959 -0.4883781 -0.3799219 -0.08586878 -0.1469119 0 0.2643594 1.01 0 0 0 0.1055492 0 0.6328633 -0.1466957 0 0 0 0 0.6331806 -0.08586878 0.9316127 0.9076371 0 0.1196852 0.1399401 0.1072543 -0.08586878 0 0 -0.07403404 0 -0.08693184 0 -0.1466957 -0.04996859 0.6377704 0.1389582 0 -0.0001070422 0.1389582 0.1320698 0.1859831 -0.05169773 -0.05951936 -0.07181733 0 -0.08637048 -0.02644149 0.9069421 -0.03553566 0 0.9044169 -0.1053573 -0.1053573 -0.1003996 0 0.6074706 -0.4775106 0.6192444 -0.3722268 0 0.1392916 0 0.2015579 -0.08637048 -0.3718894 0 0 0.1053573 0 0.1392916 0 0.6189283 -0.06185708 -0.0033561 0.03390457 0 0 0 0 0 -0.08637048 -0.3667425 -0.4702302 0.9253275 0 -0.07350723 -0.1431059 0 0.1053573 0.1392916 -0.06122556 0.3557077 -0.06989121 0 0 -0.04607389 0 0.1392916
0 0 0 0 0 0 0 0 0 0 0 0 0 0 0 0 0 0 0 0 0 0 0 0 0 0 0 0 0 0 0 0 0 0 0 0 0 0 0 0 0 0 0 1.01 0 0 0 0 0 0 0 0 0 0 0 0 0 0 0 0 0 0 0 0 0 0 0 0 0 0 0 0 0 0 0 0 0 0 0 0 0 0 0 0 0 0 0 0 0 0 0 0 0 0 0 0 0 0 0 0 0 0 0 0 0 0 0 0 0 0 0 0 0 0 0 0 0 0 0 0 0 0 0 0 0 0 0 0 0 0 0 0 0 0 0
0 0 0 0 0 0 0 0 0 0 0 0 0 0 0 0 0 0 0 0 0 0 0 0 0 0 0 0 0 0 0 0 0 0 0 0 0 0 0 0 0 0 0 0 1.01 0 0 0 0 0 0 0 0 0 0 0 0 0 0 0 0 0 0 0 0 0 0 0 0 0 0 0 0 0 0 0 0 0 0 0 0 0 0 0 0 0 0 0 0 0 0 0 0 0 0 0 0 0 0 0 0 0 0 0 0 0 0 0 0 0 0 0 0 0 0 0 0 0 0 0 0 0 0 0 0 0 0 0 0 0 0 0 0 0 0
0 0 0 0 0 0 0 0 0 0 0 0 0 0 0 0 0 0 0 0 0 0 0 0 0 0 0 0 0 0 0 0 0 0 0 0 0 0 0 0 0 0 0 0 0 1.01 0 0 0 0 0 0 0 0 0 0 0 0 0 0 0 0 0 0 0 0 0 0 0 0 0 0 0 0 0 0 0 0 0 0 0 0 0 0 0 0 0 0 0 0 0 0 0 0 0 0 0 0 0 0 0 0 0 0 0 0 0 0 0 0 0 0 0 0 0 0 0 0 0 0 0 0 0 0 0 0 0 0 0 0 0 0 0 0 0
0.5636126 0.1888297 0 0.3602046 0 0 0.9671036 0 0 0 0 0 0 0.03149685 0.0942925 0 0.1869816 0.06011451 0 0 0 0 0.01654411 0.1844502 0.03923299 0 0 0.1866749 0.5630421 0.07320893 0.2841047 0 0 0.05350347 0 0.06011451 0.3604974 0.2816119 0.04869015 0.1088933 0 0.02850163 0.1055492 0 0 0 1.01 0 0.1886266 0.1034982 0 0 0 0 0.1893389 0.04869015 0.09772322 0.09374412 0 0.7907186 0.7955437 0.9901248 0.04869015 0 0 0.1477879 0 -0.9859017 0 0.1034982 0.02980045 0.1875235 0.7984593 0 0.04405616 0.7984593 0.7459417 0.03938412 0.02004583 0.02774421 0.1480505 0 0.04843418 0.149238 0.09232218 0.05561499 0 0.08597083 -0.9993338 -0.9993338 0.07173267 0 0.1923702 0.3557555 0.1933923 0.2804954 0 0.7953764 0 0.03918121 0.04843418 0.2802956 0 0 0.9993338 0 0.7953764 0 0.193516 0.03223783 0.0271154 0.02602369 0 0 0 0 0 0.04843418 0.2805609 0.3532326 0.09808803 0 0.04157167 0.1019348 0 0.9993338 0.7953764 0.04931426 0.03783956 0.06433825 0 0 0.03839432 0 0.7953764
0 0 0 0 0 0 0 0 0 0 0 0 0 0 0 0 0 0 0 0 0 0 0 0 0 0 0 0 0 0 0 0 0 0 0 0 0 0 0 0 0 0 0 0 0 0 0 1.01 0 0 0 0 0 0 0 0 0 0 0 0 0 0 0 0 0 0 0 0 0 0 0 0 0 0 0 0 0 0 0 0 0 0 0 0 0 0 0 0 0 0 0 0 0 0 0 0 0 0 0 0 0 0 0 0 0 0 0 0 0 0 0 0 0 0 0 0 0 0 0 0 0 0 0 0 0 0 0 0 0 0 0 0 0 0 0
0.3054237 0.9536442 0 -0.7352066 0 0 0.1541482 0 0 0 0 0 0 0.2025179 0.5897776 0 0.9573616 -0.1196377 0 0 0 0 -0.07428241 0.9674469 0.07010697 0 0 0.9837207 0.3184487 -0.08165322 -0.5417621 0 0 0.2683574 0 -0.1196377 -0.7599098 -0.5781731 -0.133115 -0.248219 0 0.173543 0.6328633 0 0 0 0.1886266 0 1.01 -0.2453346 0 0 0 0 0.9997568 -0.133115 0.6188253 0.6034121 0 0.2233027 0.2318623 0.1900939 -0.133115 0 0 0.6615577 0 -0.1918736 0 -0.2453346 -0.071908 0.9924873 0.2361609 0 0.1874972 0.2361609 0.2366593 0.219729 -0.08341121 -0.08166725 0.6795833 0 -0.1347754 0.6960472 0.6026271 0.238477 0 0.6001492 -0.1883721 -0.1883721 -0.1870527 0 0.9788533 -0.7490184 0.9851787 -0.5722779 0 0.2371363 0 0.1261005 -0.1347754 -0.5717442 0 0 0.1883721 0 0.2371363 0 0.9849148 -0.08843207 0.1432793 0.05384867 0 0 0 0 0 -0.1347754 -0.5684801 -0.7297844 0.6144823 0 -0.08923067 -0.2415516 0 0.1883721 0.2371363 -0.09263096 0.2482834 0.246445 0 0 -0.08461033 0 0.2371363
-0.7372983 -0.2419199 0 0.3211066 0 0 0.1119804 0 0 0 0 0 0 -0.04568581 -0.1534174 0 -0.2407466 -0.06571551 0 0 0 0 -0.04050755 -0.2377886 0.1015771 0 0 -0.2428338 -0.7426435 0.2547344 -0.3348166 0 0 -0.06485164 0 -0.06571551 0.3194568 -0.343464 -0.08974437 0.9771373 0 -0.0305215 -0.1466957 0 0 0 0.1034982 0 -0.2453346 1.01 0 0 0 0 -0.2455309 -0.08974437 -0.1636651 -0.1584532 0 0.1424904 0.140863 0.1049191 -0.08974437 0 0 -0.1577438 0 -0.1055012 0 1 0.2676201 -0.2435405 0.1404865 0 -0.05125403 0.1404865 0.1184263 -0.04573173 -0.04319613 -0.05161047 -0.1523926 0 -0.09058589 -0.1570591 -0.1583189 -0.05259995 0 -0.1593693 -0.1043858 -0.1043858 0.7697559 0 -0.244966 0.3215777 -0.2464612 -0.3551863 0 0.1410445 0 -0.04412543 -0.09058589 -0.3554002 0 0 0.1043858 0 0.1410445 0 -0.2460878 -0.06042748 -0.03802656 -0.02533205 0 0 0 0 0 -0.09058589 -0.3563259 0.2933211 -0.1626428 0 -0.06720972 0.988822 0 0.1043858 0.1410445 -0.01851487 -0.07079546 -0.05356753 0 0 -0.04880623 0 0.1410445
0 0 0 0 0 0 0 0 0 0 0 0 0 0 0 0 0 0 0 0 0 0 0 0 0 0 0 0 0 0 0 0 0 0 0 0 0 0 0 0 0 0 0 0 0 0 0 0 0 0 1.01 0 0 0 0 0 0 0 0 0 0 0 0 0 0 0 0 0 0 0 0 0 0 0 0 0 0 0 0 0 0 0 0 0 0 0 0 0 0 0 0 0 0 0 0 0 0 0 0 0 0 0 0 0 0 0 0 0 0 0 0 0 0 0 0 0 0 0 0 0 0 0 0 0 0 0 0 0 0 0 0 0 0 0 0
0 0 0 0 0 0 0 0 0 0 0 0 0 0 0 0 0 0 0 0 0 0 0 0 0 0 0 0 0 0 0 0 0 0 0 0 0 0 0 0 0 0 0 0 0 0 0 0 0 0 0 1.01 0 0 0 0 0 0 0 0 0 0 0 0 0 0 0 0 0 0 0 0 0 0 0 0 0 0 0 0 0 0 0 0 0 0 0 0 0 0 0 0 0 0 0 0 0 0 0 0 0 0 0 0 0 0 0 0 0 0 0 0 0 0 0 0 0 0 0 0 0 0 0 0 0 0 0 0 0 0 0 0 0 0 0
0 0 0 0 0 0 0 0 0 0 0 0 0 0 0 0 0 0 0 0 0 0 0 0 0 0 0 0 0 0 0 0 0 0 0 0 0 0 0 0 0 0 0 0 0 0 0 0 0 0 0 0 1.01 0 0 0 0 0 0 0 0 0 0 0 0 0 0 0 0 0 0 0 0 0 0 0 0 0 0 0 0 0 0 0 0 0 0 0 0 0 0 0 0 0 0 0 0 0 0 0 0 0 0 0 0 0 0 0 0 0 0 0 0 0 0 0 0 0 0 0 0 0 0 0 0 0 0 0 0 0 0 0 0 0 0
0 0 0 0 0 0 0 0 0 0 0 0 0 0 0 0 0 0 0 0 0 0 0 0 0 0 0 0 0 0 0 0 0 0 0 0 0 0 0 0 0 0 0 0 0 0 0 0 0 0 0 0 0 1.01 0 0 0 0 0 0 0 0 0 0 0 0 0 0 0 0 0 0 0 0 0 0 0 0 0 0 0 0 0 0 0 0 0 0 0 0 0 0 0 0 0 0 0 0 0 0 0 0 0 0 0 0 0 0 0 0 0 0 0 0 0 0 0 0 0 0 0 0 0 0 0 0 0 0 0 0 0 0 0 0 0
0.3060393 0.9538724 0 -0.7350562 0 0 0.1548262 0 0 0 0 0 0 0.2026204 0.5900659 0 0.9575889 -0.1195864 0 0 0 0 -0.07425004 0.9676726 0.07017096 0 0 0.9839567 0.319069 -0.08154408 -0.5414756 0 0 0.2684864 0 -0.1195864 -0.7597637 -0.5778954 -0.1330509 -0.2484097 0 0.1736273 0.6331806 0 0 0 0.1893389 0 0.9997568 -0.2455309 0 0 0 0 1.01 -0.1330509 0.6191269 0.6037062 0 0.2238451 0.2324112 0.1907997 -0.1330509 0 0 0.6615808 0 -0.1925773 0 -0.2455309 -0.07187623 0.9927263 0.236713 0 0.187588 0.236713 0.2371655 0.2190255 -0.08337935 -0.08162974 0.6796088 0 -0.1347104 0.6960872 0.6029213 0.2385928 0 0.6004433 -0.1890853 -0.1890853 -0.1869566 0 0.9790931 -0.7488743 0.9854224 -0.5720004 0 0.2376855 0 0.1261804 -0.1347104 -0.5714664 0 0 0.1890853 0 0.2376855 0 0.9851582 -0.08838987 0.1421358 0.05390434 0 0 0 0 0 -0.1347104 -0.5682006 -0.7296399 0.6147819 0 -0.08918444 -0.2417518 0 0.1890853 0.2376855 -0.09258172 0.2484009 0.2465696 0 0 -0.08457345 0 0.2376855
0.1031674 -0.1323963 0 -0.2509799 0 0 0.04394648 0 0 0 0 0 0 -0.02309228 -0.07857581 0 -0.132236 -0.03313688 0 0 0 0 0.5195958 -0.1310463 -0.02174317 0 0 -0.129247 0.1049295 -0.0718107 -0.1816257 0 0 -0.03195629 0 -0.03313688 -0.2537354 -0.1889075 1 -0.0915438 0 -0.02466712 -0.08586878 0 0 0 0.04869015 0 -0.133115 -0.08974437 0 0 0 0 -0.1330509 1.01 -0.07909364 -0.08262655 0 -0.5543653 -0.5592745 0.04938984 1 0 0 -0.09384411 0 -0.04843879 0 -0.08974437 -0.02207802 -0.1328987 -0.5616991 0 -0.0123203 -0.5616991 -0.5204422 -0.0285089 -0.02101384 -0.03682557 -0.09363039 0 0.9875672 -0.09470216 -0.08278733 -0.02000947 0 -0.08257603 -0.0485929 -0.0485929 -0.07307559 0 -0.1354201 -0.25018 -0.1353055 -0.1856286 0 -0.5583854 0 -0.03374425 0.9875672 -0.1857406 0 0 0.0485929 0 -0.5583854 0 -0.1351136 -0.04018827 -0.01067925 -0.01451959 0 0 0 0 0 0.9875672 -0.1851787 -0.2468886 -0.08011345 0 -0.03789933 -0.08880926 0 0.0485929 -0.5583854 -0.03447363 -0.03167979 -0.04332733 0 0 -0.02158593 0 -0.5583854
0.1706427 0.5629457 0 -0.4627804 0 0 0.05290313 0 0 0 0 0 0 0.3311555 0.9548202 0 0.5655103 -0.07570387 0 0 0 0 -0.04888901 0.5732547 -0.05118302 0 0 0.5916198 0.1856717 -0.1154335 -0.3638227 0 0 -0.04981549 0 -0.07570387 -0.4825348 -0.3632698 -0.07909364 -0.1626917 0 -0.04264876 0.9316127 0 0 0 0.09772322 0 0.6188253 -0.1636651 0 0 0 0 0.6191269 -0.07909364 1.01 0.9748936 0 0.1084877 0.1292235 0.0991331 -0.07909364 0 0 -0.1548071 0 -0.1002341 0 -0.1636651 -0.04330345 0.623151 0.1284079 0 -0.00494009 0.1284079 0.1205119 -0.05685818 -0.04989036 -0.05617418 -0.1530391 0 -0.07997784 -0.1029219 0.9742022 -0.03430774 0 0.9716808 -0.09754378 -0.09754378 -0.1274917 0 0.6002651 -0.4787213 0.6130605 -0.3614299 0 0.1289692 0 -0.04750175 -0.07997784 -0.3610512 0 0 0.09754378 0 0.1289692 0 0.6126404 -0.05777561 -0.002465054 0.04127486 0 0 0 0 0 -0.07997784 -0.3557216 -0.4549703 0.9935583 0 -0.06977794 -0.160763 0 0.09754378 0.1289692 -0.05365463 0.3792959 -0.06296552 0 0 -0.04850923 0 0.1289692
0.1631583 0.5464884 0 -0.4490932 0 0 0.04817792 0 0 0 0 0 0 0.3421176 0.9272977 0 0.5489121 -0.07388891 0 0 0 0 -0.04610274 0.556349 -0.04965669 0 0 0.5755464 0.1785701 -0.1118321 -0.3545191 0 0 -0.04596193 0 -0.07388891 -0.469157 -0.3537551 -0.08262655 -0.1575771 0 -0.04390586 0.9076371 0 0 0 0.09374412 0 0.6034121 -0.1584532 0 0 0 0 0.6037062 -0.08262655 0.9748936 1.01 0 0.106726 0.1279923 0.09505994 -0.08262655 0 0 -0.1508034 0 -0.09611393 0 -0.1584532 -0.0419532 0.6075017 0.1272407 0 -0.04675292 0.1272407 0.1182547 -0.05647216 -0.04701582 -0.05669614 -0.149024 0 -0.08333544 -0.09828412 0.9993089 -0.03595572 0 0.9967857 -0.09356735 -0.09356735 -0.12435 0 0.5845812 -0.4653017 0.5975988 -0.3516842 0 0.1277223 0 -0.04932094 -0.08333544 -0.351289 0 0 0.09356735 0 0.1277223 0 0.5971319 -0.05750881 0.0006602746 0.04401469 0 0 0 0 0 -0.08333544 -0.3457812 -0.4410698 0.9681064 0 -0.06925042 -0.1556878 0 0.09356735 0.1277223 -0.04935222 0.3874723 -0.05840716 0 0 -0.04519929 0 0.1277223
0 0 0 0 0 0 0 0 0 0 0 0 0 0 0 0 0 0 0 0 0 0 0 0 0 0 0 0 0 0 0 0 0 0 0 0 0 0 0 0 0 0 0 0 0 0 0 0 0 0 0 0 0 0 0 0 0 0 1.01 0 0 0 0 0 0 0 0 0 0 0 0 0 0 0 0 0 0 0 0 0 0 0 0 0 0 0 0 0 0 0 0 0 0 0 0 0 0 0 0 0 0 0 0 0 0 0 0 0 0 0 0 0 0 0 0 0 0 0 0 0 0 0 0 0 0 0 0 0 0 0 0 0 0 0 0
0.3972771 0.2227681 0 0.4545331 0 0 0.7673909 0 0 0 0 0 0 0.04048271 0.104299 0 0.2210737 0.07163494 0 0 0 0 -0.2952466 0.2180933 0.04682097 0 0 0.2191883 0.3961527 0.1065066 0.3481441 0 0 0.0644901 0 0.07163494 0.4564436 0.3501027 -0.5543653 0.1481311 0 0.03691534 0.1196852 0 0 0 0.7907186 0 0.2233027 0.1424904 0 0 0 0 0.2238451 -0.5543653 0.1084877 0.106726 0 1.01 0.9852981 0.78322 -0.5543653 0 0 0.1811615 0 -0.780285 0 0.1424904 0.03916638 0.2221365 0.9891727 0 0.04395257 0.9891727 0.9212904 0.04916178 0.02649398 0.04530926 0.1812448 0 -0.5471108 0.1826408 0.105665 0.05878175 0 0.1003694 -0.7913278 -0.7913278 0.1052622 0 0.2281229 0.4502829 0.2286932 0.3471832 0 0.9846273 0 0.05155193 -0.5471108 0.3470893 0 0 0.7913278 0 0.9846273 0 0.2286644 0.05131976 0.02996715 0.03148155 0 0 0 0 0 -0.5471108 0.3470032 0.4461316 0.1093031 0 0.05781699 0.1405718 0 0.7913278 0.9846273 0.06232 0.05111657 0.08021395 0 0 0.04618558 0 0.9846273
0.4022358 0.2315067 0 0.4513265 0 0 0.77224 0 0 0 0 0 0 0.04054637 0.1259682 0 0.2298552 0.06863912 0 0 0 0 -0.2978382 0.2269833 0.02295928 0 0 0.2278581 0.4007182 0.1055471 0.3457693 0 0 0.06420595 0 0.06863912 0.453231 0.3477661 -0.5592745 0.146447 0 0.03888904 0.1399401 0 0 0 0.7955437 0 0.2318623 0.140863 0 0 0 0 0.2324112 -0.5592745 0.1292235 0.1279923 0 0.9852981 1.01 0.7880449 -0.5592745 0 0 0.172654 0 -0.7851148 0 0.140863 0.03838787 0.2307763 0.996125 0 0.04437972 0.996125 0.9277866 0.05033336 0.02970469 0.04562225 0.1727052 0 -0.5520077 0.1745553 0.1269144 0.04126727 0 0.1215396 -0.7961534 -0.7961534 0.1046032 0 0.236354 0.4471291 0.2371744 0.3451601 0 0.9915774 0 0.05322882 -0.5520077 0.3450633 0 0 0.7961534 0 0.9915774 0 0.237156 0.05142124 0.02926233 0.03070431 0 0 0 0 0 -0.5520077 0.3449555 0.4433351 0.1301243 0 0.05781109 0.1389852 0 0.7961534 0.9915774 0.06120445 0.05100732 0.07907656 0 0 0.04528082 0 0.9915774
