1.01 1 1 1 0.912763 -0.349717 0.9998382 0.9998382 -0.1436528 0.6983794 0.6443284 -0.1436528 -0.05281383 -0.2076356 -0.06741757 -0.1173656 -0.06197444 0 -0.08020658 0 0.2567255 -0.08814426 0 0 -0.04794958 0 0 0 -0.151155 -0.08118486 0.5432787 -0.09949442 -0.07227833 -0.04794958 -0.1170251 -0.04997037 -0.1335162 -0.06001877 0.1531349 -0.09424369 -0.04621097 0.6171216 -0.1752135 -0.2181643 -0.02599497 -0.09413948 0.1718043 -0.0577455 -0.1670283 -0.1733985 -0.3138651 -0.1731334 -0.1472178 -0.06144965 -0.05028867 0 0.1555569 -0.06144965 0.1525366 -0.07624523 -0.06818995 -0.06599897 0.1124682 -0.06722296 -0.2740532 -0.2320912 -0.08452658 -0.2176801 -0.266665 -0.06541641 0.3420211 -0.0355862 -0.06000331 0.1405991 -0.09873571 0.3585891 0 0.3391599 0 -0.1243093 -0.1962518 0 -0.05050743 -0.1040528 0.1405991 0 -0.09322268 -0.1047466 0.2826904 0.2675279 -0.05829767 0.5999714 0 -0.221222 -0.07254214 -0.2254756 -0.1139095 -0.224276 -0.109485 -0.1915107 -0.2028815 -0.2033779 0.3748459 -0.09322268 0.4367667 -0.07801629 -0.06050816 -0.002493588 0.5562669 0 0 0 0 0 0 -0.06154176 -0.08166698 -0.06123848 -0.008868077 -0.1070568 -0.009276828 -0.07426639 0 0 0.1334589 -0.1127608 -0.1466274 0.4696339 0.1377097 0.5465192 0 -0.08105313 -0.1103072 0 0.2568325 -0.101414 -0.04945866 0.1782695 -0.03494038 -0.04827026 0.2863753 0.425408 -0.06276837 0.4489486 0 0.02744612 -0.03881772 0.3273321 -0.03636283 -0.1326534 0.2206377 -0.06116247 -0.0370619 -0.03502659
1 1.01 1 1 0.912763 -0.349717 0.9998382 0.9998382 -0.1436528 0.6983794 0.6443284 -0.1436528 -0.05281383 -0.2076356 -0.06741757 -0.1173656 -0.06197444 0 -0.08020658 0 0.2567255 -0.08814426 0 0 -0.04794958 0 0 0 -0.151155 -0.08118486 0.5432787 -0.09949442 -0.07227833 -0.04794958 -0.1170251 -0.04997037 -0.1335162 -0.06001877 0.1531349 -0.09424369 -0.04621097 0.6171216 -0.1752135 -0.2181643 -0.02599497 -0.09413948 0.1718043 -0.0577455 -0.1670283 -0.1733985 -0.3138651 -0.1731334 -0.1472178 -0.06144965 -0.05028867 0 0.1555569 -0.06144965 0.1525366 -0.07624523 -0.06818995 -0.06599897 0.1124682 -0.06722296 -0.2740532 -0.2320912 -0.08452658 -0.2176801 -0.266665 -0.06541641 0.3420211 -0.0355862 -0.06000331 0.1405991 -0.09873571 0.3585891 0 0.3391599 0 -0.1243093 -0.1962518 0 -0.05050743 -0.1040528 0.1405991 0 -0.09322268 -0.1047466 0.2826904 0.2675279 -0.05829767 0.5999714 0 -0.221222 -0.07254214 -0.2254756 -0.1139095 -0.224276 -0.109485 -0.1915107 -0.2028815 -0.2033779 0.3748459 -0.09322268 0.4367667 -0.07801629 -0.06050816 -0.002493588 0.5562669 0 0 0 0 0 0 -0.06154176 -0.08166698 -0.06123848 -0.008868077 -0.1070568 -0.009276828 -0.07426639 0 0 0.1334589 -0.1127608 -0.1466274 0.4696339 0.1377097 0.5465192 0 -0.08105313 -0.1103072 0 0.2568325 -0.101414 -0.04945866 0.1782695 -0.03494038 -0.04827026 0.2863753 0.425408 -0.06276837 0.4489486 0 0.02744612 -0.03881772 0.3273321 -0.03636283 -0.1326534 0.2206377 -0.06116247 -0.0370619 -0.03502659
1 1 1.01 1 0.912763 -0.349717 0.9998382 0.9998382 -0.1436528 0.6983794 0.6443284 -0.1436528 -0.05281383 -0.2076356 -0.06741757 -0.1173656 -0.06197444 0 -0.08020658 0 0.2567255 -0.08814426 0 0 -0.04794958 0 0 0 -0.151155 -0.08118486 0.5432787 -0.09949442 -0.07227833 -0.04794958 -0.1170251 -0.04997037 -0.1335162 -0.06001877 0.1531349 -0.09424369 -0.04621097 0.6171216 -0.1752135 -0.2181643 -0.02599497 -0.09413948 0.1718043 -0.0577455 -0.1670283 -0.1733985 -0.3138651 -0.1731334 -0.1472178 -0.06144965 -0.05028867 0 0.1555569 -0.06144965 0.1525366 -0.07624523 -0.06818995 -0.06599897 0.1124682 -0.06722296 -0.2740532 -0.2320912 -0.08452658 -0.2176801 -0.266665 -0.06541641 0.3420211 -0.0355862 -0.06000331 0.1405991 -0.09873571 0.3585891 0 0.3391599 0 -0.1243093 -0.1962518 0 -0.05050743 -0.1040528 0.1405991 0 -0.09322268 -0.1047466 0.2826904 0.2675279 -0.05829767 0.5999714 0 -0.221222 -0.07254214 -0.2254756 -0.1139095 -0.224276 -0.109485 -0.1915107 -0.2028815 -0.2033779 0.3748459 -0.09322268 0.4367667 -0.07801629 -0.06050816 -0.002493588 0.5562669 0 0 0 0 0 0 -0.06154176 -0.08166698 -0.06123848 -0.008868077 -0.1070568 -0.009276828 -0.07426639 0 0 0.1334589 -0.1127608 -0.1466274 0.4696339 0.1377097 0.5465192 0 -0.08105313 -0.1103072 0 0.2568325 -0.101414 -0.04945866 0.1782695 -0.03494038 -0.04827026 0.2863753 0.425408 -0.06276837 0.4489486 0 0.02744612 -0.03881772 0.3273321 -0.03636283 -0.1326534 0.2206377 -0.06116247 -0.0370619 -0.03502659
1 1 1 1.01 0.912763 -0.349717 0.9998382 0.9998382 -0.1436528 0.6983794 0.6443284 -0.1436528 -0.05281383 -0.2076356 -0.06741757 -0.1173656 -0.06197444 0 -0.08020658 0 0.2567255 -0.08814426 0 0 -0.04794958 0 0 0 -0.151155 -0.08118486 0.5432787 -0.09949442 -0.07227833 -0.04794958 -0.1170251 -0.04997037 -0.1335162 -0.06001877 0.1531349 -0.09424369 -0.04621097 0.6171216 -0.1752135 -0.2181643 -0.02599497 -0.09413948 0.1718043 -0.0577455 -0.1670283 -0.1733985 -0.3138651 -0.1731334 -0.1472178 -0.06144965 -0.05028867 0 0.1555569 -0.06144965 0.1525366 -0.07624523 -0.06818995 -0.06599897 0.1124682 -0.06722296 -0.2740532 -0.2320912 -0.08452658 -0.2176801 -0.266665 -0.06541641 0.3420211 -0.0355862 -0.06000331 0.1405991 -0.09873571 0.3585891 0 0.3391599 0 -0.1243093 -0.1962518 0 -0.05050743 -0.1040528 0.1405991 0 -0.09322268 -0.1047466 0.2826904 0.2675279 -0.05829767 0.5999714 0 -0.221222 -0.07254214 -0.2254756 -0.1139095 -0.224276 -0.109485 -0.1915107 -0.2028815 -0.2033779 0.3748459 -0.09322268 0.4367667 -0.07801629 -0.06050816 -0.002493588 0.5562669 0 0 0 0 0 0 -0.06154176 -0.08166698 -0.06123848 -0.008868077 -0.1070568 -0.009276828 -0.07426639 0 0 0.1334589 -0.1127608 -0.1466274 0.4696339 0.1377097 0.5465192 0 -0.08105313 -0.1103072 0 0.2568325 -0.101414 -0.04945866 0.1782695 -0.03494038 -0.04827026 0.2863753 0.425408 -0.06276837 0.4489486 0 0.02744612 -0.03881772 0.3273321 -0.03636283 -0.1326534 0.2206377 -0.06116247 -0.0370619 -0.03502659
0.912763 0.912763 0.912763 0.912763 1.01 -0.3815897 0.912593 0.912593 -0.149466 0.6381137 0.5874151 -0.149466 0.150273 -0.2068533 -0.07850453 -0.128987 0.1640571 0 -0.07978865 0 0.2590981 -0.0954622 0 0 0.2074081 0 0 0 -0.1570993 -0.0887348 0.4925582 0.01104769 -0.07364256 0.2074081 -0.1285341 0.1965733 -0.03440596 -0.06474414 0.1166949 -0.1000344 -0.05529687 0.5829098 -0.190847 -0.2514598 -0.03409084 -0.0368122 0.1768309 -0.07257737 -0.1516922 -0.15764 -0.2932126 -0.1567001 -0.1687923 0.01377869 -0.05962425 0 0.1359743 0.01377869 0.1277819 -0.0836743 0.09198305 -0.0735915 0.09749828 -0.07471752 -0.277749 -0.2500384 -0.09578428 -0.1778238 -0.2678668 -0.0712748 0.3280653 0.08708123 -0.0652205 0.1403176 -0.04193516 0.346431 0 0.3270096 0 -0.1383456 -0.2087483 0 -0.04132564 -0.1229008 0.1403176 0 -0.03410459 -0.1236459 0.2256889 0.2547624 -0.06774032 0.5349372 0 -0.2006775 -0.0793771 -0.20622 -0.1249991 -0.2046225 -0.00331175 -0.204164 -0.1846046 -0.185114 0.3403065 -0.03410459 0.4274352 -0.08497757 -0.06607966 -0.01936295 0.5043924 0 0 0 0 0 0 -0.07226844 -0.08936923 -0.0699648 -0.02150412 -0.1118082 -0.02112972 -0.08140727 0 0 0.1492411 -0.129351 -0.07403229 0.4271798 0.1326721 0.4958853 0 -0.08981355 -0.07430679 0 0.2314547 -0.1176169 -0.05724526 0.1593946 -0.04287109 -0.04939176 0.2315456 0.4023339 -0.06436502 0.4058468 0 -0.001289936 -0.04950466 0.2955601 -0.001545224 -0.05564165 0.2198176 -0.07282292 -0.03763534 -0.04347075
-0.349717 -0.349717 -0.349717 -0.349717 -0.3815897 1.01 -0.3496176 -0.3498862 0.4103626 -0.2414788 -0.2282776 0.4103626 -0.07779826 -0.05074845 0.2061145 -0.1817442 -0.09771751 0 0.2309555 0 0.3214995 -0.1262488 0 0 -0.08091433 0 0 0 -0.2338173 0.2131264 -0.2097973 -0.1480134 -0.1225991 -0.08091433 -0.1818115 -0.06689868 -0.1926224 -0.0636049 0.254655 -0.1249044 0.1651207 -0.2047787 0.253421 0.01791129 -0.06721061 0.203273 -0.123075 -0.2033384 -0.07815229 -0.06110847 0.1494848 -0.05793403 -0.04607592 -0.006050035 -0.05724476 0 -0.06845585 -0.006050035 0.1545617 0.2280487 0.01483017 0.1607824 -0.04923758 -0.08911125 0.1200206 0.5072581 0.1115757 0.01237454 0.08834648 -0.08572515 0.03556507 -0.02528064 -0.07913706 0.1771362 0.1933995 0.02556684 0 0.02102059 0 -0.1483204 0.4006016 0 0.1100175 -0.1620055 0.1771362 0 0.1904707 -0.1625608 -0.3676051 -0.08075878 -0.08935351 -0.4669989 0 0.4710533 -0.09010891 0.4860212 0.1746029 0.4439794 -0.1646437 0.4133118 0.4622457 0.4624984 -0.132605 0.1904707 -0.07148134 -0.1204467 -0.06336234 0.02826812 -0.2034245 0 0 0 0 0 0 0.1857949 -0.0937361 0.1926237 0.3411 -0.07450044 0.3450638 -0.0919443 0 0 0.1883441 0.005166113 0.02453351 -0.1823506 0.06139061 -0.2028186 0 -0.09241319 0.01504583 0 -0.08256128 -0.03099272 0.1091195 -0.03579511 -0.03674903 -0.06614986 0.1476069 -0.1411283 0.05557102 -0.1222733 0 0.1698421 -0.09366239 -0.1189686 0.02177813 -0.07887148 0.08350183 -0.0754327 0.01739842 -0.03329105
0.9998382 0.9998382 0.9998382 0.9998382 0.912593 -0.3496176 1.01 0.9996764 -0.1437241 0.6982673 0.6442232 -0.1437241 -0.05283999 -0.207398 -0.06745387 -0.117424 -0.06200928 0 -0.08024714 0 0.2568503 -0.08818405 0 0 -0.04797556 0 0 0 -0.1512262 -0.08122551 0.5431837 -0.09954108 -0.07231296 -0.04797556 -0.1170834 -0.04999723 -0.13358 -0.06004304 0.1529539 -0.09428624 -0.04623897 0.6173739 -0.1748971 -0.2180107 -0.0260157 -0.09419002 0.1721887 -0.05782137 -0.1671408 -0.173513 -0.3135271 -0.1732471 -0.1473223 -0.06148007 -0.05031229 0 0.1555183 -0.06148007 0.152619 -0.07628569 -0.06822306 -0.06602546 0.1124327 -0.06725461 -0.2736776 -0.2322042 -0.08456563 -0.2178147 -0.2662782 -0.0654461 0.3417066 -0.03560056 -0.06003078 0.1406749 -0.09878679 0.3582857 0 0.3388553 0 -0.1243663 -0.1963486 0 -0.05052906 -0.1035481 0.1406749 0 -0.0932716 -0.1042429 0.2825239 0.26766 -0.05733938 0.5997502 0 -0.2213336 -0.07257313 -0.2255898 -0.1139645 -0.2243894 -0.1095409 -0.1916069 -0.2029959 -0.2034923 0.3747847 -0.0932716 0.436652 -0.07805459 -0.06053202 -0.002608976 0.5561675 0 0 0 0 0 0 -0.06157503 -0.08170531 -0.06036269 -0.008994803 -0.1071077 -0.009402391 -0.07429782 0 0 0.1335305 -0.1128215 -0.1463127 0.4695463 0.1375793 0.5464201 0 -0.08108781 -0.1103181 0 0.2567864 -0.1014673 -0.04948891 0.1782336 -0.03497384 -0.04829147 0.2862563 0.4253227 -0.0627963 0.4488609 0 0.02734677 -0.03885458 0.3270823 -0.03637817 -0.1323194 0.2204225 -0.06119024 -0.0370777 -0.03506074
0.9998382 0.9998382 0.9998382 0.9998382 0.912593 -0.3498862 0.9996764 1.01 -0.1437241 0.6982673 0.6442232 -0.1437241 -0.05283999 -0.207398 -0.06745387 -0.1168756 -0.06200928 0 -0.08024714 0 0.2568503 -0.08818405 0 0 -0.04797556 0 0 0 -0.1512262 -0.08122551 0.5431837 -0.09954108 -0.07231296 -0.04797556 -0.1165333 -0.04999723 -0.13358 -0.06004304 0.1532276 -0.09428624 -0.04623897 0.6169999 -0.1752973 -0.2183034 -0.0260157 -0.09419002 0.1719106 -0.05782137 -0.1671408 -0.173513 -0.3140497 -0.1732471 -0.1473223 -0.06148007 -0.05031229 0 0.1555183 -0.06148007 0.1522028 -0.07628569 -0.06822306 -0.06602546 0.1124327 -0.06725461 -0.2742196 -0.2322042 -0.08456563 -0.2178147 -0.2668264 -0.0654461 0.341965 -0.03560056 -0.06003078 0.1406749 -0.09878679 0.3585425 0 0.3391122 0 -0.1243663 -0.1963486 0 -0.05052906 -0.1041098 0.1406749 0 -0.0932716 -0.1048038 0.2825239 0.2673639 -0.05832926 0.5997502 0 -0.2213336 -0.07257313 -0.2255898 -0.1139645 -0.2243894 -0.1089788 -0.1916069 -0.2029959 -0.2034923 0.3747847 -0.0932716 0.436652 -0.07805459 -0.06053202 -0.002270113 0.5561675 0 0 0 0 0 0 -0.06157503 -0.08170531 -0.06127259 -0.008994803 -0.1071077 -0.009402391 -0.07429782 0 0 0.1335305 -0.1128215 -0.1467133 0.4695463 0.1375793 0.5464201 0 -0.08108781 -0.1103181 0 0.2567864 -0.1014673 -0.04948891 0.1782336 -0.03497384 -0.04829147 0.2865331 0.4253227 -0.0627963 0.4488609 0 0.02734677 -0.03885458 0.3275899 -0.03637817 -0.1327349 0.2207493 -0.06119024 -0.0370777 -0.03506074
-0.1436528 -0.1436528 -0.1436528 -0.1436528 -0.149466 0.4103626 -0.1437241 -0.1437241 1.01 -0.1055864 -0.08693696 1 -0.02049725 -0.1329385 -0.04697924 -0.07863146 -0.02815496 0 0.5632423 0 0.1063299 -0.05081874 0 0 -0.02037017 0 0 0 -0.103431 -0.05856386 -0.07401626 -0.05315399 -0.04442585 -0.02037017 -0.07888112 -0.01750767 -0.07299051 -0.02925632 0.3878391 -0.05611856 -0.04031538 -0.1197445 -0.1042298 -0.117204 -0.02169506 -0.06877586 -0.1866414 -0.1015047 -0.1418123 -0.1425494 -0.2297618 -0.1411946 -0.1388621 -0.01937299 -0.03164423 0 -0.04113042 -0.01937299 0.02428224 0.1935086 -0.03569188 -0.03715314 0.05837195 -0.04384286 -0.1682233 0.5127305 -0.05807575 -0.1714113 -0.1602485 -0.04231504 0.2011506 -0.01420014 -0.02939864 0.0122467 -0.06592533 0.1701184 0 0.1697216 0 -0.06787923 0.6115736 0 -0.03597869 -0.06608065 0.0122467 0 -0.06514344 -0.06651314 -0.1837041 0.1109828 -0.03347977 -0.2240222 0 0.5196776 -0.04228877 0.5553447 -0.07574561 0.5116017 -0.07193224 0.6140912 0.5110435 0.5111432 -0.06012034 -0.06514344 -0.1077569 -0.0472395 -0.02968105 -0.1423796 -0.07853579 0 0 0 0 0 0 -0.04622146 -0.0491831 0.02316643 -0.1418167 0.0292391 -0.1398297 -0.04123516 0 0 0.07866817 -0.07718647 -0.03927305 -0.06456729 0.4415875 -0.074006 0 -0.04362162 0.1803332 0 -0.02665924 -0.06503473 0.1032492 -0.03434991 -0.04433096 -0.03259389 0.1412608 -0.08189412 -0.03359532 -0.06471223 0 -0.09770355 -0.04407267 0.1897189 -0.01180526 -0.0309419 0.1336896 -0.009052402 -0.0273443 -0.05458201
0.6983794 0.6983794 0.6983794 0.6983794 0.6381137 -0.2414788 0.6982673 0.6982673 -0.1055864 1.01 -0.09736635 -0.1055864 -0.04095652 -0.1483237 -0.03759984 -0.08175606 -0.0338406 0 -0.05840508 0 0.1847807 -0.06549089 0 0 -0.04392432 0 0 0 -0.1045285 -0.0512137 -0.09395266 -0.07639446 -0.03953409 -0.04392432 -0.08114251 -0.04289127 -0.1007445 -0.04556685 -0.2253296 -0.0660396 -0.02447872 0.7457846 -0.1305279 -0.11625 -0.01443903 -0.05759764 -0.2182325 0.01220884 -0.08069534 -0.08655018 -0.1968767 -0.08589243 -0.06605721 -0.04767755 -0.03912199 0 0.2398633 -0.04767755 0.1103731 -0.05230182 -0.05287735 -0.05462488 -0.03619955 -0.04081616 -0.1684833 -0.1561888 -0.06656726 -0.1146166 -0.1679685 -0.04684207 0.2226966 -0.01243597 -0.03641216 0.1051246 -0.06123026 0.236845 0 0.2122098 0 -0.09073895 -0.1319675 0 -0.03285479 -0.07855568 0.1051246 0 -0.05603538 -0.07902511 0.5418339 0.190386 -0.04120103 0.4274545 0 -0.1443255 -0.04920677 -0.1482301 -0.07125876 -0.1448837 -0.08121915 -0.12792 -0.1460395 -0.1461509 0.5359552 -0.05603538 -0.1147182 -0.05606375 -0.04586037 0.1255159 -0.09480317 0 0 0 0 0 0 -0.03229495 -0.06003536 -0.04012255 0.08624738 -0.08378136 0.08336256 -0.05107911 0 0 0.09923176 -0.08406347 -0.09775628 -0.0736962 0.3008744 -0.07951939 0 -0.05515528 0.09023364 0 -0.0400545 -0.07749563 -0.03779181 -0.03146854 -0.008219205 -0.04045161 0.2018492 0.607259 -0.04201599 -0.08223563 0 0.1548885 -0.005338405 0.1338164 -0.02877027 -0.08854295 0.1622304 -0.04938431 -0.02059977 -0.009857168
0.6443284 0.6443284 0.6443284 0.6443284 0.5874151 -0.2282776 0.6442232 0.6442232 -0.08693696 -0.09736635 1.01 -0.08693696 -0.02967809 -0.1302432 -0.05357177 -0.07584606 -0.05001959 0 -0.04912519 0 0.1595507 -0.05259173 0 0 -0.01974309 0 0 0 -0.09849938 -0.05816945 0.8558388 -0.05672423 -0.05826413 -0.01974309 -0.07602816 -0.02365688 -0.07801511 -0.03477077 0.453703 -0.06048694 -0.03810294 0.06126833 -0.1041735 -0.1791541 -0.02071908 -0.06936221 0.4720804 -0.09334251 -0.1460374 -0.1486396 -0.2260812 -0.1489737 -0.1341308 -0.03450519 -0.02812694 0 -0.03998372 -0.03450519 0.09417575 -0.05013805 -0.03832191 -0.03340804 0.1950705 -0.04986454 -0.2010591 -0.1558458 -0.04641112 -0.1802262 -0.1913357 -0.04091384 0.2376449 -0.03619633 -0.04453097 0.08318408 -0.07187203 0.2455658 0 0.2448714 0 -0.07590337 -0.1318899 0 -0.03512758 -0.06075354 0.08318408 0 -0.06975661 -0.06121676 -0.1858523 0.1685827 -0.03704235 0.3775532 0 -0.1534076 -0.0482958 -0.1551504 -0.08225648 -0.1570579 -0.06546135 -0.129622 -0.1260731 -0.1266443 -0.05142498 -0.06975661 0.7299173 -0.04858121 -0.03513764 -0.1375801 0.8748081 0 0 0 0 0 0 -0.05106944 -0.049414 -0.04228401 -0.104486 -0.05934723 -0.101972 -0.04869286 0 0 0.07955174 -0.06697746 -0.09943957 0.7317888 -0.1299908 0.8449231 0 -0.05377475 -0.2498005 0 0.399934 -0.05821686 -0.02839405 0.2815148 -0.03980388 -0.02389957 0.1825423 -0.05730377 -0.04238825 0.7121494 0 -0.1273321 -0.04827358 0.312187 -0.01982321 -0.08985258 0.133464 -0.0322822 -0.02952541 -0.03817361
-0.1436528 -0.1436528 -0.1436528 -0.1436528 -0.149466 0.4103626 -0.1437241 -0.1437241 1 -0.1055864 -0.08693696 1.01 -0.02049725 -0.1329385 -0.04697924 -0.07863146 -0.02815496 0 0.5632423 0 0.1063299 -0.05081874 0 0 -0.02037017 0 0 0 -0.103431 -0.05856386 -0.07401626 -0.05315399 -0.04442585 -0.02037017 -0.07888112 -0.01750767 -0.07299051 -0.02925632 0.3878391 -0.05611856 -0.04031538 -0.1197445 -0.1042298 -0.117204 -0.02169506 -0.06877586 -0.1866414 -0.1015047 -0.1418123 -0.1425494 -0.2297618 -0.1411946 -0.1388621 -0.01937299 -0.03164423 0 -0.04113042 -0.01937299 0.02428224 0.1935086 -0.03569188 -0.03715314 0.05837195 -0.04384286 -0.1682233 0.5127305 -0.05807575 -0.1714113 -0.1602485 -0.04231504 0.2011506 -0.01420014 -0.02939864 0.0122467 -0.06592533 0.1701184 0 0.1697216 0 -0.06787923 0.6115736 0 -0.03597869 -0.06608065 0.0122467 0 -0.06514344 -0.06651314 -0.1837041 0.1109828 -0.03347977 -0.2240222 0 0.5196776 -0.04228877 0.5553447 -0.07574561 0.5116017 -0.07193224 0.6140912 0.5110435 0.5111432 -0.06012034 -0.06514344 -0.1077569 -0.0472395 -0.02968105 -0.1423796 -0.07853579 0 0 0 0 0 0 -0.04622146 -0.0491831 0.02316643 -0.1418167 0.0292391 -0.1398297 -0.04123516 0 0 0.07866817 -0.07718647 -0.03927305 -0.06456729 0.4415875 -0.074006 0 -0.04362162 0.1803332 0 -0.02665924 -0.06503473 0.1032492 -0.03434991 -0.04433096 -0.03259389 0.1412608 -0.08189412 -0.03359532 -0.06471223 0 -0.09770355 -0.04407267 0.1897189 -0.01180526 -0.0309419 0.1336896 -0.009052402 -0.0273443 -0.05458201
-0.05281383 -0.05281383 -0.05281383 -0.05281383 0.150273 -0.07779826 -0.05283999 -0.05283999 -0.02049725 -0.04095652 -0.02967809 -0.02049725 1.01 -0.05986182 -0.02170572 -0.02745223 -0.0101324 0 -0.01098479 0 -0.004553 -0.01847669 0 0 0.7852011 0 0 0 -0.02626413 -0.0193334 -0.03030866 0.4286426 -0.01050302 0.7852011 -0.0272494 0.7590969 0.307681 -0.01875073 -0.0664998 -0.0141231 -0.01800156 -0.05042105 -0.04752293 -0.01469203 -0.01363694 -0.02531907 0.1104514 -0.03755085 -0.05555132 -0.05568764 -0.1015201 -0.05485785 -0.05507453 -0.006760753 -0.01324803 0 -0.02117952 -0.006760753 -0.04050965 -0.01327283 0.7930045 -0.005518863 -0.01577048 -0.005663102 -0.09334264 -0.04487528 -0.02022387 -0.06564268 -0.08999054 -0.009584344 0.05955073 -0.01372928 -0.01806137 -0.05304196 -0.02185641 0.06146345 0 0.06166292 0 -0.03603259 -0.03433058 0 -0.01058964 -0.04525316 -0.05304196 0 -0.02332449 -0.0453799 -0.0698966 0.008952786 -0.02243944 -0.08323189 0 -0.04259559 -0.008465044 -0.0436161 -0.02298612 -0.04617291 0.3632442 -0.0344037 -0.04375106 -0.0437901 -0.02008238 -0.02332449 -0.03771647 -0.01875856 -0.01835406 -0.01471633 -0.02843365 0 0 0 0 0 0 -0.01788729 -0.02475406 -0.009051872 -0.06146595 -0.0146528 -0.06012095 -0.009193299 0 0 -0.05297905 -0.04149143 0.1920505 -0.02462006 -0.05782838 -0.02380244 0 -0.01122736 0.02021645 0 -0.01188051 -0.04141287 -0.01340748 -0.004872873 -0.01672053 -8.047551e-06 -0.1593234 -0.04022704 0.2112589 -0.02419696 0 -0.03958714 -0.01496804 -0.1005594 0.1315757 0.1946141 -0.005027044 -0.01850149 -0.001491855 -0.02422652
-0.2076356 -0.2076356 -0.2076356 -0.2076356 -0.2068533 -0.05074845 -0.207398 -0.207398 -0.1329385 -0.1483237 -0.1302432 -0.1329385 -0.05986182 1.01 -0.0659506 -0.1135366 -0.07305056 0 -0.07541353 0 0.1933754 -0.07852934 0 0 -0.06528047 0 0 0 -0.136609 -0.07471187 -0.08034062 -0.09427774 -0.07518889 -0.06528047 -0.1127285 -0.0490567 -0.1379848 0.2348424 -0.2730154 -0.08544423 -0.04193364 -0.1436248 0.01449755 0.1666188 -0.04479377 -0.06929551 0.07823823 -0.07394691 0.2556963 0.2496521 0.3623523 0.2498079 0.293579 -0.06446574 -0.04820585 0 -0.05342449 -0.06446574 0.02580577 -0.06496255 0.07580733 -0.05266298 -0.04864816 0.244057 0.3627829 -0.2049946 -0.05626532 0.1723507 0.3539828 0.2824708 -0.3110835 -0.01463281 0.07507712 0.08789289 -0.08348481 -0.32736 0 -0.2954616 0 -0.1035105 -0.1671954 0 -0.03400456 0.4126555 0.08789289 0 -0.07845321 0.4112396 -0.1137334 -0.2159526 0.09524843 -0.1912683 0 -0.1886164 0.2480879 -0.1925101 -0.09141444 -0.1927973 -0.09402131 -0.1651194 -0.1915525 -0.1895933 -0.07141499 -0.07845321 -0.1556227 -0.07852268 0.2354416 0.2879595 -0.1227184 0 0 0 0 0 0 -0.06550065 -0.07200019 -0.05771705 0.07242975 -0.06339632 0.07460446 0.24339 0 0 0.1263387 0.3801742 0.1003627 -0.11806 -0.1451351 -0.1271616 0 0.2083408 0.1992121 0 -0.05605253 0.3947932 0.09782483 -0.05087752 -0.04945834 0.001020015 -0.1533791 -0.06705016 0.1084369 -0.04412643 0 -0.05908746 0.2118316 -0.05905737 -0.0381917 0.04984345 -0.1762351 0.2472637 -0.020372 -0.055804
-0.06741757 -0.06741757 -0.06741757 -0.06741757 -0.07850453 0.2061145 -0.06745387 -0.06745387 -0.04697924 -0.03759984 -0.05357177 -0.04697924 -0.02170572 -0.0659506 1.01 -0.04237235 -0.02118604 0 -0.02446818 0 0.07908597 -0.027625 0 0 -0.02413376 0 0 0 -0.0442477 -0.03474785 -0.05101393 -0.03616275 -0.02163161 -0.02413376 -0.04356038 -0.0255801 -0.04050749 -0.01885029 0.2105322 -0.02460824 -0.02108525 -0.05026223 -0.04548864 -0.08003504 -0.02221632 -0.04408916 -0.1014439 -0.04636601 -0.07267698 -0.07525789 -0.1206102 -0.0758342 -0.06542544 -0.02330174 -0.003985339 0 -0.01251171 -0.02330174 0.04674847 -0.02797386 -0.02831293 -0.01149343 -0.02062082 -0.01050663 -0.1061869 0.3181295 -0.02211547 -0.09712891 -0.1036734 -0.01136903 0.1232527 -0.008266219 -0.02412326 0.04367633 -0.04198096 0.1270427 0 0.126158 0 -0.037659 -0.06023495 0 -0.02467711 -0.03489716 0.04367633 0 -0.03990557 -0.03511388 -0.08377906 -0.2676559 -0.01978178 -0.1170074 0 -0.07466463 -0.009575758 -0.07645559 -0.03491251 -0.07864986 -0.04714189 -0.05958533 -0.07598814 -0.07603528 -0.01800741 -0.03990557 -0.06734779 -0.02201983 -0.01820481 0.06621945 -0.04983157 0 0 0 0 0 0 0.9144172 0.05365693 -0.02704442 0.2467501 -0.03002914 0.2509256 -0.008053979 0 0 0.04737368 -0.009179372 -0.05623028 -0.042304 -0.07121952 -0.04895822 0 -0.0156103 -0.1306253 0 -0.02650757 -0.03582458 -0.02786488 -0.01973652 -0.02674408 -0.02032299 0.1088384 -0.03363935 -0.02517899 -0.04663311 0 0.3371805 -0.01651915 -0.1301168 -0.009851085 -0.05151711 0.0831396 -0.02474438 0.01431849 -0.02527777
-0.1173656 -0.1173656 -0.1173656 -0.1173656 -0.128987 -0.1817442 -0.117424 -0.1168756 -0.07863146 -0.08175606 -0.07584606 -0.07863146 -0.02745223 -0.1135366 -0.04237235 1.01 -0.0527799 0 -0.03870705 0 0.1304415 -0.02943582 0 0 -0.0201798 0 0 0 -0.06840412 -0.0353886 -0.07175058 -0.03520036 -0.02483654 -0.0201798 0.9972103 -0.01923377 -0.06444661 -0.02015241 0.3611981 0.731738 -0.02959588 0.02733997 0.0359963 -0.05154647 0.3413293 -0.01494361 0.3630663 -0.07722468 -0.1216642 -0.1227718 -0.09321193 -0.1220219 -0.1106527 -0.04310948 -0.006842244 0 -0.03771013 -0.04310948 0.08918464 -0.04949208 -0.03502492 -0.01329988 0.09721318 -0.0256485 -0.08586084 -0.1145301 -0.04938346 -0.121187 -0.07539536 -0.02406253 0.1302405 -0.02379162 -0.02605379 0.08199014 -0.02045291 0.1114332 0 0.1090794 0 -0.05628573 -0.1005884 0 -0.03405713 0.1276375 0.08199014 0 -0.01477636 0.1279572 -0.1482292 0.1122199 0.2746284 -0.1625219 0 -0.09598208 -0.02590988 -0.09959008 -0.03458589 -0.1001939 0.69533 -0.09860126 -0.09782332 -0.09791035 -0.04926054 -0.01477636 -0.03183924 -0.03397864 -0.01896352 0.3730718 -0.02997531 0 0 0 0 0 0 -0.03336683 -0.03466329 -0.03551339 -0.1046862 -0.04805276 -0.1036486 -0.0258021 0 0 0.07534366 -0.05790294 -0.08801687 -0.07370561 -0.1262848 -0.02990471 0 -0.0293746 0.171992 0 -0.0408026 -0.04683576 0.1006356 -0.02346276 -0.03701662 0.3128877 0.08150499 -0.07000595 -0.0245282 -0.07222446 0 -0.05487109 -0.02496599 0.1241815 -0.01938756 0.04613056 0.1201571 -0.02359971 -0.007854426 -0.04353814
-0.06197444 -0.06197444 -0.06197444 -0.06197444 0.1640571 -0.09771751 -0.06200928 -0.06200928 -0.02815496 -0.0338406 -0.05001959 -0.02815496 -0.0101324 -0.07305056 -0.02118604 -0.0527799 1.01 0 -0.008411995 0 0.01959879 -0.01795917 0 0 -0.009253381 0 0 0 -0.03812115 -0.0192039 -0.05079101 -0.01778409 -0.0186619 -0.009253381 -0.05256327 -0.01106969 -0.02951819 -0.01346302 -0.1084835 -0.0390448 -0.02813341 -0.04843385 -0.06560946 -0.1052558 -0.01680725 0.1815724 -0.1162514 -0.03277406 0.1782767 0.1739663 0.1607731 0.1759294 -0.05099032 0.5950915 -0.02244506 0 -0.009650758 0.5950915 0.01429368 -0.02676727 -0.01558748 -0.02732014 -0.0124342 -0.02607779 -0.01378185 -0.06552485 -0.03154113 0.1287423 -0.006273225 -0.0227936 -0.0814096 0.3608113 -0.01289353 0.05917044 0.1762772 -0.07513212 0 -0.07734577 0 -0.02825163 -0.0570394 0 0.04219141 -0.03778323 0.05917044 0 0.1861556 -0.03798396 -0.07276227 -0.09011625 -0.03076669 -0.04334921 0 0.04926751 -0.02808902 0.04677585 -0.04452239 0.05030147 -0.04446509 -0.05649878 0.04517013 0.04507443 -0.02585961 0.1861556 0.07194879 -0.01198921 -0.01626033 -0.07492697 -0.04768212 0 0 0 0 0 0 -0.02064663 -0.01245371 -0.02943688 0.007006925 -0.02558488 0.008507437 -0.02882187 0 0 0.05156855 -0.03220791 -0.007087226 -0.03967134 0.04195924 -0.04674098 0 -0.03393266 0.02163759 0 -0.0188484 -0.02976112 -0.02572268 -0.01757597 -0.03217406 -0.01880078 -0.07065596 0.02606057 -0.02903178 -0.04541685 0 -0.04923237 -0.02988619 0.002467122 -0.008529613 0.002309282 0.00116277 -0.01967455 -0.009384288 -0.01747241
0 0 0 0 0 0 0 0 0 0 0 0 0 0 0 0 0 1.01 0 0 0 0 0 0 0 0 0 0 0 0 0 0 0 0 0 0 0 0 0 0 0 0 0 0 0 0 0 0 0 0 0 0 0 0 0 0 0 0 0 0 0 0 0 0 0 0 0 0 0 0 0 0 0 0 0 0 0 0 0 0 0 0 0 0 0 0 0 0 0 0 0 0 0 0 0 0 0 0 0 0 0 0 0 0 0 0 0 0 0 0 0 0 0 0 0 0 0 0 0 0 0 0 0 0 0 0 0 0 0 0 0 0 0 0 0 0 0 0 0 0 0 0 0 0 0 0 0 0 0 0 0 0 0 0
-0.08020658 -0.08020658 -0.08020658 -0.08020658 -0.07978865 0.2309555 -0.08024714 -0.08024714 0.5632423 -0.05840508 -0.04912519 0.5632423 -0.01098479 -0.07541353 -0.02446818 -0.03870705 -0.008411995 0 1.01 0 0.09332203 -0.03494252 0 0 -0.007170853 0 0 0 -0.0664467 -0.03969019 -0.03597448 -0.03392077 -0.02771695 -0.007170853 -0.03967019 -0.006737023 -0.04252869 -0.01842729 0.2453878 -0.02290485 -0.02452455 -0.07049999 -0.05194513 -0.08810868 -0.01189973 -0.04869755 -0.1008818 -0.06219353 -0.07812084 -0.0804965 -0.1314819 -0.07995712 -0.07865409 -0.01324547 -0.01671608 0 -0.03212965 -0.01324547 0.04891415 -0.04248331 -0.0178721 -0.02622209 -0.0171833 -0.03036713 -0.1176577 0.3514179 -0.03707745 -0.107292 -0.1136243 -0.02650103 0.1334281 -0.007062015 -0.01426024 0.04717452 -0.04425344 0.140072 0 0.1387581 0 -0.04180512 0.4139456 0 -0.02202272 -0.04168228 0.04717452 0 -0.04584944 -0.04192166 -0.1089342 0.08415529 -0.02249539 -0.1333264 0 0.3525188 -0.02955171 0.3421984 -0.04643655 0.3468236 -0.03778558 0.416927 0.3464548 0.3469936 -0.03258656 -0.04584944 -0.06694844 -0.03312451 -0.0176647 -0.07010771 -0.04257382 0 0 0 0 0 0 -0.02648448 -0.03352963 -0.03005492 -0.05643132 -0.04222539 -0.05407816 -0.02819204 0 0 0.0432963 -0.05158923 -0.05706084 -0.03836441 0.3121402 -0.04406291 0 -0.02659887 0.1247743 0 -0.01660159 -0.0382295 -0.02662138 -0.009687047 -0.02463913 -0.01796457 0.09574304 -0.05048708 -0.01332936 -0.0358097 0 -0.02150416 -0.02350312 0.1439178 0.0002118159 -0.0517443 0.07100657 -0.01773302 -0.02326712 -0.03247587
0 0 0 0 0 0 0 0 0 0 0 0 0 0 0 0 0 0 0 1.01 0 0 0 0 0 0 0 0 0 0 0 0 0 0 0 0 0 0 0 0 0 0 0 0 0 0 0 0 0 0 0 0 0 0 0 0 0 0 0 0 0 0 0 0 0 0 0 0 0 0 0 0 0 0 0 0 0 0 0 0 0 0 0 0 0 0 0 0 0 0 0 0 0 0 0 0 0 0 0 0 0 0 0 0 0 0 0 0 0 0 0 0 0 0 0 0 0 0 0 0 0 0 0 0 0 0 0 0 0 0 0 0 0 0 0 0 0 0 0 0 0 0 0 0 0 0 0 0 0 0 0 0 0 0
0.2567255 0.2567255 0.2567255 0.2567255 0.2590981 0.3214995 0.2568503 0.2568503 0.1063299 0.1847807 0.1595507 0.1063299 -0.004553 0.1933754 0.07908597 0.1304415 0.01959879 0 0.09332203 0 1.01 0.06280685 0 0 0.05372065 0 0 0 -0.5559256 0.099341 0.129187 0.07762348 -0.2812819 0.05372065 0.1299885 0.05535297 0.05831801 0.04285682 0.3172125 0.09449952 0.07573938 0.2187 0.1273034 -0.04566864 0.04426033 0.1187443 0.3029365 -0.4042041 -0.3612878 -0.3500776 -0.07957243 -0.34635 -0.3359521 0.001241136 0.05402648 0 -0.006904906 0.001241136 0.3227616 0.08360801 -0.09033346 0.06041101 0.0009159142 0.01043244 -0.1300616 0.07976736 -0.05547121 -0.2552885 -0.1478286 0.05415981 0.350249 0.02373348 -0.1003902 0.3852318 0.1029211 0.3294312 0 0.3328622 0 -0.01502081 0.02671809 0 0.03510803 0.1349361 0.3852318 0 0.09847656 0.1324927 -0.1467662 0.2280127 0.07851237 -0.0658637 0 0.09391378 0.00965855 0.100599 -0.01896481 0.05273117 0.1172639 0.04631853 0.09645131 0.09793666 0.09657424 0.09847656 0.1776925 0.02027485 0.04387153 0.1769855 0.1391909 0 0 0 0 0 0 0.06931635 0.06283874 0.08595615 0.1432751 -0.2796469 0.1510304 0.001708217 0 0 0.3771155 0.132338 -0.08080208 0.06104062 -0.01587532 0.1283933 0 -0.03998228 0.06230181 0 0.05131589 0.124081 -0.05530902 0.03676497 -0.1319368 0.05105969 0.4146731 0.1294655 -0.1972444 0.05017382 0 0.1246964 0.004589909 0.2293102 0.03123252 -0.1375659 0.3578662 0.05581523 -0.02105311 -0.1317862
-0.08814426 -0.08814426 -0.08814426 -0.08814426 -0.0954622 -0.1262488 -0.08818405 -0.08818405 -0.05081874 -0.06549089 -0.05259173 -0.05081874 -0.01847669 -0.07852934 -0.027625 -0.02943582 -0.01795917 0 -0.03494252 0 0.06280685 1.01 0 0 -0.0231918 0 0 0 -0.04097156 -0.03167165 -0.04658954 0.8565182 -0.005909158 -0.0231918 -0.02908615 -0.0249102 0.6213249 -0.02667759 -0.1129205 -0.01654809 -0.01331877 -0.06657624 -0.06307334 -0.05756223 -0.01844027 -0.04325483 -0.1082381 -0.05307595 -0.07618692 -0.07774316 -0.1338397 -0.07644574 -0.07291359 -0.009978748 -0.02213734 0 -0.02195674 -0.009978748 -0.006501407 -0.03259815 -0.02577687 -0.01512576 -0.02897625 -0.025091 -0.114281 -0.07657761 -0.0325343 0.2011583 -0.07591417 -0.02583141 0.09839528 -0.00187425 -0.01877026 -0.02011955 -0.04454071 0.1044203 0 0.1037455 0 0.6173627 -0.06328977 0 -0.02487502 -0.04430458 -0.02011955 0 -0.04329766 -0.04453675 0.2255237 0.0428627 -0.02172676 0.1755895 0 -0.0834987 -0.0242231 -0.0852527 -0.03971486 -0.08694539 -0.03772474 -0.06763021 -0.08297574 -0.08302869 -0.04352906 -0.04329766 -0.07015681 0.8504659 -0.02604142 -0.07463768 -0.0483101 0 0 0 0 0 0 -0.02351741 0.8853272 -0.02498158 -0.08289171 -0.04251986 -0.08228601 -0.02518639 0 0 -0.02832782 -0.05274404 -0.05493262 -0.04501894 -0.08435013 -0.04978797 0 -0.02988245 0.1087633 0 -0.01785927 -0.04822539 -0.02838544 -0.01431558 -0.01481747 -0.0141337 0.05558817 -0.04422759 -0.02273737 -0.0493001 0 -0.06373993 -0.03487902 0.1246958 -0.008510651 -0.04773421 0.02554428 -0.01702057 -0.0140337 -0.0183745
0 0 0 0 0 0 0 0 0 0 0 0 0 0 0 0 0 0 0 0 0 0 1.01 0 0 0 0 0 0 0 0 0 0 0 0 0 0 0 0 0 0 0 0 0 0 0 0 0 0 0 0 0 0 0 0 0 0 0 0 0 0 0 0 0 0 0 0 0 0 0 0 0 0 0 0 0 0 0 0 0 0 0 0 0 0 0 0 0 0 0 0 0 0 0 0 0 0 0 0 0 0 0 0 0 0 0 0 0 0 0 0 0 0 0 0 0 0 0 0 0 0 0 0 0 0 0 0 0 0 0 0 0 0 0 0 0 0 0 0 0 0 0 0 0 0 0 0 0 0 0 0 0 0 0
0 0 0 0 0 0 0 0 0 0 0 0 0 0 0 0 0 0 0 0 0 0 0 1.01 0 0 0 0 0 0 0 0 0 0 0 0 0 0 0 0 0 0 0 0 0 0 0 0 0 0 0 0 0 0 0 0 0 0 0 0 0 0 0 0 0 0 0 0 0 0 0 0 0 0 0 0 0 0 0 0 0 0 0 0 0 0 0 0 0 0 0 0 0 0 0 0 0 0 0 0 0 0 0 0 0 0 0 0 0 0 0 0 0 0 0 0 0 0 0 0 0 0 0 0 0 0 0 0 0 0 0 0 0 0 0 0 0 0 0 0 0 0 0 0 0 0 0 0 0 0 0 0 0 0
-0.04794958 -0.04794958 -0.04794958 -0.04794958 0.2074081 -0.08091433 -0.04797556 -0.04797556 -0.02037017 -0.04392432 -0.01974309 -0.02037017 0.7852011 -0.06528047 -0.02413376 -0.0201798 -0.009253381 0 -0.007170853 0 0.05372065 -0.0231918 0 0 1.01 0 0 0 -0.02121189 -0.02394982 -0.02007186 0.4316214 -0.003171665 1 -0.01995821 0.9672117 0.3965608 -0.0183587 -0.05876665 -0.007722659 -0.01343218 -0.0513313 -0.04585366 -0.07258328 -0.01328184 -0.03097045 0.1712541 -0.03440089 -0.05201642 -0.05091847 -0.09976491 -0.05008527 -0.0517167 -0.002226407 -0.01738933 0 -0.02433855 -0.002226407 0.04104784 -0.02064025 0.6177545 -0.004784338 -0.01133047 -0.01183762 -0.08811383 -0.04344128 -0.03075267 -0.06604364 -0.08582414 -0.0126191 0.1062882 -0.01355105 -0.009484576 0.03426407 -0.02733904 0.1095538 0 0.1079556 0 -0.04103523 -0.03198546 0 -0.01520723 -0.04849334 0.03426407 0 -0.02915262 -0.04861261 -0.0762152 0.06544187 -0.02552055 -0.0820413 0 -0.04362409 -0.01122489 -0.04452746 -0.02172472 -0.04717529 0.4298231 -0.03208729 -0.0447098 -0.04474768 -0.02439503 -0.02915262 -0.03286998 -0.02087446 -0.0179651 0.02047361 -0.01839109 0 0 0 0 0 0 -0.02058208 -0.02696606 -0.01149046 -0.06486935 -0.01561498 -0.06357122 -0.0119049 0 0 0.03254023 -0.0443328 0.2015779 -0.01396259 -0.06010999 -0.01535343 0 -0.01669449 0.02015063 0 -0.01107069 -0.04059062 -0.01648 -0.004128927 -0.01604734 0.005797908 -0.1442976 -0.04453045 -0.002656129 -0.01724503 0 -0.04444913 -0.0204436 -0.08645063 0.1347586 0.2041567 0.05332242 -0.01800114 -0.00101954 -0.02368681
0 0 0 0 0 0 0 0 0 0 0 0 0 0 0 0 0 0 0 0 0 0 0 0 0 1.01 0 0 0 0 0 0 0 0 0 0 0 0 0 0 0 0 0 0 0 0 0 0 0 0 0 0 0 0 0 0 0 0 0 0 0 0 0 0 0 0 0 0 0 0 0 0 0 0 0 0 0 0 0 0 0 0 0 0 0 0 0 0 0 0 0 0 0 0 0 0 0 0 0 0 0 0 0 0 0 0 0 0 0 0 0 0 0 0 0 0 0 0 0 0 0 0 0 0 0 0 0 0 0 0 0 0 0 0 0 0 0 0 0 0 0 0 0 0 0 0 0 0 0 0 0 0 0 0
0 0 0 0 0 0 0 0 0 0 0 0 0 0 0 0 0 0 0 0 0 0 0 0 0 0 1.01 0 0 0 0 0 0 0 0 0 0 0 0 0 0 0 0 0 0 0 0 0 0 0 0 0 0 0 0 0 0 0 0 0 0 0 0 0 0 0 0 0 0 0 0 0 0 0 0 0 0 0 0 0 0 0 0 0 0 0 0 0 0 0 0 0 0 0 0 0 0 0 0 0 0 0 0 0 0 0 0 0 0 0 0 0 0 0 0 0 0 0 0 0 0 0 0 0 0 0 0 0 0 0 0 0 0 0 0 0 0 0 0 0 0 0 0 0 0 0 0 0 0 0 0 0 0 0
0 0 0 0 0 0 0 0 0 0 0 0 0 0 0 0 0 0 0 0 0 0 0 0 0 0 0 1.01 0 0 0 0 0 0 0 0 0 0 0 0 0 0 0 0 0 0 0 0 0 0 0 0 0 0 0 0 0 0 0 0 0 0 0 0 0 0 0 0 0 0 0 0 0 0 0 0 0 0 0 0 0 0 0 0 0 0 0 0 0 0 0 0 0 0 0 0 0 0 0 0 0 0 0 0 0 0 0 0 0 0 0 0 0 0 0 0 0 0 0 0 0 0 0 0 0 0 0 0 0 0 0 0 0 0 0 0 0 0 0 0 0 0 0 0 0 0 0 0 0 0 0 0 0 0
-0.151155 -0.151155 -0.151155 -0.151155 -0.1570993 -0.2338173 -0.1512262 -0.1512262 -0.103431 -0.1045285 -0.09849938 -0.103431 -0.02626413 -0.136609 -0.0442477 -0.06840412 -0.03812115 0 -0.0664467 0 -0.5559256 -0.04097156 0 0 -0.02121189 0 0 0 1.01 -0.05949507 -0.07054664 -0.04502753 0.4848408 -0.02121189 -0.06860851 -0.02328733 -0.06905366 -0.02463449 -0.206327 -0.04577588 -0.04252177 -0.1241001 -0.01858636 -0.1600718 -0.02859405 -0.06389854 -0.142228 0.6179967 0.3742051 0.3656554 0.1895157 0.3558638 0.3994674 -0.04352138 -0.03401817 0 -0.0489939 -0.04352138 0.1011971 -0.06012034 -0.04187853 -0.04407722 -0.0186452 0.03214832 0.2172433 0.04042638 0.154819 0.2939714 0.226683 -0.03273936 -0.1525483 0.005375877 -0.02234424 0.09722846 -0.03799237 -0.1395542 0 -0.1426745 0 -0.06312755 0.08231949 0 -0.01665157 -0.06681585 0.09722846 0 -0.03693131 -0.06327752 0.2757622 0.1722193 -0.04278355 0.2196153 0 0.02900553 0.03464531 0.02121033 0.1469966 0.02350516 -0.05741998 0.05127421 0.02310192 0.02293407 -0.04888217 -0.03693131 -0.08436977 -0.03911096 -0.02496319 -0.1008692 -0.07472057 0 0 0 0 0 0 -0.04045961 -0.04223219 -0.04824734 -0.1208463 0.5294014 -0.1177577 0.03187497 0 0 0.09237345 -0.06436289 0.07043082 -0.003279987 0.2028934 -0.0761072 0 0.02072462 0.1290232 0 -0.03939475 -0.06557965 -0.03600997 -0.04470396 0.2790636 -0.02309234 -0.1134176 -0.08918427 -0.04650182 -0.06873415 0 -0.09008218 -0.04133224 -0.00790184 -0.01231838 0.1324477 0.02558969 -0.03789032 0.01259144 0.2688639
-0.08118486 -0.08118486 -0.08118486 -0.08118486 -0.0887348 0.2131264 -0.08122551 -0.08122551 -0.05856386 -0.0512137 -0.05816945 -0.05856386 -0.0193334 -0.07471187 -0.03474785 -0.0353886 -0.0192039 0 -0.03969019 0 0.099341 -0.03167165 0 0 -0.02394982 0 0 0 -0.05949507 1.01 -0.05887409 -0.03741529 -0.03418276 -0.02394982 -0.03505129 -0.02567811 -0.04192191 -0.009944105 -0.1252761 -0.02331372 -0.02213294 -0.06513974 -0.06109663 -0.1043319 -0.00861543 0.7374652 -0.1158366 -0.05436541 -0.07753171 -0.07993692 0.1950546 -0.07938653 -0.07057112 -0.02542416 -0.01102026 0 0.03812131 -0.02542416 0.05839074 -0.03384314 -0.01818757 -0.016077 -0.01498435 -0.02157449 -0.1190546 -0.0564178 -0.02466938 0.2652168 -0.1168981 -0.01465397 0.1472204 0.002202394 -0.01710742 0.05924647 0.6890253 0.1532587 0 0.151935 0 0.01457276 -0.06397099 0 -0.009166178 -0.04739347 0.05924647 0 0.6809875 -0.04631829 -0.07132591 0.09361912 -0.02737488 -0.08585034 0 0.3069878 -0.02064703 0.3234717 -0.01335111 0.3257105 -0.03434435 -0.03520526 0.3260683 0.3258387 -0.03799147 0.6809875 0.3648134 -0.02591101 -0.00905963 -0.04895116 -0.01973892 0 0 0 0 0 0 -0.03105544 -0.02637086 -0.03242981 0.2766648 -0.03248466 0.2806041 -0.02167638 0 0 0.05894181 -0.04708395 -0.04753885 -0.0179313 -0.07976629 -0.02023225 0 -0.02891479 0.1126898 0 0.04056755 -0.04145386 -0.01251957 0.05636131 -0.000458926 -0.01157235 0.1055556 -0.03698275 -0.0111074 -0.01342685 0 -0.07027216 -0.02381721 0.153351 0.1089557 -0.06601294 0.0651522 -0.02051902 -0.01892251 -0.02173344
0.5432787 0.5432787 0.5432787 0.5432787 0.4925582 -0.2097973 0.5431837 0.5431837 -0.07401626 -0.09395266 0.8558388 -0.07401626 -0.03030866 -0.08034062 -0.05101393 -0.07175058 -0.05079101 0 -0.03597448 0 0.129187 -0.04658954 0 0 -0.02007186 0 0 0 -0.07054664 -0.05887409 1.01 -0.05162433 -0.05415155 -0.02007186 -0.07203025 -0.02362143 -0.06866055 -0.02956983 0.3887708 -0.05691285 -0.04004894 -0.1105106 -0.100603 -0.1664867 -0.01450158 -0.06852108 0.4122389 -0.08343992 -0.0955325 -0.09822723 -0.181033 -0.09829565 -0.08023563 -0.03884769 -0.01917625 0 -0.03567938 -0.03884769 0.09471777 -0.04389262 -0.03518806 -0.03526224 0.212902 -0.04111266 -0.1556044 -0.1443519 -0.03811958 -0.1337106 -0.1455291 -0.03384638 0.1955303 -0.0329786 -0.04025812 0.08783856 -0.07257207 0.2046281 0 0.2026312 0 -0.06745093 -0.1192338 0 -0.02915125 -0.06083219 0.08783856 0 -0.06985013 -0.06125188 -0.1729058 0.1302484 -0.04371371 0.3276148 0 -0.1436167 -0.03960657 -0.1451432 -0.07702032 -0.1455961 -0.05951897 -0.118367 -0.1137243 -0.114316 -0.05020398 -0.06985013 0.6369655 -0.04445315 -0.03011647 -0.08524311 0.7604753 0 0 0 0 0 0 -0.0487228 -0.04522331 -0.04170266 -0.05673764 -0.05136802 -0.05296238 -0.03985253 0 0 0.08714718 -0.05968682 -0.09642129 0.8103306 -0.1126692 0.7294575 0 -0.04403653 -0.1921709 0 0.4352383 -0.05260294 -0.02812587 0.3085217 -0.03728634 -0.01741444 0.1485988 -0.0489851 -0.04401787 0.7925623 0 -0.1147068 -0.03928419 0.271827 -0.02101403 -0.08696338 0.09689927 0.09809439 -0.02818494 -0.03662
-0.09949442 -0.09949442 -0.09949442 -0.09949442 0.01104769 -0.1480134 -0.09954108 -0.09954108 -0.05315399 -0.07639446 -0.05672423 -0.05315399 0.4286426 -0.09427774 -0.03616275 -0.03520036 -0.01778409 0 -0.03392077 0 0.07762348 0.8565182 0 0 0.4316214 0 0 0 -0.04502753 -0.03741529 -0.05162433 1.01 -0.007541899 0.4316214 -0.03479396 0.415293 0.7165455 -0.0338718 -0.1275751 -0.01799013 -0.01900875 -0.07952546 -0.07731563 -0.07892449 -0.01865252 -0.0505708 -0.01374166 -0.06279126 -0.09116681 -0.09232732 -0.1579766 -0.0908154 -0.08917751 -0.009361691 -0.02952272 0 -0.03012147 -0.009361691 0.01298919 -0.03795439 0.3285841 -0.01574661 -0.03116212 -0.02764451 -0.1361116 -0.08782575 -0.04211329 0.143021 -0.1014712 -0.02902957 0.1304967 -0.007996373 -0.02376471 -0.001892026 -0.04958149 0.1373703 0 0.1360326 0 0.5154032 -0.07053807 0 -0.02822297 -0.04925889 -0.001892026 0 -0.04971618 -0.04953421 0.1601296 0.06865683 -0.02845093 0.1130677 0 -0.09276941 -0.0266089 -0.09449072 -0.04542641 -0.09753792 0.1796724 -0.07447704 -0.09271511 -0.09277886 -0.04770423 -0.04971618 -0.07691375 0.7298126 -0.03316555 -0.06752548 -0.0525709 0 0 0 0 0 0 -0.03100572 0.7549341 -0.02331872 -0.1027773 -0.04377051 -0.1016455 -0.02775831 0 0 -0.00857543 -0.05667885 0.06839704 -0.04851269 -0.1015876 -0.05210536 0 -0.03404356 0.1239259 0 -0.02069076 -0.04904603 -0.0312921 -0.01240793 -0.01908552 -0.01001715 -0.0245101 -0.0589174 -0.0209612 -0.0528724 0 -0.07705239 -0.0404246 0.06473083 0.06989455 0.07720841 0.04791305 -0.02470431 -0.01134815 -0.02641495
