1.01 0 0 0 0 0 0 0 0 0 0 0 0 0 0 0 0 0 0 0 0 0 0 0 0 0 0 0 0 0 0 0 0 0 0 0 0 0 0 0 0 0 0 0 0 0 0 0 0 0 0 0 0 0 0 0 0 0 0 0 0 0 0 0 0 0 0 0 0 0 0 0 0 0 0 0 0 0 0 0 0 0 0 0 0 0 0 0 0 0 0 0 0 0 0 0 0 0 0 0 0 0 0 0 0 0 0 0 0 0 0 0 0 0 0 0 0 0 0 0 0 0 0 0 0 0 0 0 0 0 0 0 0 0 0 0 0 0 0 0 0 0 0 0 0 0 0 0 0 0 0 0 0
0 1.01 -0.05467691 0 -0.3126389 0.9971465 -0.1559255 -0.3167915 0.1655184 -0.4575812 -0.3272805 0.09799324 0.8696156 -0.1571869 0 -0.1573892 -0.6151338 0.159286 0 -0.1573892 0 -0.05601444 0.159286 0 0 0 0 0 0 0.159286 0 0.9445295 0.943846 0 0.9445295 0 0 0.9436134 0.9445295 0.9443768 0 -0.1611238 -0.08143801 -0.6061864 0 0.1615743 0.1611238 0.1074168 -0.08016492 0.1611238 -0.3524513 0 0.9377753 0.9376262 0 0 0 0 0 0.1620267 -0.1475054 0 0.9377753 -0.2258255 0 0.1603721 0.5313328 -0.3323464 0 0.1609272 0 0.6024124 0.9328439 -0.1566497 0.9353501 0 0.1689151 0.1671828 0 0 -0.7334632 0 0.7350006 0.1639629 -0.1598472 0.1492609 0 0.09213187 0 -0.05554289 0.1603721 0.9336342 0 -0.5996018 0.1603721 0.935385 0 -0.08911014 0 0 -0.1557305 -0.7316787 -0.7329986 -0.1569499 -0.1618509 -0.1624955 0 0 0.9310826 -0.03442031 -0.2723521 0.163582 0 0 0 0 0 0.9108481 -0.7080315 0.1509641 0.1620005 0 -0.7147639 0 0 0.1608528 -0.7147639 0.1618509 0.9109943 0.9109943 0 0 -0.03130792 0 0 -0.7138644 0 -0.7138644 0 0 0.1618509 0 0 -0.1486238 0 -0.5851793 0 -0.06848702 0.1381501 0 -0.7098682 0 0
0 -0.05467691 1.01 0 -0.02566459 -0.05652245 -0.04952667 -0.02519492 0.02818486 0.11276 0.1449532 -0.0147376 -0.05236645 -0.04961514 0 -0.04990316 0.09442653 0.03080697 0 -0.04990316 0 -0.02062511 0.03080697 0 0 0 0 0 0 0.03080697 0 -0.05699562 -0.05707247 0 -0.05699562 0 0 -0.05684192 -0.05699562 -0.05697 0 -0.03256317 -0.03033559 0.09511059 0 0.03266067 0.03256317 0.03002129 -0.01895682 0.03256317 0.1199613 0 -0.05715482 -0.05718046 0 0 0 0 0 0.03333169 -0.02239018 0 -0.05715482 -0.04443398 0 0.03240045 -0.03292959 0.1295102 0 0.03374889 0 -0.09532612 -0.057685 -0.04961922 -0.05802485 0 0.04071893 0.04207444 0 0 0.07126447 0 -0.0823486 0.03427604 -0.05070624 0.04423854 0 0.03627086 0 -0.0131619 0.03240045 -0.05821067 0 0.09507318 0.03240045 -0.05793861 0 -0.02128854 0 0 -0.04773857 0.07236472 0.07213436 -0.04805984 -0.03300764 -0.03314816 0 0 -0.05790623 -0.0335919 -0.0237327 0.03450572 0 0 0 0 0 -0.06045091 0.07574591 0.03485558 0.03303998 0 0.07418436 0 0 0.0318332 0.07418436 0.03300764 -0.06042538 -0.06042538 0 0 -0.01099144 0 0 0.07421009 0 0.07421009 0 0 0.03300764 0 0 -0.02794391 0 0.08782659 0 0.4369442 0.008871057 0 0.07312248 0 0
0 0 0 1.01 0 0 0 0 0 0 0 0 0 0 0 0 0 0 0 0 0 0 0 0 0 0 0 0 0 0 0 0 0 0 0 0 0 0 0 0 0 0 0 0 0 0 0 0 0 0 0 0 0 0 0 0 0 0 0 0 0 0 0 0 0 0 0 0 0 0 0 0 0 0 0 0 0 0 0 0 0 0 0 0 0 0 0 0 0 0 0 0 0 0 0 0 0 0 0 0 0 0 0 0 0 0 0 0 0 0 0 0 0 0 0 0 0 0 0 0 0 0 0 0 0 0 0 0 0 0 0 0 0 0 0 0 0 0 0 0 0 0 0 0 0 0 0 0 0 0 0 0 0
0 -0.3126389 -0.02566459 0 1.01 -0.3116627 -0.1979282 0.9975666 0.1970794 0.1657911 0.1400342 -0.07991152 -0.2871741 -0.1984175 0 -0.1986918 0.4658861 0.1902316 0 -0.1986918 0 0.2008297 0.1902316 0 0 0 0 0 0 0.1902316 0 -0.2873733 -0.2875856 0 -0.2873733 0 0 -0.287025 -0.2873733 -0.2872252 0 -0.1724254 -0.09391107 0.4551009 0 0.172204 0.1724254 0.1729378 -0.07808053 0.1724254 -0.4207468 0 -0.2846257 -0.2845028 0 0 0 0 0 0.1620637 -0.1715127 0 -0.2846257 -0.2447775 0 0.1722671 -0.1712673 -0.4035833 0 0.1613349 0 -0.4585059 -0.2830105 -0.1986879 -0.2842272 0 0.03579679 0.03587368 0 0 0.3580171 0 -0.3758947 0.1772553 -0.1840923 0.01990339 0 0.1810776 0 -0.08935551 0.1722671 -0.2845533 0 0.449998 0.1722671 -0.2843015 0 -0.02764896 0 0 -0.1943034 0.3516935 0.3505808 -0.1959371 -0.1581013 -0.1585684 0 0 -0.2835085 0.05020091 0.8767011 0.149524 0 0 0 0 0 -0.2857818 0.3495054 0.1508646 0.1575058 0 0.3524241 0 0 0.1693424 0.3524241 0.1581013 -0.2861736 -0.2861736 0 0 -0.05282768 0 0 0.3513643 0 0.3513643 0 0 0.1581013 0 0 -0.1845986 0 0.4419616 0 -0.02553528 0.1564163 0 0.3526726 0 0
0 0.9971465 -0.05652245 0 -0.3116627 1.01 -0.1552036 -0.3158328 0.1648229 -0.4570824 -0.3270296 0.09880026 0.866864 -0.1564657 0 -0.1566622 -0.6137102 0.1586504 0 -0.1566622 0 -0.05547593 0.1586504 0 0 0 0 0 0 0.1586504 0 0.9419029 0.9412255 0 0.9419029 0 0 0.9409809 0.9419029 0.9417492 0 -0.1604589 -0.08238416 -0.6047627 0 0.1609083 0.1604589 0.106967 -0.07960283 0.1604589 -0.3517184 0 0.9350899 0.9349412 0 0 0 0 0 0.1613498 -0.1464967 0 0.9350899 -0.2253252 0 0.1597088 0.5331713 -0.3317811 0 0.1602393 0 0.6009367 0.9301254 -0.1559274 0.932653 0 0.1675067 0.1657697 0 0 -0.7314443 0 0.7330489 0.1632417 -0.1591079 0.1478396 0 0.09123154 0 -0.05505924 0.1597088 0.9309461 0 -0.598148 0.1597088 0.9326894 0 -0.08852916 0 0 -0.1550119 -0.7296953 -0.7310105 -0.1562269 -0.1611792 -0.1618227 0 0 0.9283702 -0.03330965 -0.271587 0.1628852 0 0 0 0 0 0.9078606 -0.7058181 0.1502355 0.1613286 0 -0.7125058 0 0 0.1602012 -0.7125058 0.1611792 0.9080065 0.9080065 0 0 -0.03100906 0 0 -0.711605 0 -0.711605 0 0 0.1611792 0 0 -0.1479557 0 -0.5834602 0 -0.06936694 0.1371256 0 -0.7076321 0 0
0 -0.1559255 -0.04952667 0 -0.1979282 -0.1552036 1.01 -0.197836 0.1015723 -0.3077657 -0.2172548 0.1206769 -0.1050529 0.9788758 0 0.9820241 -0.3848368 0.0984268 0 0.9820241 0 -0.0526849 0.0984268 0 0 0 0 0 0 0.0984268 0 -0.1545933 -0.1548202 0 -0.1545933 0 0 -0.1545856 -0.1545933 -0.1545201 0 -0.1001165 0.5005818 -0.3831784 0 0.09975829 0.1001165 0.1022393 -0.04139676 0.1001165 -0.2104278 0 -0.1535361 -0.1536094 0 0 0 0 0 0.1003634 -0.083498 0 -0.1535361 -0.1283432 0 0.0996606 -0.0716802 -0.2011882 0 0.1015504 0 0.387043 -0.1522484 0.9782203 -0.1528031 0 0.1130825 0.1115203 0 0 0.197131 0 0.4699717 0.0510378 0.9661595 0.07964254 0 0.1057754 0 0.4024909 0.0996606 -0.1524855 0 -0.3782049 0.0996606 -0.1577613 0 -0.03971224 0 0 0.9685247 0.1983562 0.1976959 0.9651648 -0.1007218 -0.1011111 0 0 -0.1520219 -0.06656878 -0.1851983 0.1036733 0 0 0 0 0 -0.147108 0.1776123 0.1046586 0.1008125 0 0.1930035 0 0 0.09998333 0.1930035 0.1007218 -0.1470346 -0.1470346 0 0 0.2539282 0 0 0.1930764 0 0.1930764 0 0 0.1007218 0 0 0.8974781 0 -0.3535449 0 -0.06487271 0.08827828 0 0.1937902 0 0
0 -0.3167915 -0.02519492 0 0.9975666 -0.3158328 -0.197836 1.01 0.1958257 0.1671522 0.1415567 -0.08023498 -0.2865339 -0.1987133 0 -0.1989797 0.4690583 0.1890286 0 -0.1989797 0 0.20157 0.1890286 0 0 0 0 0 0 0.1890286 0 -0.2917476 -0.2919531 0 -0.2917476 0 0 -0.2914028 -0.2917476 -0.2916 0 -0.1711862 -0.09394207 0.4582494 0 0.1709632 0.1711862 0.1716229 -0.0774477 0.1711862 -0.4198058 0 -0.289041 -0.2889174 0 0 0 0 0 0.1608087 -0.1712414 0 -0.289041 -0.2449018 0 0.1710304 -0.17104 -0.4028307 0 0.1600713 0 -0.4616994 -0.2874469 -0.1989857 -0.2886487 0 0.03445346 0.03452883 0 0 0.3612166 0 -0.3800122 0.1759728 -0.1843485 0.01857632 0 0.1797683 0 -0.08974138 0.1710304 -0.2889635 0 0.4531592 0.1710304 -0.2887218 0 -0.02694989 0 0 -0.1946058 0.3548531 0.3537465 -0.1962316 -0.1568473 -0.1573131 0 0 -0.287936 0.05106531 0.8790488 0.1482422 0 0 0 0 0 -0.2901494 0.3525863 0.149578 0.156251 0 0.3555591 0 0 0.1681122 0.3555591 0.1568473 -0.2905421 -0.2905421 0 0 -0.05396597 0 0 0.3544982 0 0.3544982 0 0 0.1568473 0 0 -0.1849936 0 0.4451032 0 -0.02481714 0.1549221 0 0.3557791 0 0
0 0.1655184 0.02818486 0 0.1970794 0.1648229 0.1015723 0.1958257 1.01 0.2618948 0.1893577 0.04380728 0.153153 0.098087 0 0.09898845 0.3488477 0.9612455 0 0.09898845 0 0.04968794 0.9612455 0 0 0 0 0 0 0.9612455 0 0.1619945 0.162212 0 0.1619945 0 0 0.1615588 0.1619945 0.1623532 0 -0.9440582 0.06234073 0.3486749 0 0.9431233 0.9440582 0.8941585 0.05127593 0.9440582 0.16765 0 0.1614206 0.1614933 0 0 0 0 0 0.9340128 0.07581725 0 0.1614206 0.09247862 0 0.9424584 0.08610801 0.153924 0 0.9293145 0 -0.3499014 0.1614597 0.0986507 0.1606934 0 0.6785505 0.6637229 0 0 0.4342133 0 0.2040454 0.9083984 0.09779918 0.670594 0 0.8889924 0 0.03373908 0.9424584 0.1607932 0 0.3473399 0.9424584 0.160451 0 0.05467152 0 0 0.09970751 0.4314118 0.4273511 0.09261077 -0.9300293 -0.928541 0 0 0.1603542 0.02243566 0.1933121 0.9157068 0 0 0 0 0 0.1613985 0.4200069 0.912478 0.9297235 0 0.4251438 0 0 0.9411132 0.4251438 0.9300293 0.1613259 0.1613259 0 0 0.02740434 0 0 0.4250855 0 0.4250855 0 0 0.9300293 0 0 0.09309075 0 0.3469636 0 -0.06762386 0.7847586 0 0.4222129 0 0
0 -0.4575812 0.11276 0 0.1657911 -0.4570824 -0.3077657 0.1671522 0.2618948 1.01 0.5336107 -0.09108 -0.4491018 -0.2954604 0 -0.2969304 0.7366801 0.2867973 0 -0.2969304 0 0.03348346 0.2867973 0 0 0 0 0 0 0.2867973 0 -0.4713167 -0.4705761 0 -0.4713167 0 0 -0.4711594 -0.4713167 -0.4710861 0 -0.2815539 -0.1491914 0.7282463 0 0.2809988 0.2815539 0.2502944 0.1451458 0.2815539 0.5553989 0 -0.4676448 -0.4673833 0 0 0 0 0 0.2750061 0.2583879 0 -0.4676448 0.3051215 0 0.281882 -0.2663976 0.5182381 0 0.2819591 0 -0.725391 -0.4649134 -0.2963122 -0.4668129 0 0.3027776 0.3058241 0 0 0.5870533 0 -0.5987783 0.2846551 -0.2863782 0.3227946 0 0.301175 0 -0.1325673 0.281882 -0.4653588 0 0.720798 0.281882 -0.4645921 0 0.1553996 0 0 -0.2915848 0.5900627 0.5895052 -0.2922919 -0.2845125 -0.2832924 0 0 -0.4644764 -0.06789988 0.2114569 0.2821558 0 0 0 0 0 -0.4476837 0.5795958 0.2906463 0.2844473 0 0.573877 0 0 0.2850651 0.573877 0.2845125 -0.4474527 -0.4474527 0 0 -0.07755946 0 0 0.57323 0 0.57323 0 0 0.2845125 0 0 -0.2703188 0 0.7036456 0 0.03880952 0.2409992 0 0.5767924 0 0
0 -0.3272805 0.1449532 0 0.1400342 -0.3270296 -0.2172548 0.1415567 0.1893577 0.5336107 1.01 -0.05615871 -0.3144108 -0.2052479 0 -0.2056123 0.5202871 0.2100308 0 -0.2056123 0 0.09698527 0.2100308 0 0 0 0 0 0 0.2100308 0 -0.3449671 -0.3437327 0 -0.3449671 0 0 -0.3449484 -0.3449671 -0.3447927 0 -0.1944319 -0.1086778 0.5195982 0 0.1947326 0.1944319 0.1462811 0.1366818 0.1944319 0.3911503 0 -0.341852 -0.3415108 0 0 0 0 0 0.1976273 0.1621792 0 -0.341852 0.1893122 0 0.1944324 -0.2028445 0.3536713 0 0.1967343 0 -0.5212228 -0.3382355 -0.204319 -0.3408789 0 0.1507458 0.1531478 0 0 0.4215049 0 -0.4297762 0.1949292 -0.2103082 0.1600729 0 0.2064939 0 -0.07915924 0.1944324 -0.341955 0 0.5154376 0.1944324 -0.3408397 0 0.1588171 0 0 -0.2023195 0.4259301 0.4257189 -0.2025399 -0.1968078 -0.1951861 0 0 -0.3413278 -0.03575419 0.1316936 0.2002079 0 0 0 0 0 -0.3335681 0.4231093 0.2011721 0.1962832 0 0.4187582 0 0 0.2071284 0.4187582 0.1968078 -0.3339069 -0.3339069 0 0 -0.05870204 0 0 0.4187012 0 0.4187012 0 0 0.1968078 0 0 -0.178808 0 0.5028632 0 0.08966758 0.1335676 0 0.4211632 0 0
0 0.09799324 -0.0147376 0 -0.07991152 0.09880026 0.1206769 -0.08023498 0.04380728 -0.09108 -0.05615871 1.01 0.1926112 0.131516 0 0.1307915 -0.1331629 0.04492563 0 0.1307915 0 -0.002957314 0.04492563 0 0 0 0 0 0 0.04492563 0 0.101958 0.1016943 0 0.101958 0 0 0.102165 0.101958 0.1019925 0 -0.04552054 0.2817371 -0.1321816 0 0.04563294 0.04552054 0.04760209 -0.0127634 0.04552054 -0.05782398 0 0.1029077 0.1028729 0 0 0 0 0 0.04500732 -0.03298131 0 0.1029077 -0.01347676 0 0.04533298 -0.04280626 -0.05485721 0 0.0468779 0 0.1338647 0.1039403 0.1249985 0.1032561 0 0.05931861 0.05944447 0 0 -0.06410173 0 0.1692723 0.04793917 0.1220202 0.0618363 0 0.04756575 0 -0.0209382 0.04533298 0.1037329 0 -0.134749 0.04533298 0.09946261 0 -0.01352919 0 0 0.1270119 -0.0648571 -0.06520481 0.1262204 -0.04464257 -0.0448019 0 0 0.1044794 -0.05067334 -0.0830832 0.04637656 0 0 0 0 0 0.09983338 -0.06015169 0.04678359 0.04468015 0 -0.06189095 0 0 0.0446845 -0.06189095 0.04464257 0.09986779 0.09986779 0 0 -0.005124576 0 0 -0.06186365 0 -0.06186365 0 0 0.04464257 0 0 0.1338648 0 -0.1322048 0 -0.01976117 0.04748162 0 -0.06043325 0 0
0 0.8696156 -0.05236645 0 -0.2871741 0.866864 -0.1050529 -0.2865339 0.153153 -0.4491018 -0.3144108 0.1926112 1.01 -0.1014346 0 -0.1021074 -0.6243768 0.1479143 0 -0.1021074 0 -0.05255586 0.1479143 0 0 0 0 0 0 0.1479143 0 0.9124612 0.9118513 0 0.9124612 0 0 0.9133208 0.9124612 0.9122963 0 -0.1490237 0.002624926 -0.6156404 0 0.1494669 0.1490237 0.1567541 -0.07871539 0.1490237 -0.3343453 0 0.9046577 0.9045128 0 0 0 0 0 0.1498298 -0.1467284 0 0.9046577 -0.2058373 0 0.148284 0.5220236 -0.3143198 0 0.1485986 0 0.6105041 0.8993079 -0.1061383 0.9020848 0 0.1542991 0.1521634 0 0 -0.7114996 0 0.736696 0.1544125 -0.1099732 0.1323774 0 0.07979502 0 -0.05914212 0.148284 0.9004754 0 -0.6086561 0.148284 0.8987364 0 -0.08647703 0 0 -0.1042924 -0.7095802 -0.7108489 -0.1055603 -0.1496949 -0.1503353 0 0 0.8979271 -0.02094359 -0.3018984 0.151186 0 0 0 0 0 0.8770236 -0.685751 0.1381579 0.1498421 0 -0.6919838 0 0 0.1493372 -0.6919838 0.1496949 0.8771657 0.8771657 0 0 -0.03776343 0 0 -0.6918904 0 -0.6918904 0 0 0.1496949 0 0 -0.0944984 0 -0.594092 0 -0.06346476 0.1274337 0 -0.6884264 0 0
0 -0.1571869 -0.04961514 0 -0.1984175 -0.1564657 0.9788758 -0.1987133 0.098087 -0.2954604 -0.2052479 0.131516 -0.1014346 1.01 0 0.9969041 -0.3945301 0.09481097 0 0.9969041 0 -0.0527946 0.09481097 0 0 0 0 0 0 0.09481097 0 -0.1558564 -0.1560826 0 -0.1558564 0 0 -0.1554169 -0.1558564 -0.1557832 0 -0.09656147 0.4983491 -0.3928626 0 0.09620578 0.09656147 0.09886411 -0.04036205 0.09656147 -0.218781 0 -0.1548005 -0.1548739 0 0 0 0 0 0.09684326 -0.08167452 0 -0.1548005 -0.1393684 0 0.09610099 -0.07327972 -0.2100489 0 0.09803318 0 0.3967527 -0.1535125 0.9931544 -0.1540668 0 0.1105603 0.1090021 0 0 0.1960804 0 0.4780976 0.04758892 0.980952 0.07709257 0 0.1024003 0 0.4010677 0.09610099 -0.1537482 0 -0.3878833 0.09610099 -0.1590253 0 -0.03983536 0 0 0.9834845 0.1973136 0.1966518 0.9800899 -0.09718456 -0.09758054 0 0 -0.1532858 -0.06283357 -0.186071 0.1001821 0 0 0 0 0 -0.148369 0.1765816 0.1011767 0.09727621 0 0.1919649 0 0 0.09640533 0.1919649 0.09718456 -0.1482956 -0.1482956 0 0 0.2516214 0 0 0.1920379 0 0.1920379 0 0 0.09718456 0 0 0.9129194 0 -0.3632355 0 -0.06609515 0.08468314 0 0.1927578 0 0
0 0 0 0 0 0 0 0 0 0 0 0 0 0 1.01 0 0 0 0 0 0 0 0 0 0 0 0 0 0 0 0 0 0 0 0 0 0 0 0 0 0 0 0 0 0 0 0 0 0 0 0 0 0 0 0 0 0 0 0 0 0 0 0 0 0 0 0 0 0 0 0 0 0 0 0 0 0 0 0 0 0 0 0 0 0 0 0 0 0 0 0 0 0 0 0 0 0 0 0 0 0 0 0 0 0 0 0 0 0 0 0 0 0 0 0 0 0 0 0 0 0 0 0 0 0 0 0 0 0 0 0 0 0 0 0 0 0 0 0 0 0 0 0 0 0 0 0 0 0 0 0 0 0
0 -0.1573892 -0.04990316 0 -0.1986918 -0.1566622 0.9820241 -0.1989797 0.09898845 -0.2969304 -0.2056123 0.1307915 -0.1021074 0.9969041 0 1.01 -0.3956753 0.09567517 0 1 0 -0.05317871 0.09567517 0 0 0 0 0 0 0.09567517 0 -0.1560812 -0.1563085 0 -0.1560812 0 0 -0.15564 -0.1560812 -0.1560076 0 -0.09744208 0.507894 -0.3939979 0 0.09708831 0.09744208 0.09980072 -0.03967425 0.09744208 -0.2196762 0 -0.1550102 -0.1550839 0 0 0 0 0 0.09773074 -0.08249165 0 -0.1550102 -0.1400849 0 0.0969805 -0.0740945 -0.2111892 0 0.09892477 0 0.3979138 -0.1537145 0.9962837 -0.1542737 0 0.1114278 0.1098739 0 0 0.1967979 0 0.4798518 0.04860405 0.9840345 0.07800578 0 0.1033295 0 0.3998216 0.0969805 -0.1539594 0 -0.3890415 0.0969805 -0.1592212 0 -0.039223 0 0 0.986648 0.1980463 0.1973821 0.983242 -0.09806859 -0.09846511 0 0 -0.1534921 -0.06362334 -0.1863552 0.1010781 0 0 0 0 0 -0.1486104 0.177394 0.1020751 0.09816047 0 0.1927214 0 0 0.09727765 0.1927214 0.09806859 -0.1485368 -0.1485368 0 0 0.2508483 0 0 0.1927947 0 0.1927947 0 0 0.09806859 0 0 0.9164649 0 -0.3644304 0 -0.06545939 0.08467938 0 0.1935278 0 0
0 -0.6151338 0.09442653 0 0.4658861 -0.6137102 -0.3848368 0.4690583 0.3488477 0.7366801 0.5202871 -0.1331629 -0.6243768 -0.3945301 0 -0.3956753 1.01 0.3778259 0 -0.3956753 0 0.1040658 0.3778259 0 0 0 0 0 0 0.3778259 0 -0.6501615 -0.6492946 0 -0.6501615 0 0 -0.649898 -0.6501615 -0.6498655 0 -0.379322 -0.1920481 0.9912161 0 0.3786009 0.379322 0.3409557 0.1198778 0.379322 0.5423473 0 -0.6452883 -0.6450785 0 0 0 0 0 0.3720651 0.2148571 0 -0.6452883 0.3431842 0 0.3792945 -0.3516801 0.5130711 0 0.3703025 0 -0.9827193 -0.6419049 -0.3942833 -0.6440961 0 0.1853854 0.1880046 0 0 0.8049386 0 -0.8171598 0.3833659 -0.384322 0.2225351 0 0.400594 0 -0.1648773 0.3792945 -0.64274 0 0.9818947 0.3792945 -0.6413432 0 0.1282485 0 0 -0.3891349 0.8010181 0.8001458 -0.390296 -0.3701041 -0.3684426 0 0 -0.6411863 0.1064655 0.4811222 0.3588079 0 0 0 0 0 -0.6263178 0.786468 0.3672884 0.3697449 0 0.7862403 0 0 0.363856 0.7862403 0.3701041 -0.6265251 -0.6265251 0 0 -0.1004643 0 0 0.7854107 0 0.7854107 0 0 0.3701041 0 0 -0.3586766 0 0.9551274 0 0.05473158 0.309849 0 0.7799168 0 0
0 0.159286 0.03080697 0 0.1902316 0.1586504 0.0984268 0.1890286 0.9612455 0.2867973 0.2100308 0.04492563 0.1479143 0.09481097 0 0.09567517 0.3778259 1.01 0 0.09567517 0 0.04766191 1 0 0 0 0 0 0 1 0 0.155848 0.1560565 0 0.155848 0 0 0.1554297 0.155848 0.1562236 0 -0.9819448 0.05925121 0.3774145 0 0.9809992 0.9819448 0.9302427 0.04835675 0.9819448 0.203587 0 0.1554551 0.1555249 0 0 0 0 0 0.9710794 0.07342721 0 0.1554551 0.1252035 0 0.9802602 0.0844799 0.1915179 0 0.9669606 0 -0.3787085 0.1556192 0.09539826 0.1547571 0 0.6709309 0.6709341 0 0 0.462601 0 0.1967502 0.9451564 0.09489875 0.6720914 0 0.9255262 0 0.03350414 0.9802602 0.1548208 0 0.3758369 0.9802602 0.1545241 0 0.0525537 0 0 0.0965495 0.459537 0.4552968 0.08914889 -0.9668996 -0.965392 0 0 0.1544318 0.06587394 0.1853252 0.9524207 0 0 0 0 0 0.1561031 0.4470691 0.9491591 0.9665906 0 0.4524398 0 0 0.9787574 0.4524398 0.9668996 0.1560334 0.1560334 0 0 0.02957316 0 0 0.4523848 0 0.4523848 0 0 0.9668996 0 0 0.08846245 0 0.37495 0 -0.07281326 0.818513 0 0.4496096 0 0
0 0 0 0 0 0 0 0 0 0 0 0 0 0 0 0 0 0 1.01 0 0 0 0 0 0 0 0 0 0 0 0 0 0 0 0 0 0 0 0 0 0 0 0 0 0 0 0 0 0 0 0 0 0 0 0 0 0 0 0 0 0 0 0 0 0 0 0 0 0 0 0 0 0 0 0 0 0 0 0 0 0 0 0 0 0 0 0 0 0 0 0 0 0 0 0 0 0 0 0 0 0 0 0 0 0 0 0 0 0 0 0 0 0 0 0 0 0 0 0 0 0 0 0 0 0 0 0 0 0 0 0 0 0 0 0 0 0 0 0 0 0 0 0 0 0 0 0 0 0 0 0 0 0
0 -0.1573892 -0.04990316 0 -0.1986918 -0.1566622 0.9820241 -0.1989797 0.09898845 -0.2969304 -0.2056123 0.1307915 -0.1021074 0.9969041 0 1 -0.3956753 0.09567517 0 1.01 0 -0.05317871 0.09567517 0 0 0 0 0 0 0.09567517 0 -0.1560812 -0.1563085 0 -0.1560812 0 0 -0.15564 -0.1560812 -0.1560076 0 -0.09744208 0.507894 -0.3939979 0 0.09708831 0.09744208 0.09980072 -0.03967425 0.09744208 -0.2196762 0 -0.1550102 -0.1550839 0 0 0 0 0 0.09773074 -0.08249165 0 -0.1550102 -0.1400849 0 0.0969805 -0.0740945 -0.2111892 0 0.09892477 0 0.3979138 -0.1537145 0.9962837 -0.1542737 0 0.1114278 0.1098739 0 0 0.1967979 0 0.4798518 0.04860405 0.9840345 0.07800578 0 0.1033295 0 0.3998216 0.0969805 -0.1539594 0 -0.3890415 0.0969805 -0.1592212 0 -0.039223 0 0 0.986648 0.1980463 0.1973821 0.983242 -0.09806859 -0.09846511 0 0 -0.1534921 -0.06362334 -0.1863552 0.1010781 0 0 0 0 0 -0.1486104 0.177394 0.1020751 0.09816047 0 0.1927214 0 0 0.09727765 0.1927214 0.09806859 -0.1485368 -0.1485368 0 0 0.2508483 0 0 0.1927947 0 0.1927947 0 0 0.09806859 0 0 0.9164649 0 -0.3644304 0 -0.06545939 0.08467938 0 0.1935278 0 0
0 0 0 0 0 0 0 0 0 0 0 0 0 0 0 0 0 0 0 0 1.01 0 0 0 0 0 0 0 0 0 0 0 0 0 0 0 0 0 0 0 0 0 0 0 0 0 0 0 0 0 0 0 0 0 0 0 0 0 0 0 0 0 0 0 0 0 0 0 0 0 0 0 0 0 0 0 0 0 0 0 0 0 0 0 0 0 0 0 0 0 0 0 0 0 0 0 0 0 0 0 0 0 0 0 0 0 0 0 0 0 0 0 0 0 0 0 0 0 0 0 0 0 0 0 0 0 0 0 0 0 0 0 0 0 0 0 0 0 0 0 0 0 0 0 0 0 0 0 0 0 0 0 0
0 -0.05601444 -0.02062511 0 0.2008297 -0.05547593 -0.0526849 0.20157 0.04968794 0.03348346 0.09698527 -0.002957314 -0.05255586 -0.0527946 0 -0.05317871 0.1040658 0.04766191 0 -0.05317871 0 1.01 0.04766191 0 0 0 0 0 0 0.04766191 0 -0.05311989 -0.05323624 0 -0.05311989 0 0 -0.0529229 -0.05311989 -0.05308706 0 -0.04845719 -0.02738499 0.1034505 0 0.0485759 0.04845719 0.05236866 -0.03108075 0.04845719 -0.1030719 0 -0.05270415 -0.05273705 0 0 0 0 0 0.04807819 -0.04255662 0 -0.05270415 -0.05300231 0 0.04825912 -0.04307816 -0.09419863 0 0.04989021 0 -0.1020473 -0.05369516 -0.05406217 -0.05237507 0 0.06482139 0.06495147 0 0 0.07661441 0 -0.08007482 0.04738715 -0.05298187 0.06501643 0 0.04860631 0 -0.02073873 0.04825912 -0.05264056 0 0.1029696 0.04825912 -0.0531676 0 -0.02919729 0 0 -0.05371755 0.0772556 0.07695743 -0.05413864 -0.04898715 -0.04915272 0 0 -0.05220921 -0.06444965 0.2180031 0.05080186 0 0 0 0 0 -0.05236645 0.078005 0.04995295 0.04902654 0 0.07673656 0 0 0.04757454 0.07673656 0.04898715 -0.05233361 -0.05233361 0 0 -0.01200482 0 0 0.07676871 0 0.07676871 0 0 0.04898715 0 0 -0.05360131 0 0.1022751 0 -0.03501005 0.05936314 0 0.07795833 0 0
0 0.159286 0.03080697 0 0.1902316 0.1586504 0.0984268 0.1890286 0.9612455 0.2867973 0.2100308 0.04492563 0.1479143 0.09481097 0 0.09567517 0.3778259 1 0 0.09567517 0 0.04766191 1.01 0 0 0 0 0 0 1 0 0.155848 0.1560565 0 0.155848 0 0 0.1554297 0.155848 0.1562236 0 -0.9819448 0.05925121 0.3774145 0 0.9809992 0.9819448 0.9302427 0.04835675 0.9819448 0.203587 0 0.1554551 0.1555249 0 0 0 0 0 0.9710794 0.07342721 0 0.1554551 0.1252035 0 0.9802602 0.0844799 0.1915179 0 0.9669606 0 -0.3787085 0.1556192 0.09539826 0.1547571 0 0.6709309 0.6709341 0 0 0.462601 0 0.1967502 0.9451564 0.09489875 0.6720914 0 0.9255262 0 0.03350414 0.9802602 0.1548208 0 0.3758369 0.9802602 0.1545241 0 0.0525537 0 0 0.0965495 0.459537 0.4552968 0.08914889 -0.9668996 -0.965392 0 0 0.1544318 0.06587394 0.1853252 0.9524207 0 0 0 0 0 0.1561031 0.4470691 0.9491591 0.9665906 0 0.4524398 0 0 0.9787574 0.4524398 0.9668996 0.1560334 0.1560334 0 0 0.02957316 0 0 0.4523848 0 0.4523848 0 0 0.9668996 0 0 0.08846245 0 0.37495 0 -0.07281326 0.818513 0 0.4496096 0 0
0 0 0 0 0 0 0 0 0 0 0 0 0 0 0 0 0 0 0 0 0 0 0 1.01 0 0 0 0 0 0 0 0 0 0 0 0 0 0 0 0 0 0 0 0 0 0 0 0 0 0 0 0 0 0 0 0 0 0 0 0 0 0 0 0 0 0 0 0 0 0 0 0 0 0 0 0 0 0 0 0 0 0 0 0 0 0 0 0 0 0 0 0 0 0 0 0 0 0 0 0 0 0 0 0 0 0 0 0 0 0 0 0 0 0 0 0 0 0 0 0 0 0 0 0 0 0 0 0 0 0 0 0 0 0 0 0 0 0 0 0 0 0 0 0 0 0 0 0 0 0 0 0 0
0 0 0 0 0 0 0 0 0 0 0 0 0 0 0 0 0 0 0 0 0 0 0 0 1.01 0 0 0 0 0 0 0 0 0 0 0 0 0 0 0 0 0 0 0 0 0 0 0 0 0 0 0 0 0 0 0 0 0 0 0 0 0 0 0 0 0 0 0 0 0 0 0 0 0 0 0 0 0 0 0 0 0 0 0 0 0 0 0 0 0 0 0 0 0 0 0 0 0 0 0 0 0 0 0 0 0 0 0 0 0 0 0 0 0 0 0 0 0 0 0 0 0 0 0 0 0 0 0 0 0 0 0 0 0 0 0 0 0 0 0 0 0 0 0 0 0 0 0 0 0 0 0 0
0 0 0 0 0 0 0 0 0 0 0 0 0 0 0 0 0 0 0 0 0 0 0 0 0 1.01 0 0 0 0 0 0 0 0 0 0 0 0 0 0 0 0 0 0 0 0 0 0 0 0 0 0 0 0 0 0 0 0 0 0 0 0 0 0 0 0 0 0 0 0 0 0 0 0 0 0 0 0 0 0 0 0 0 0 0 0 0 0 0 0 0 0 0 0 0 0 0 0 0 0 0 0 0 0 0 0 0 0 0 0 0 0 0 0 0 0 0 0 0 0 0 0 0 0 0 0 0 0 0 0 0 0 0 0 0 0 0 0 0 0 0 0 0 0 0 0 0 0 0 0 0 0 0
0 0 0 0 0 0 0 0 0 0 0 0 0 0 0 0 0 0 0 0 0 0 0 0 0 0 1.01 0 0 0 0 0 0 0 0 0 0 0 0 0 0 0 0 0 0 0 0 0 0 0 0 0 0 0 0 0 0 0 0 0 0 0 0 0 0 0 0 0 0 0 0 0 0 0 0 0 0 0 0 0 0 0 0 0 0 0 0 0 0 0 0 0 0 0 0 0 0 0 0 0 0 0 0 0 0 0 0 0 0 0 0 0 0 0 0 0 0 0 0 0 0 0 0 0 0 0 0 0 0 0 0 0 0 0 0 0 0 0 0 0 0 0 0 0 0 0 0 0 0 0 0 0 0
0 0 0 0 0 0 0 0 0 0 0 0 0 0 0 0 0 0 0 0 0 0 0 0 0 0 0 1.01 0 0 0 0 0 0 0 0 0 0 0 0 0 0 0 0 0 0 0 0 0 0 0 0 0 0 0 0 0 0 0 0 0 0 0 0 0 0 0 0 0 0 0 0 0 0 0 0 0 0 0 0 0 0 0 0 0 0 0 0 0 0 0 0 0 0 0 0 0 0 0 0 0 0 0 0 0 0 0 0 0 0 0 0 0 0 0 0 0 0 0 0 0 0 0 0 0 0 0 0 0 0 0 0 0 0 0 0 0 0 0 0 0 0 0 0 0 0 0 0 0 0 0 0 0
0 0 0 0 0 0 0 0 0 0 0 0 0 0 0 0 0 0 0 0 0 0 0 0 0 0 0 0 1.01 0 0 0 0 0 0 0 0 0 0 0 0 0 0 0 0 0 0 0 0 0 0 0 0 0 0 0 0 0 0 0 0 0 0 0 0 0 0 0 0 0 0 0 0 0 0 0 0 0 0 0 0 0 0 0 0 0 0 0 0 0 0 0 0 0 0 0 0 0 0 0 0 0 0 0 0 0 0 0 0 0 0 0 0 0 0 0 0 0 0 0 0 0 0 0 0 0 0 0 0 0 0 0 0 0 0 0 0 0 0 0 0 0 0 0 0 0 0 0 0 0 0 0 0
0 0.159286 0.03080697 0 0.1902316 0.1586504 0.0984268 0.1890286 0.9612455 0.2867973 0.2100308 0.04492563 0.1479143 0.09481097 0 0.09567517 0.3778259 1 0 0.09567517 0 0.04766191 1 0 0 0 0 0 0 1.01 0 0.155848 0.1560565 0 0.155848 0 0 0.1554297 0.155848 0.1562236 0 -0.9819448 0.05925121 0.3774145 0 0.9809992 0.9819448 0.9302427 0.04835675 0.9819448 0.203587 0 0.1554551 0.1555249 0 0 0 0 0 0.9710794 0.07342721 0 0.1554551 0.1252035 0 0.9802602 0.0844799 0.1915179 0 0.9669606 0 -0.3787085 0.1556192 0.09539826 0.1547571 0 0.6709309 0.6709341 0 0 0.462601 0 0.1967502 0.9451564 0.09489875 0.6720914 0 0.9255262 0 0.03350414 0.9802602 0.1548208 0 0.3758369 0.9802602 0.1545241 0 0.0525537 0 0 0.0965495 0.459537 0.4552968 0.08914889 -0.9668996 -0.965392 0 0 0.1544318 0.06587394 0.1853252 0.9524207 0 0 0 0 0 0.1561031 0.4470691 0.9491591 0.9665906 0 0.4524398 0 0 0.9787574 0.4524398 0.9668996 0.1560334 0.1560334 0 0 0.02957316 0 0 0.4523848 0 0.4523848 0 0 0.9668996 0 0 0.08846245 0 0.37495 0 -0.07281326 0.818513 0 0.4496096 0 0
0 0 0 0 0 0 0 0 0 0 0 0 0 0 0 0 0 0 0 0 0 0 0 0 0 0 0 0 0 0 1.01 0 0 0 0 0 0 0 0 0 0 0 0 0 0 0 0 0 0 0 0 0 0 0 0 0 0 0 0 0 0 0 0 0 0 0 0 0 0 0 0 0 0 0 0 0 0 0 0 0 0 0 0 0 0 0 0 0 0 0 0 0 0 0 0 0 0 0 0 0 0 0 0 0 0 0 0 0 0 0 0 0 0 0 0 0 0 0 0 0 0 0 0 0 0 0 0 0 0 0 0 0 0 0 0 0 0 0 0 0 0 0 0 0 0 0 0 0 0 0 0 0 0
0 0.9445295 -0.05699562 0 -0.2873733 0.9419029 -0.1545933 -0.2917476 0.1619945 -0.4713167 -0.3449671 0.101958 0.9124612 -0.1558564 0 -0.1560812 -0.6501615 0.155848 0 -0.1560812 0 -0.05311989 0.155848 0 0 0 0 0 0 0.155848 0 1.01 0.9992528 0 1 0 0 0.9991019 1 0.9998503 0 -0.1574081 -0.08477412 -0.6527517 0 0.1578663 0.1574081 0.1659621 -0.08264002 0.1574081 -0.3563915 0 0.9932713 0.9931197 0 0 0 0 0 0.1449134 -0.1505228 0 0.9932713 -0.2266622 0 0.1570828 0.5257605 -0.335555 0 0.1577574 0 0.6484191 0.9884919 -0.1605 0.9908786 0 0.165901 0.1641852 0 0 -0.7851 0 0.7820105 0.161847 -0.1641649 0.1461736 0 0.08988361 0 -0.05990329 0.1570828 0.9893689 0 -0.6461892 0.1570828 0.9875766 0 -0.09009392 0 0 -0.1591382 -0.7836176 -0.7849747 -0.1603702 -0.1581806 -0.1588404 0 0 0.9869713 -0.04014661 -0.3187041 0.1596139 0 0 0 0 0 0.9666281 -0.7600342 0.1466174 0.1583329 0 -0.7668434 0 0 0.157511 -0.7668434 0.1581806 0.9667769 0.9667769 0 0 -0.03536709 0 0 -0.7659454 0 -0.7659454 0 0 0.1581806 0 0 -0.1519172 0 -0.6318404 0 -0.06956382 0.1379255 0 -0.762044 0 0
0 0.943846 -0.05707247 0 -0.2875856 0.9412255 -0.1548202 -0.2919531 0.162212 -0.4705761 -0.3437327 0.1016943 0.9118513 -0.1560826 0 -0.1563085 -0.6492946 0.1560565 0 -0.1563085 0 -0.05323624 0.1560565 0 0 0 0 0 0 0.1560565 0 0.9992528 1.01 0 0.9992528 0 0 0.9983566 0.9992528 0.9991034 0 -0.157622 -0.08488933 -0.6518782 0 0.1580801 0.157622 0.1661883 -0.08274521 0.157622 -0.3553323 0 0.9925389 0.9923872 0 0 0 0 0 0.1451424 -0.1507113 0 0.9925389 -0.2249234 0 0.1572963 0.5258604 -0.3344412 0 0.1579757 0 0.6475599 0.9877687 -0.1607217 0.9901502 0 0.1662767 0.1645628 0 0 -0.7843247 0 0.7812252 0.1620692 -0.1643879 0.1465629 0 0.09018656 0 -0.05999818 0.1572963 0.9886401 0 -0.6453275 0.1572963 0.9868516 0 -0.09020116 0 0 -0.15936 -0.7828365 -0.7841937 -0.1605923 -0.1583953 -0.1590548 0 0 0.9862479 -0.0402491 -0.3188797 0.1598333 0 0 0 0 0 0.9659137 -0.7592608 0.1468515 0.1585475 0 -0.7660738 0 0 0.1577217 -0.7660738 0.1583953 0.9660625 0.9660625 0 0 -0.03542583 0 0 -0.7651766 0 -0.7651766 0 0 0.1583953 0 0 -0.1521332 0 -0.6309869 0 -0.06969671 0.1382268 0 -0.7612731 0 0
0 0 0 0 0 0 0 0 0 0 0 0 0 0 0 0 0 0 0 0 0 0 0 0 0 0 0 0 0 0 0 0 0 1.01 0 0 0 0 0 0 0 0 0 0 0 0 0 0 0 0 0 0 0 0 0 0 0 0 0 0 0 0 0 0 0 0 0 0 0 0 0 0 0 0 0 0 0 0 0 0 0 0 0 0 0 0 0 0 0 0 0 0 0 0 0 0 0 0 0 0 0 0 0 0 0 0 0 0 0 0 0 0 0 0 0 0 0 0 0 0 0 0 0 0 0 0 0 0 0 0 0 0 0 0 0 0 0 0 0 0 0 0 0 0 0 0 0 0 0 0 0 0 0
0 0.9445295 -0.05699562 0 -0.2873733 0.9419029 -0.1545933 -0.2917476 0.1619945 -0.4713167 -0.3449671 0.101958 0.9124612 -0.1558564 0 -0.1560812 -0.6501615 0.155848 0 -0.1560812 0 -0.05311989 0.155848 0 0 0 0 0 0 0.155848 0 1 0.9992528 0 1.01 0 0 0.9991019 1 0.9998503 0 -0.1574081 -0.08477412 -0.6527517 0 0.1578663 0.1574081 0.1659621 -0.08264002 0.1574081 -0.3563915 0 0.9932713 0.9931197 0 0 0 0 0 0.1449134 -0.1505228 0 0.9932713 -0.2266622 0 0.1570828 0.5257605 -0.335555 0 0.1577574 0 0.6484191 0.9884919 -0.1605 0.9908786 0 0.165901 0.1641852 0 0 -0.7851 0 0.7820105 0.161847 -0.1641649 0.1461736 0 0.08988361 0 -0.05990329 0.1570828 0.9893689 0 -0.6461892 0.1570828 0.9875766 0 -0.09009392 0 0 -0.1591382 -0.7836176 -0.7849747 -0.1603702 -0.1581806 -0.1588404 0 0 0.9869713 -0.04014661 -0.3187041 0.1596139 0 0 0 0 0 0.9666281 -0.7600342 0.1466174 0.1583329 0 -0.7668434 0 0 0.157511 -0.7668434 0.1581806 0.9667769 0.9667769 0 0 -0.03536709 0 0 -0.7659454 0 -0.7659454 0 0 0.1581806 0 0 -0.1519172 0 -0.6318404 0 -0.06956382 0.1379255 0 -0.762044 0 0
0 0 0 0 0 0 0 0 0 0 0 0 0 0 0 0 0 0 0 0 0 0 0 0 0 0 0 0 0 0 0 0 0 0 0 1.01 0 0 0 0 0 0 0 0 0 0 0 0 0 0 0 0 0 0 0 0 0 0 0 0 0 0 0 0 0 0 0 0 0 0 0 0 0 0 0 0 0 0 0 0 0 0 0 0 0 0 0 0 0 0 0 0 0 0 0 0 0 0 0 0 0 0 0 0 0 0 0 0 0 0 0 0 0 0 0 0 0 0 0 0 0 0 0 0 0 0 0 0 0 0 0 0 0 0 0 0 0 0 0 0 0 0 0 0 0 0 0 0 0 0 0 0 0
0 0 0 0 0 0 0 0 0 0 0 0 0 0 0 0 0 0 0 0 0 0 0 0 0 0 0 0 0 0 0 0 0 0 0 0 1.01 0 0 0 0 0 0 0 0 0 0 0 0 0 0 0 0 0 0 0 0 0 0 0 0 0 0 0 0 0 0 0 0 0 0 0 0 0 0 0 0 0 0 0 0 0 0 0 0 0 0 0 0 0 0 0 0 0 0 0 0 0 0 0 0 0 0 0 0 0 0 0 0 0 0 0 0 0 0 0 0 0 0 0 0 0 0 0 0 0 0 0 0 0 0 0 0 0 0 0 0 0 0 0 0 0 0 0 0 0 0 0 0 0 0 0 0
0 0.9436134 -0.05684192 0 -0.287025 0.9409809 -0.1545856 -0.2914028 0.1615588 -0.4711594 -0.3449484 0.102165 0.9133208 -0.1554169 0 -0.15564 -0.649898 0.1554297 0 -0.15564 0 -0.0529229 0.1554297 0 0 0 0 0 0 0.1554297 0 0.9991019 0.9983566 0 0.9991019 0 0 1.01 0.9991019 0.9989519 0 -0.1569818 -0.08454442 -0.6524937 0 0.1574395 0.1569818 0.1655116 -0.08242465 0.1569818 -0.3564531 0 0.9923596 0.9922081 0 0 0 0 0 0.1444822 -0.1515497 0 0.9923596 -0.2264132 0 0.1566572 0.5262334 -0.3356883 0 0.1573253 0 0.6481475 0.9875729 -0.1600609 0.9899645 0 0.1656021 0.1638853 0 0 -0.7845408 0 0.7814694 0.1614058 -0.1637201 0.1458814 0 0.08942287 0 -0.05972478 0.1566572 0.9884579 0 -0.6459245 0.1566572 0.9866623 0 -0.08986807 0 0 -0.1587003 -0.7830692 -0.7844244 -0.1599307 -0.1577524 -0.1584117 0 0 0.9860548 -0.03991022 -0.3183662 0.1591784 0 0 0 0 0 0.965727 -0.7595061 0.1461783 0.1579045 0 -0.7663004 0 0 0.1570882 -0.7663004 0.1577524 0.9658756 0.9658756 0 0 -0.03525844 0 0 -0.7654024 0 -0.7654024 0 0 0.1577524 0 0 -0.1514942 0 -0.63158 0 -0.07008674 0.1377987 0 -0.7615091 0 0
0 0.9445295 -0.05699562 0 -0.2873733 0.9419029 -0.1545933 -0.2917476 0.1619945 -0.4713167 -0.3449671 0.101958 0.9124612 -0.1558564 0 -0.1560812 -0.6501615 0.155848 0 -0.1560812 0 -0.05311989 0.155848 0 0 0 0 0 0 0.155848 0 1 0.9992528 0 1 0 0 0.9991019 1.01 0.9998503 0 -0.1574081 -0.08477412 -0.6527517 0 0.1578663 0.1574081 0.1659621 -0.08264002 0.1574081 -0.3563915 0 0.9932713 0.9931197 0 0 0 0 0 0.1449134 -0.1505228 0 0.9932713 -0.2266622 0 0.1570828 0.5257605 -0.335555 0 0.1577574 0 0.6484191 0.9884919 -0.1605 0.9908786 0 0.165901 0.1641852 0 0 -0.7851 0 0.7820105 0.161847 -0.1641649 0.1461736 0 0.08988361 0 -0.05990329 0.1570828 0.9893689 0 -0.6461892 0.1570828 0.9875766 0 -0.09009392 0 0 -0.1591382 -0.7836176 -0.7849747 -0.1603702 -0.1581806 -0.1588404 0 0 0.9869713 -0.04014661 -0.3187041 0.1596139 0 0 0 0 0 0.9666281 -0.7600342 0.1466174 0.1583329 0 -0.7668434 0 0 0.157511 -0.7668434 0.1581806 0.9667769 0.9667769 0 0 -0.03536709 0 0 -0.7659454 0 -0.7659454 0 0 0.1581806 0 0 -0.1519172 0 -0.6318404 0 -0.06956382 0.1379255 0 -0.762044 0 0
0 0.9443768 -0.05697 0 -0.2872252 0.9417492 -0.1545201 -0.2916 0.1623532 -0.4710861 -0.3447927 0.1019925 0.9122963 -0.1557832 0 -0.1560076 -0.6498655 0.1562236 0 -0.1560076 0 -0.05308706 0.1562236 0 0 0 0 0 0 0.1562236 0 0.9998503 0.9991034 0 0.9998503 0 0 0.9989519 0.9998503 1.01 0 -0.1577759 -0.08473583 -0.6524568 0 0.1582337 0.1577759 0.1663064 -0.08260412 0.1577759 -0.3562295 0 0.9931193 0.9929677 0 0 0 0 0 0.1452765 -0.1504581 0 0.9931193 -0.2265644 0 0.1574511 0.5253563 -0.3354015 0 0.1581202 0 0.6481215 0.9883387 -0.1604268 0.9907262 0 0.166127 0.1644106 0 0 -0.784738 0 0.7819203 0.1621996 -0.1640907 0.1464023 0 0.09022634 0 -0.05987353 0.1574511 0.989217 0 -0.6458934 0.1574511 0.9874241 0 -0.09005628 0 0 -0.1590652 -0.7832583 -0.7846149 -0.1602969 -0.1585461 -0.159205 0 0 0.9868185 -0.04004886 -0.3185577 0.1599733 0 0 0 0 0 0.9664779 -0.75968 0.1469753 0.1586982 0 -0.7664854 0 0 0.1578818 -0.7664854 0.1585461 0.9666266 0.9666266 0 0 -0.03534898 0 0 -0.7655874 0 -0.7655874 0 0 0.1585461 0 0 -0.1518467 0 -0.6315447 0 -0.06952473 0.1382241 0 -0.761688 0 0
0 0 0 0 0 0 0 0 0 0 0 0 0 0 0 0 0 0 0 0 0 0 0 0 0 0 0 0 0 0 0 0 0 0 0 0 0 0 0 0 1.01 0 0 0 0 0 0 0 0 0 0 0 0 0 0 0 0 0 0 0 0 0 0 0 0 0 0 0 0 0 0 0 0 0 0 0 0 0 0 0 0 0 0 0 0 0 0 0 0 0 0 0 0 0 0 0 0 0 0 0 0 0 0 0 0 0 0 0 0 0 0 0 0 0 0 0 0 0 0 0 0 0 0 0 0 0 0 0 0 0 0 0 0 0 0 0 0 0 0 0 0 0 0 0 0 0 0 0 0 0 0 0 0
0 -0.1611238 -0.03256317 0 -0.1724254 -0.1604589 -0.1001165 -0.1711862 -0.9440582 -0.2815539 -0.1944319 -0.04552054 -0.1490237 -0.09656147 0 -0.09744208 -0.379322 -0.9819448 0 -0.09744208 0 -0.04845719 -0.9819448 0 0 0 0 0 0 -0.9819448 0 -0.1574081 -0.157622 0 -0.1574081 0 0 -0.1569818 -0.1574081 -0.1577759 0 1.01 -0.06168151 -0.3854855 0 -0.9990369 -1 -0.9470084 -0.04957445 -1 -0.2073664 0 -0.1569268 -0.1569979 0 0 0 0 0 -0.988912 -0.07379674 0 -0.1569268 -0.1283493 0 -0.9983926 -0.08730985 -0.194981 0 -0.9848024 0 0.372908 -0.1570311 -0.09713824 -0.1562152 0 -0.6836926 -0.6836463 0 0 -0.4724128 0 -0.199125 -0.963049 -0.09675799 -0.6856123 0 -0.94237 0 -0.03411851 -0.9983926 -0.1562973 0 -0.3840028 -0.9983926 -0.1559786 0 -0.05391485 0 0 -0.09824634 -0.4692208 -0.4650748 -0.09098629 0.9849778 0.9834203 0 0 -0.1558827 -0.06787332 -0.1896713 -0.9701844 0 0 0 0 0 -0.1572306 -0.4569537 -0.9668616 -0.984663 0 -0.4624993 0 0 -0.9725605 -0.4624993 -0.9849778 -0.1571596 -0.1571596 0 0 -0.03069125 0 0 -0.4624433 0 -0.4624433 0 0 -0.9849778 0 0 -0.09061277 0 -0.3830638 0 0.07062866 -0.8341314 0 -0.4595723 0 0
0 -0.08143801 -0.03033559 0 -0.09391107 -0.08238416 0.5005818 -0.09394207 0.06234073 -0.1491914 -0.1086778 0.2817371 0.002624926 0.4983491 0 0.507894 -0.1920481 0.05925121 0 0.507894 0 -0.02738499 0.05925121 0 0 0 0 0 0 0.05925121 0 -0.08477412 -0.08488933 0 -0.08477412 0 0 -0.08454442 -0.08477412 -0.08473583 0 -0.06168151 1.01 -0.191455 0 0.06181892 0.06168151 0.06254239 -0.01558499 0.06168151 -0.1096168 0 -0.08332763 -0.083366 0 0 0 0 0 0.06159239 -0.04766119 0 -0.08332763 -0.06581045 0 0.06145223 -0.03611251 -0.1067738 0 0.06221133 0 0.194606 -0.08243019 0.5104422 -0.08294402 0 0.07849914 0.07609043 0 0 0.1118 0 0.2423789 0.06404755 0.5034944 0.06180227 0 0.06358053 0 -0.026465 0.06145223 -0.08245143 0 -0.1809604 0.06145223 -0.08204087 0 -0.01562419 0 0 0.4906568 0.112044 0.1117017 0.4889331 -0.06228792 -0.06247611 0 0 -0.08276395 -0.03934653 -0.07579988 0.06438288 0 0 0 0 0 -0.07409716 0.10665 0.06487732 0.06233352 0 0.1042858 0 0 0.06066356 0.1042858 0.06228792 -0.07405865 -0.07405865 0 0 -0.01297511 0 0 0.1043241 0 0.1043241 0 0 0.06228792 0 0 0.4962961 0 -0.1798005 0 -0.03700056 0.05106058 0 0.1036322 0 0
0 -0.6061864 0.09511059 0 0.4551009 -0.6047627 -0.3831784 0.4582494 0.3486749 0.7282463 0.5195982 -0.1321816 -0.6156404 -0.3928626 0 -0.3939979 0.9912161 0.3774145 0 -0.3939979 0 0.1034505 0.3774145 0 0 0 0 0 0 0.3774145 0 -0.6527517 -0.6518782 0 -0.6527517 0 0 -0.6524937 -0.6527517 -0.6524568 0 -0.3854855 -0.191455 1.01 0 0.3847572 0.3854855 0.3466534 0.1201735 0.3854855 0.5441001 0 -0.6481854 -0.6479749 0 0 0 0 0 0.3894822 0.2158126 0 -0.6481854 0.3443926 0 0.3851016 -0.3426886 0.5147641 0 0.3756361 0 -0.9875525 -0.6448323 -0.392616 -0.6470032 0 0.1889239 0.1912526 0 0 0.8111018 0 -0.8187131 0.38921 -0.3826267 0.2261232 0 0.4059016 0 -0.163074 0.3851016 -0.6458875 0 0.9868959 0.3851016 -0.6445048 0 0.1286191 0 0 -0.3874794 0.8073473 0.806487 -0.3886295 -0.3758598 -0.3741833 0 0 -0.6443561 0.1085437 0.4846115 0.3644471 0 0 0 0 0 -0.6294209 0.7926723 0.3728959 0.3754983 0 0.7925361 0 0 0.3697227 0.7925361 0.3758598 -0.6296289 -0.6296289 0 0 -0.09987282 0 0 0.7917065 0 0.7917065 0 0 0.3758598 0 0 -0.3567623 0 0.9599144 0 0.05582386 0.3142938 0 0.7863917 0 0
0 0 0 0 0 0 0 0 0 0 0 0 0 0 0 0 0 0 0 0 0 0 0 0 0 0 0 0 0 0 0 0 0 0 0 0 0 0 0 0 0 0 0 0 1.01 0 0 0 0 0 0 0 0 0 0 0 0 0 0 0 0 0 0 0 0 0 0 0 0 0 0 0 0 0 0 0 0 0 0 0 0 0 0 0 0 0 0 0 0 0 0 0 0 0 0 0 0 0 0 0 0 0 0 0 0 0 0 0 0 0 0 0 0 0 0 0 0 0 0 0 0 0 0 0 0 0 0 0 0 0 0 0 0 0 0 0 0 0 0 0 0 0 0 0 0 0 0 0 0 0 0 0 0
0 0.1615743 0.03266067 0 0.172204 0.1609083 0.09975829 0.1709632 0.9431233 0.2809988 0.1947326 0.04563294 0.1494669 0.09620578 0 0.09708831 0.3786009 0.9809992 0 0.09708831 0 0.0485759 0.9809992 0 0 0 0 0 0 0.9809992 0 0.1578663 0.1580801 0 0.1578663 0 0 0.1574395 0.1578663 0.1582337 0 -0.9990369 0.06181892 0.3847572 0 1.01 0.9990369 0.9460605 0.04970885 0.9990369 0.2068469 0 0.1573817 0.157453 0 0 0 0 0 0.9879537 0.07404922 0 0.1573817 0.1272368 0 0.9974311 0.08754792 0.1944073 0 0.9838446 0 -0.3721959 0.1574836 0.09678132 0.1566695 0 0.6827805 0.6827341 0 0 0.47142 0 0.199308 0.962098 0.09641152 0.6847046 0 0.9414251 0 0.03423348 0.9974311 0.156752 0 0.3832802 0.9974311 0.1564325 0 0.05405491 0 0 0.09788647 0.4682257 0.4640833 0.09063378 -0.9840228 -0.9824659 0 0 0.1563367 0.0682635 0.1894344 0.9692333 0 0 0 0 0 0.1576892 0.455957 0.9659113 0.9837081 0 0.4615052 0 0 0.9716174 0.4615052 0.9840228 0.1576181 0.1576181 0 0 0.03075482 0 0 0.4614491 0 0.4614491 0 0 0.9840228 0 0 0.09022544 0 0.3823357 0 -0.07040516 0.833214 0 0.4585763 0 0
0 0.1611238 0.03256317 0 0.1724254 0.1604589 0.1001165 0.1711862 0.9440582 0.2815539 0.1944319 0.04552054 0.1490237 0.09656147 0 0.09744208 0.379322 0.9819448 0 0.09744208 0 0.04845719 0.9819448 0 0 0 0 0 0 0.9819448 0 0.1574081 0.157622 0 0.1574081 0 0 0.1569818 0.1574081 0.1577759 0 -1 0.06168151 0.3854855 0 0.9990369 1.01 0.9470084 0.04957445 1 0.2073664 0 0.1569268 0.1569979 0 0 0 0 0 0.988912 0.07379674 0 0.1569268 0.1283493 0 0.9983926 0.08730985 0.194981 0 0.9848024 0 -0.372908 0.1570311 0.09713824 0.1562152 0 0.6836926 0.6836463 0 0 0.4724128 0 0.199125 0.963049 0.09675799 0.6856123 0 0.94237 0 0.03411851 0.9983926 0.1562973 0 0.3840028 0.9983926 0.1559786 0 0.05391485 0 0 0.09824634 0.4692208 0.4650748 0.09098629 -0.9849778 -0.9834203 0 0 0.1558827 0.06787332 0.1896713 0.9701844 0 0 0 0 0 0.1572306 0.4569537 0.9668616 0.984663 0 0.4624993 0 0 0.9725605 0.4624993 0.9849778 0.1571596 0.1571596 0 0 0.03069125 0 0 0.4624433 0 0.4624433 0 0 0.9849778 0 0 0.09061277 0 0.3830638 0 -0.07062866 0.8341314 0 0.4595723 0 0
0 0.1074168 0.03002129 0 0.1729378 0.106967 0.1022393 0.1716229 0.8941585 0.2502944 0.1462811 0.04760209 0.1567541 0.09886411 0 0.09980072 0.3409557 0.9302427 0 0.09980072 0 0.05236866 0.9302427 0 0 0 0 0 0 0.9302427 0 0.1659621 0.1661883 0 0.1659621 0 0 0.1655116 0.1659621 0.1663064 0 -0.9470084 0.06254239 0.3466534 0 0.9460605 0.9470084 1.01 0.05013168 0.9470084 0.2213186 0 0.1652304 0.1653056 0 0 0 0 0 0.9361933 0.08036042 0 0.1652304 0.1366643 0 0.9455176 0.08939117 0.2090558 0 0.9321485 0 -0.3351069 0.165162 0.09940458 0.1644785 0 0.6415654 0.6405634 0 0 0.432741 0 0.2078793 0.9125486 0.09881114 0.6428733 0 0.8922014 0 0.03487947 0.9455176 0.1646103 0 0.3451532 0.9455176 0.1642289 0 0.05610975 0 0 0.1009843 0.4293795 0.4254811 0.09414794 -0.932524 -0.9309956 0 0 0.1641268 0.07637145 0.1331694 0.9179629 0 0 0 0 0 0.166238 0.4166084 0.9146887 0.932214 0 0.4223496 0 0 0.9209842 0.4223496 0.932524 0.166163 0.166163 0 0 0.02958915 0 0 0.422289 0 0.422289 0 0 0.932524 0 0 0.09450824 0 0.3432103 0 -0.06686355 0.7886559 0 0.4192886 0 0
0 -0.08016492 -0.01895682 0 -0.07808053 -0.07960283 -0.04139676 -0.0774477 0.05127593 0.1451458 0.1366818 -0.0127634 -0.07871539 -0.04036205 0 -0.03967425 0.1198778 0.04835675 0 -0.03967425 0 -0.03108075 0.04835675 0 0 0 0 0 0 0.04835675 0 -0.08264002 -0.08274521 0 -0.08264002 0 0 -0.08242465 -0.08264002 -0.08260412 0 -0.04957445 -0.01558499 0.1201735 0 0.04970885 0.04957445 0.05013168 1.01 0.04957445 0.222506 0 -0.08209807 -0.08213402 0 0 0 0 0 0.04945711 -0.04688582 0 -0.08209807 -0.0693443 0 0.04935017 -0.04041432 -0.1025123 0 0.05120326 0 -0.1191465 -0.07884643 -0.03916497 -0.08173864 0 0.07702003 0.07715692 0 0 0.1026599 0 -0.09696766 0.04841355 -0.04096829 0.07419026 0 0.04896715 0 -0.01020631 0.04935017 -0.08199903 0 0.1188091 0.04935017 -0.08161743 0 0.8872432 0 0 -0.03758805 0.104196 0.1053062 -0.03579587 -0.05251545 -0.05270229 0 0 -0.08318144 -0.01871561 -0.07390442 0.03492787 0 0 0 0 0 -0.08117063 0.1061039 0.05387564 0.05255954 0 0.1046255 0 0 0.05210809 0.1046255 0.05251545 -0.08113471 -0.08113471 0 0 -0.01528489 0 0 0.1046616 0 0.1046616 0 0 0.05251545 0 0 -0.03472285 0 0.1185116 0 0.01953406 -0.08763605 0 0.1052247 0 0
