1.01 -0.03782175 -0.05523192 -0.06535961 0 0.294883 -0.01716279 -0.2576531 -0.08016357 -0.2576531 -0.06535961 -0.068639 -0.2610337 -0.05523192 -0.0564599 0 -0.04958427 -0.03782175 0.9728748 -0.05071407 -0.5387523 -0.04402732 0 -0.06989485 -0.1233454 -0.06348527 -0.06348527 0 0.1668941 -0.2494906 0.006264131 -0.04511403 0.2627839 -0.08100372 -0.07095029 0.0285971 -0.07138592 -0.0695074 0 -0.1011993 0.09828549 0.00553883 0 -0.262245 0.829185 0.7130472 -0.2577749 -0.2255918 -0.07557958 0 -0.2520435 -0.03023586 -0.1750839 -0.03762739 -0.186084 -0.09597824 0 -0.04521731 -0.04659721 0.1870861 0 0 0.1839836 0 -0.05072572 0 0 -0.2439791 -0.04724305 -0.05071407 -0.01728642 -0.09406995 0 0.0160892 -0.01265376 -0.04129535 0 -0.1727813 -0.04213865 -0.05680743 -0.07027851 -0.04724305 -0.05485796 0 -0.08266903 -0.08266903 -0.04773798 -0.05739808 -0.01060223 -0.1738395 -0.1008493 -0.06566338 -0.08396052 -0.1641958 -0.01825451 -0.01470547 -0.05854491 -0.05189704 -0.08752396 -0.07407493 -0.09808613 -0.1027314 -0.07407493 -0.175845 -0.04372565 0.05991801 0 -0.09388202 -0.06353234 -0.05672964 0 0 0.2299922 0.2299296 -0.07671829 0.2297864 -0.01714357 -0.01714357 0 0.360078 -0.05495084 -0.0434709 -0.06671185 0.2543341 0.2232807 0.1230436 0.2232807 0.2232807 0.2232807 -0.04853999 0.2393769 0 -0.06671185 -0.04597245 0.1203477 -0.06774529 0.2531471 -0.07884852 -0.1044794 -0.06671185 -0.05169095 -0.04823832 -0.05189704 0.257099 -0.009361088 0.2531471 0 -0.04562121 0 -0.06573233 -0.002422283 0.2575617 -0.06310586 -0.04184145 -0.158324 -0.06589611 0 -0.06310586 -0.02208025 0.02056716 0.04518488 0 -0.07795003 0.02056716 0.1900632 0.2002419 -0.06286857 -0.06573233 0 0.1755608 0
-0.03782175 1.01 -0.02512122 -0.01996283 0 -0.1187462 -0.01925378 -0.06960667 -0.02482199 -0.06960667 -0.01996283 -0.02853971 -0.06864846 -0.02512122 -0.01609511 0 -0.02293595 1 -0.04221132 -0.02729437 -0.1438268 -0.009305127 0 -0.01242048 -0.04013228 -0.02165406 -0.02165406 0 -0.1315515 -0.06749415 -0.01081457 -0.02534747 -0.1101515 -0.0324306 -0.02649701 -0.01392765 -0.02761105 0.03503823 0 0.05919136 -0.01723074 -0.02305842 0 -0.07020137 -0.04573113 -0.0228912 -0.07089096 -0.05910224 -0.02092212 0 -0.07060494 0.07935642 0.05436504 -0.0196798 0.0449868 -0.03203442 0 -0.02106459 -0.005695092 -0.1334914 0 0 -0.1353004 0 0.06555896 0 0 -0.06983939 -0.02284293 -0.02729437 -0.01154624 -0.01177991 0 -0.1654733 -0.01912827 -0.01349207 0 -0.0564862 -0.008742875 -0.02278377 0.03458498 -0.02284293 -0.02320463 0 -0.01383912 -0.01383912 -0.02272426 0.03461343 -0.01040936 -0.07428713 -0.02199535 0.02535072 0.0133513 0.01320099 0.6300708 -0.0395177 -0.01811722 0.07024709 -0.02147507 -0.02886796 -0.0145145 -0.05422195 -0.02886796 0.03144507 -0.002602634 0.06652586 0 -0.03229312 -0.01298119 -0.020451 0 0 -0.02960398 -0.02866469 0.04394151 -0.02870428 0.6371953 0.6371953 0 -0.01432915 -0.02363362 -0.0135288 0.04446211 -0.0119236 -0.02360645 0.06534804 -0.02360645 -0.02360645 -0.02360645 -0.02230503 -0.01827525 0 0.04446211 0.1833052 0.06571865 -0.02607589 -0.01273199 -0.03250217 0.1140525 0.04446211 -0.02917156 -0.026864 0.07024709 -0.01802474 -0.01179899 -0.01273199 0 0.1831402 0 0.0450413 0.02617819 -0.01768258 -0.0121279 -0.0165071 0.01580402 0.04494427 0 -0.0121279 -0.01451216 -0.01618102 0.01827952 0 -0.03178348 -0.01618102 -0.02071312 -0.02621857 -0.02677947 0.0450413 0 -0.02713073 0
-0.05523192 -0.02512122 1.01 -0.01315168 0 0.08795347 -0.02146738 -0.1092202 -0.02790928 -0.1092202 -0.01315168 0.8316278 -0.1095222 1 -0.03014114 0 0.9327833 -0.02512122 -0.05524934 -0.01996167 -0.1849292 -0.003059405 0 -0.0203983 -0.05157161 -0.02778487 -0.02778487 0 0.01543275 -0.1051516 -0.008378326 -0.02107671 0.02665448 0.2957627 -0.002980206 -0.006684702 0.2687549 -0.01386384 0 -0.0665038 -0.02751681 -0.07953007 0 -0.1089811 0.01414522 -0.0008160057 0.04058853 -0.09183272 -0.03305041 0 -0.1075012 0.07112728 -0.06618465 0.6532953 0.02132525 -0.03852918 0 0.3835675 -0.005306747 0.01372429 0 0 0.0131292 0 -0.01073913 0 0 -0.1053883 0.3685851 -0.01996167 -0.01100605 -0.03951529 0 0.04477651 -0.02796103 -0.0210015 0 -0.07564244 -0.002071332 0.328682 -0.01424159 0.3685851 0.3413916 0 -0.020866 -0.020866 0.3686785 -0.02042785 -0.01187298 0.06611885 0.009980973 0.3019443 0.2410281 0.07665272 -0.01609824 -0.01435065 -0.03280518 -0.0231158 -0.02693217 -0.03700056 -0.04009167 -0.07678587 -0.03700056 0.0157814 -0.01690855 0.1005165 0 0.004060367 -0.01070291 -0.03372362 0 0 -0.01497592 -0.01441696 -0.02455418 -0.01447537 -0.01573938 -0.01573938 0 -0.02532848 0.0892834 -0.04521683 -0.02434095 0.007452665 -0.008691994 0.09400957 -0.008691994 -0.008691994 -0.008691994 0.570762 0.0002871171 0 -0.02434095 -0.04679174 0.09115764 -0.03549712 0.006244392 0.2562575 -0.02587269 -0.02434095 -0.009526263 -0.01635182 -0.0231158 -0.003287186 -0.02185706 0.006244392 0 -0.04687819 0 -0.02392868 0.04094629 -0.004190469 -0.01449473 -0.005321869 0.05643503 -0.02399762 0 -0.01449473 0.002699605 -0.02812397 0.01830059 0 0.2603522 -0.02812397 0.09968686 -0.01483212 -0.03207693 -0.02392868 0 0.09587159 0
-0.06535961 -0.01996283 -0.01315168 1.01 0 0.1317097 -0.02254159 -0.1506615 -0.0547833 -0.1506615 1 -0.02752656 -0.1519618 -0.01315168 -0.02460705 0 -0.01610836 -0.01996283 -0.06230792 -0.01649213 -0.2775786 0.589581 0 -0.02243101 0.4488884 -0.02665524 -0.02665524 0 0.1371061 -0.1454743 -0.01520709 -0.01804523 -0.1962651 -0.03045298 -0.03237928 -0.03047703 -0.02990766 0.9212578 0 0.3628262 0.1654279 0.04712539 0 -0.1505695 -0.06358344 0.1824957 -0.1327487 -0.1201349 -0.02914388 0 -0.1449848 0.0531294 -0.1070857 -0.004699794 -0.1192573 -0.05295282 0 -0.02278964 -0.02090839 0.1362975 0 0 0.1354385 0 0.5833136 0 0 -0.1429947 -0.02703606 -0.01649213 -0.01862806 -0.01881079 0 0.04408455 -0.003739171 -0.02199657 0 -0.1057308 0.5809489 -0.03267864 0.9165673 -0.02703606 -0.03453454 0 -0.02848518 -0.02848518 -0.02832975 0.4027691 -0.0142802 0.003618833 0.4116154 0.373063 0.3004444 0.0278932 -0.007913635 0.1680745 -0.02847919 0.4444257 0.2572364 -0.03966296 -0.05485722 -0.1050565 -0.03966296 -0.1146896 -0.01016137 0.1366719 0 0.2152896 -0.02160091 -0.02662975 0 0 -0.1019387 -0.1015973 0.3067046 -0.1016769 -0.01049309 -0.01049309 0 -0.02074511 -0.04019607 -0.02347952 0.3198793 -0.07935677 -0.09316275 0.130016 -0.09316275 -0.09316275 -0.09316275 -0.007266533 -0.08636844 0 0.3198793 -0.05539277 0.1290849 -0.03523848 -0.07881472 -0.03348191 0.1116671 0.3198793 -0.0431501 -0.02466034 0.4444257 -0.07276354 0.06117515 -0.07881472 0 -0.0555144 0 0.3221769 0.05230099 -0.07258666 -0.02176683 0.1025101 -0.03285961 0.3234002 0 -0.02176683 0.1707997 0.01524784 0.02262489 0 -0.03405147 0.01524784 0.0107697 -0.1038907 -0.0314851 0.3221769 0 0.02932679 0
0 0 0 0 1.01 0 0 0 0 0 0 0 0 0 0 0 0 0 0 0 0 0 0 0 0 0 0 0 0 0 0 0 0 0 0 0 0 0 0 0 0 0 0 0 0 0 0 0 0 0 0 0 0 0 0 0 0 0 0 0 0 0 0 0 0 0 0 0 0 0 0 0 0 0 0 0 0 0 0 0 0 0 0 0 0 0 0 0 0 0 0 0 0 0 0 0 0 0 0 0 0 0 0 0 0 0 0 0 0 0 0 0 0 0 0 0 0 0 0 0 0 0 0 0 0 0 0 0 0 0 0 0 0 0 0 0 0 0 0 0 0 0 0 0 0 0 0 0 0 0 0 0 0 0 0 0 0 0 0 0 0 0 0 0 0 0 0 0 0 0 0
0.294883 -0.1187462 0.08795347 0.1317097 0 1.01 -0.1411034 -0.8817092 0.215038 -0.8817092 0.1317097 0.1115371 -0.8882273 0.08795347 0.1191581 0 0.1171533 -0.1187462 0.2869404 0.1249728 -0.2886058 0.09578986 0 0.07325876 0.2855184 0.1566324 0.1566324 0 -0.3073909 -0.8476801 0.07767099 0.1163034 -0.4877564 0.1662846 0.1433694 0.03573001 0.1704533 0.1279844 0 0.2550551 0.08774115 -0.083244 0 -0.7776243 0.2627384 0.3006788 -0.5674219 -0.6723184 -0.2494474 0 -0.8073199 -0.101087 0.3581952 0.08721136 0.3609285 -0.213509 0 0.1191147 -0.1280795 -0.3068476 0 0 -0.3042895 0 0.0563692 0 0 -0.8231344 0.1123774 0.1234935 0.01405894 -0.2871501 0 0.07175835 -0.1449028 -0.128772 0 -0.5823464 0.09496956 0.05552618 0.1247731 0.1123774 0.1226039 0 0.06666082 0.06666082 0.1131704 0.08881345 -0.07102433 -0.4405687 0.1426412 0.1114788 0.1479368 -0.1651728 -0.06610643 -0.07978502 0.08436962 0.01903611 -0.1734086 0.1200063 -0.2676461 -0.4685068 0.1200063 0.340799 0.04236224 0.424734 0 -0.1860927 0.05687846 0.1238958 0 0 0.6225615 0.6227148 0.07364636 0.6224327 -0.06858869 -0.06858869 0 0.1051672 0.08116162 -0.2358107 0.05876094 0.5633819 0.6045554 0.4596036 0.6045554 0.6045554 0.6045554 0.09167477 0.5711705 0 0.05876094 -0.2551052 0.4706234 0.09758247 0.5667887 0.1257967 -0.3381056 0.05876094 0.03249947 0.08248347 0.01903611 0.5961644 0.02844311 0.5667887 0 -0.2551259 0 0.05789812 0.04240603 0.5928945 0.05330423 -0.03934049 0.3909261 0.05773176 0 0.05330423 0.05411232 0.107086 0.06301195 0 0.1223683 0.107086 0.6596876 0.5504095 0.08814352 0.05789812 0 0.6372385 0
-0.01716279 -0.01925378 -0.02146738 -0.02254159 0 -0.1411034 1.01 0.1615249 -0.02820643 0.1615249 -0.02254159 -0.01941652 0.1602055 -0.02146738 -0.02649052 0 -0.02032039 -0.01925378 -0.01463057 -0.01076494 0.05889281 -0.0185934 0 -0.0212156 -0.04250936 -0.01244756 -0.01244756 0 0.09859583 0.1592299 -0.02344385 -0.01482198 0.12045 -0.0200722 -0.01489951 -0.01896752 -0.02046557 -0.01853035 0 -0.02824261 0.1882625 -0.05409504 0 0.08240192 -0.02337595 -0.02875145 0.03819148 0.06607797 -0.03356658 0 0.09091506 -0.03346308 -0.06819075 -0.01591641 -0.07397034 0.1560887 0 -0.01724879 -0.02409466 0.09851552 0 0 0.09755425 0 -0.0170567 0 0 0.092211 -0.01796765 -0.008060995 0.00328481 -0.03612948 0 0.04387061 -0.0299494 -0.02146016 0 0.05895527 -0.01127737 -0.01889698 -0.01698329 -0.01796765 -0.01912881 0 -0.02669522 -0.02669522 -0.01780606 -0.01845294 -0.01404109 0.04138656 -0.02883933 -0.02781332 -0.03203244 0.005566814 -0.01853567 0.1975342 -0.02592383 -0.0139154 -0.03151114 -0.03226714 -0.03786687 0.06555882 -0.03226714 -0.07966414 -0.01446333 -0.02591717 0 0.1979184 -0.02522956 -0.02770437 0 0 -0.1168489 -0.1169745 -0.01530346 -0.1155328 -0.01823587 -0.01823587 0 -0.01896717 -0.02493591 -0.04103502 -0.01510687 -0.09491052 -0.1086682 -0.03658158 -0.1086682 -0.1086682 -0.1086682 -0.01765314 -0.1008346 0 -0.01510687 -0.0436332 -0.03831963 -0.03150569 -0.09598397 -0.03592272 0.1316646 -0.01510687 0.1206334 -0.01792281 -0.0139154 -0.1057423 -0.02627827 -0.09598397 0 -0.04371444 0 -0.01468207 0.04132691 -0.1052318 -0.02418476 -0.001708065 -0.0819977 -0.01475313 0 -0.02418476 0.005562698 -0.03235858 -0.4227382 0 -0.03648085 -0.03235858 -0.05700694 -0.04074507 -0.02861338 -0.01468207 0 -0.0584424 0
-0.2576531 -0.06960667 -0.1092202 -0.1506615 0 -0.8817092 0.1615249 1.01 -0.2074185 1 -0.1506615 -0.1215887 0.9929919 -0.1092202 -0.1085243 0 -0.1020683 -0.06960667 -0.2499803 -0.1097442 0.4467703 -0.08841355 0 -0.05726489 -0.2801607 -0.1378501 -0.1378501 0 0.465047 0.9616815 -0.06998281 -0.1027146 0.6334555 -0.1560024 -0.1355838 -0.02575886 -0.1605875 -0.156364 0 -0.2531355 -0.06710352 0.04220288 0 0.8930659 -0.2184225 -0.2773309 0.6685063 0.7719986 0.280519 0 0.9218029 0.1650204 -0.330683 -0.07900526 -0.3404648 0.2505155 0 -0.1217321 -0.09349037 0.4469235 0 0 0.4432434 0 -0.1121536 0 0 0.9252563 -0.1117002 -0.1082224 -0.00548901 0.3292529 0 0.202141 0.1745513 0.1467295 0 0.6626666 -0.08736097 -0.0496458 -0.1525796 -0.1117002 -0.1190617 0 -0.07494939 -0.07494939 -0.1078018 -0.1320177 0.0849461 0.5072965 -0.1372529 -0.1516291 -0.163278 0.2310686 -0.0642996 0.1151131 -0.06311809 -0.08016109 0.2058337 -0.09347741 0.3099409 0.5440747 -0.09347741 -0.3260968 -0.07213546 -0.3621838 0 0.2159557 -0.06948346 -0.1121181 0 0 -0.5684988 -0.5664344 -0.1099982 -0.5660948 -0.06361553 -0.06361553 0 -0.09067139 -0.1016421 0.2785423 -0.09344375 -0.5220676 -0.5530866 -0.388466 -0.5530866 -0.5530866 -0.5530866 -0.08139729 -0.5228849 0 -0.09344375 0.254966 -0.3987807 -0.073429 -0.5252247 -0.1003711 0.3563357 -0.09344375 -0.03970177 -0.06840919 -0.08016109 -0.5493806 -0.01626242 -0.5252247 0 0.2550836 0 -0.09252829 0.1898818 -0.546253 -0.06660405 0.05335517 -0.3701436 -0.09225523 0 -0.06660405 -0.04623574 -0.09011771 -0.08037934 0 -0.09692965 -0.09011771 -0.6184232 -0.5002886 -0.06556584 -0.09252829 0 -0.5896407 0
-0.08016357 -0.02482199 -0.02790928 -0.0547833 0 0.215038 -0.02820643 -0.2074185 1.01 -0.2074185 -0.0547833 -0.04056508 -0.2091817 -0.02790928 -0.0362306 0 -0.02314397 -0.02482199 -0.07642259 -0.03198104 0.1753673 -0.03219762 0 -0.04626825 0.6552982 -0.05187656 -0.05187656 0 0.1898874 -0.2011339 -0.02246701 -0.03079675 -0.2971456 -0.06504355 -0.06233587 -0.0302605 -0.06922987 -0.01254068 0 0.5217992 0.0289998 0.1421441 0 -0.2104714 -0.08997879 -0.07901531 -0.212282 -0.1739044 -0.05853477 0 -0.2037199 0.1769553 -0.1360549 -0.02208102 -0.1466957 -0.08109485 0 -0.04896037 -0.03496149 0.1880717 0 0 0.1856936 0 0.03229036 0 0 -0.2003498 -0.0509716 -0.03338738 -0.01919806 -0.06726851 0 0.08774371 -0.02611751 -0.03113389 0 -0.1437926 -0.03242183 -0.06022732 -0.0123481 -0.0509716 -0.05123013 0 -0.05912448 -0.05912448 -0.04951745 -0.05648745 -0.0398853 -0.1679694 -0.07720382 -0.05433971 -0.07057801 -0.2195887 -0.02585929 -0.1001363 -0.0620827 -0.03365281 -0.06613339 -0.06940868 -0.07010487 -0.1238139 -0.06940868 -0.01882012 -0.03304003 0.1893845 0 -0.09307027 -0.04370302 -0.04032712 0 0 0.2672364 0.26771 -0.05702109 0.2675988 -0.02512116 -0.02512116 0 -0.02814225 -0.04233709 -0.07300772 -0.05054358 0.3105021 0.2814339 0.1837291 0.2814339 0.2814339 0.2814339 -0.02675695 0.2936712 0 -0.05054358 -0.07640323 0.183045 -0.06382813 0.3099764 -0.0675558 -0.1162766 -0.05054358 0.2698252 -0.03708096 -0.03365281 0.3091736 -0.03511317 0.3099764 0 -0.07657482 0 -0.05095806 0.09115381 0.3092022 -0.04143033 -0.04204167 0.3928591 -0.05108546 0 -0.04143033 -0.03025368 0.008408531 0.0116128 0 -0.06528824 0.008408531 0.2583151 0.2715473 -0.05808226 -0.05095806 0 0.2455133 0
-0.2576531 -0.06960667 -0.1092202 -0.1506615 0 -0.8817092 0.1615249 1 -0.2074185 1.01 -0.1506615 -0.1215887 0.9929919 -0.1092202 -0.1085243 0 -0.1020683 -0.06960667 -0.2499803 -0.1097442 0.4467703 -0.08841355 0 -0.05726489 -0.2801607 -0.1378501 -0.1378501 0 0.465047 0.9616815 -0.06998281 -0.1027146 0.6334555 -0.1560024 -0.1355838 -0.02575886 -0.1605875 -0.156364 0 -0.2531355 -0.06710352 0.04220288 0 0.8930659 -0.2184225 -0.2773309 0.6685063 0.7719986 0.280519 0 0.9218029 0.1650204 -0.330683 -0.07900526 -0.3404648 0.2505155 0 -0.1217321 -0.09349037 0.4469235 0 0 0.4432434 0 -0.1121536 0 0 0.9252563 -0.1117002 -0.1082224 -0.00548901 0.3292529 0 0.202141 0.1745513 0.1467295 0 0.6626666 -0.08736097 -0.0496458 -0.1525796 -0.1117002 -0.1190617 0 -0.07494939 -0.07494939 -0.1078018 -0.1320177 0.0849461 0.5072965 -0.1372529 -0.1516291 -0.163278 0.2310686 -0.0642996 0.1151131 -0.06311809 -0.08016109 0.2058337 -0.09347741 0.3099409 0.5440747 -0.09347741 -0.3260968 -0.07213546 -0.3621838 0 0.2159557 -0.06948346 -0.1121181 0 0 -0.5684988 -0.5664344 -0.1099982 -0.5660948 -0.06361553 -0.06361553 0 -0.09067139 -0.1016421 0.2785423 -0.09344375 -0.5220676 -0.5530866 -0.388466 -0.5530866 -0.5530866 -0.5530866 -0.08139729 -0.5228849 0 -0.09344375 0.254966 -0.3987807 -0.073429 -0.5252247 -0.1003711 0.3563357 -0.09344375 -0.03970177 -0.06840919 -0.08016109 -0.5493806 -0.01626242 -0.5252247 0 0.2550836 0 -0.09252829 0.1898818 -0.546253 -0.06660405 0.05335517 -0.3701436 -0.09225523 0 -0.06660405 -0.04623574 -0.09011771 -0.08037934 0 -0.09692965 -0.09011771 -0.6184232 -0.5002886 -0.06556584 -0.09252829 0 -0.5896407 0
-0.06535961 -0.01996283 -0.01315168 1 0 0.1317097 -0.02254159 -0.1506615 -0.0547833 -0.1506615 1.01 -0.02752656 -0.1519618 -0.01315168 -0.02460705 0 -0.01610836 -0.01996283 -0.06230792 -0.01649213 -0.2775786 0.589581 0 -0.02243101 0.4488884 -0.02665524 -0.02665524 0 0.1371061 -0.1454743 -0.01520709 -0.01804523 -0.1962651 -0.03045298 -0.03237928 -0.03047703 -0.02990766 0.9212578 0 0.3628262 0.1654279 0.04712539 0 -0.1505695 -0.06358344 0.1824957 -0.1327487 -0.1201349 -0.02914388 0 -0.1449848 0.0531294 -0.1070857 -0.004699794 -0.1192573 -0.05295282 0 -0.02278964 -0.02090839 0.1362975 0 0 0.1354385 0 0.5833136 0 0 -0.1429947 -0.02703606 -0.01649213 -0.01862806 -0.01881079 0 0.04408455 -0.003739171 -0.02199657 0 -0.1057308 0.5809489 -0.03267864 0.9165673 -0.02703606 -0.03453454 0 -0.02848518 -0.02848518 -0.02832975 0.4027691 -0.0142802 0.003618833 0.4116154 0.373063 0.3004444 0.0278932 -0.007913635 0.1680745 -0.02847919 0.4444257 0.2572364 -0.03966296 -0.05485722 -0.1050565 -0.03966296 -0.1146896 -0.01016137 0.1366719 0 0.2152896 -0.02160091 -0.02662975 0 0 -0.1019387 -0.1015973 0.3067046 -0.1016769 -0.01049309 -0.01049309 0 -0.02074511 -0.04019607 -0.02347952 0.3198793 -0.07935677 -0.09316275 0.130016 -0.09316275 -0.09316275 -0.09316275 -0.007266533 -0.08636844 0 0.3198793 -0.05539277 0.1290849 -0.03523848 -0.07881472 -0.03348191 0.1116671 0.3198793 -0.0431501 -0.02466034 0.4444257 -0.07276354 0.06117515 -0.07881472 0 -0.0555144 0 0.3221769 0.05230099 -0.07258666 -0.02176683 0.1025101 -0.03285961 0.3234002 0 -0.02176683 0.1707997 0.01524784 0.02262489 0 -0.03405147 0.01524784 0.0107697 -0.1038907 -0.0314851 0.3221769 0 0.02932679 0
-0.068639 -0.02853971 0.8316278 -0.02752656 0 0.1115371 -0.01941652 -0.1215887 -0.04056508 -0.1215887 -0.02752656 1.01 -0.1225093 0.8316278 -0.03555609 0 0.7771371 -0.02853971 -0.06744628 -0.02085916 -0.1151643 -0.007239694 0 -0.01734153 -0.002904515 -0.03132121 -0.03132121 0 0.05289657 -0.1189051 -0.005757119 -0.02225406 0.03082984 0.373972 0.1352065 -0.01299833 0.3454628 -0.0291536 0 -0.09006026 -0.03356846 -0.05394242 0 -0.1222724 -0.01299293 -0.02953478 0.06178284 -0.1064666 -0.03850339 0 -0.122579 0.09751845 -0.0796515 0.5509458 -0.009127923 -0.04203434 0 0.4875638 -0.01384259 0.05176931 0 0 0.05058055 0 -0.02199339 0 0 -0.1191727 0.4695851 -0.02085916 -0.005356674 -0.04589749 0 0.06003104 -0.02992145 -0.02201942 0 -0.08257126 -0.008707532 0.4163302 -0.02955301 0.4695851 0.5701306 0 -0.02091975 -0.02091975 0.4696923 0.1182012 -0.01541029 0.079924 0.1040235 0.2782209 0.3023186 0.08127393 -0.02248248 0.03885715 -0.03833006 0.02835713 -0.0347968 -0.04221815 -0.04527939 -0.08590695 -0.04221815 -0.01815293 -0.0120136 0.1184294 0 0.06861801 -0.01344756 -0.03513826 0 0 -0.0652676 -0.06484827 0.1344313 -0.06491866 -0.02208373 -0.02208373 0 -0.03476808 0.06209692 -0.05210653 0.1375007 -0.04095336 -0.05799227 0.1112321 -0.05799227 -0.05799227 -0.05799227 0.4786018 -0.04772795 0 0.1375007 -0.05505178 0.1077874 -0.03776389 -0.04237859 0.2087983 -0.04404703 0.1375007 -0.01856421 -0.01523625 0.02835713 -0.003424471 -0.02718524 -0.04237859 0 -0.0551565 0 0.138818 0.05634818 -0.003999139 -0.01611045 -0.01600536 0.0114458 0.1385972 0 -0.01611045 -0.00560439 0.1143513 0.01481369 0 0.2114402 0.1143513 0.1308741 -0.06489979 -0.03798144 0.138818 0 0.1251891 0
-0.2610337 -0.06864846 -0.1095222 -0.1519618 0 -0.8882273 0.1602055 0.9929919 -0.2091817 0.9929919 -0.1519618 -0.1225093 1.01 -0.1095222 -0.1089722 0 -0.1021485 -0.06864846 -0.2532382 -0.1099001 0.4361091 -0.08798833 0 -0.05920951 -0.2821487 -0.1377339 -0.1377339 0 0.4539796 0.955247 -0.06977743 -0.1026407 0.624593 -0.1558568 -0.1359151 -0.02594329 -0.1606463 -0.1578081 0 -0.255299 -0.0669731 0.04676149 0 0.8861962 -0.2217075 -0.281466 0.662549 0.7671416 0.2789799 0 0.9152237 0.1565357 -0.3333602 -0.0780892 -0.3442525 0.249027 0 -0.1212931 -0.0404318 0.435898 0 0 0.432327 0 -0.1138678 0 0 0.9188713 -0.1114569 -0.1083808 -0.006265539 0.3267121 0 0.177989 0.1719317 0.1458769 0 0.6572774 -0.08688576 -0.05002557 -0.1540427 -0.1114569 -0.1191194 0 -0.07660031 -0.07660031 -0.1075572 -0.1333397 0.08746198 0.5022517 -0.1389858 -0.1522213 -0.1631133 0.2252091 -0.06406168 0.1128341 -0.06049299 -0.08174336 0.2050963 -0.09142476 0.3077082 0.5384341 -0.09142476 -0.3297589 -0.0733086 -0.370829 0 0.2137416 -0.07127591 -0.1126325 0 0 -0.5741157 -0.5720608 -0.1115649 -0.5717245 -0.06335283 -0.06335283 0 -0.09174702 -0.1035452 0.2760557 -0.0943157 -0.5282763 -0.5586006 -0.3979358 -0.5586006 -0.5586006 -0.5586006 -0.07999017 -0.5280923 0 -0.0943157 0.252717 -0.4084482 -0.0717486 -0.5314795 -0.09845792 0.3535586 -0.0943157 -0.04142232 -0.06780165 -0.08174336 -0.5560933 -0.01769872 -0.5314795 0 0.2528302 0 -0.09338229 0.16542 -0.5529447 -0.06836258 0.0518162 -0.3739264 -0.09311294 0 -0.06836258 -0.04714653 -0.09169715 -0.07961286 0 -0.09493378 -0.09169715 -0.6247934 -0.5063454 -0.06333135 -0.09338229 0 -0.5966034 0
-0.05523192 -0.02512122 1 -0.01315168 0 0.08795347 -0.02146738 -0.1092202 -0.02790928 -0.1092202 -0.01315168 0.8316278 -0.1095222 1.01 -0.03014114 0 0.9327833 -0.02512122 -0.05524934 -0.01996167 -0.1849292 -0.003059405 0 -0.0203983 -0.05157161 -0.02778487 -0.02778487 0 0.01543275 -0.1051516 -0.008378326 -0.02107671 0.02665448 0.2957627 -0.002980206 -0.006684702 0.2687549 -0.01386384 0 -0.0665038 -0.02751681 -0.07953007 0 -0.1089811 0.01414522 -0.0008160057 0.04058853 -0.09183272 -0.03305041 0 -0.1075012 0.07112728 -0.06618465 0.6532953 0.02132525 -0.03852918 0 0.3835675 -0.005306747 0.01372429 0 0 0.0131292 0 -0.01073913 0 0 -0.1053883 0.3685851 -0.01996167 -0.01100605 -0.03951529 0 0.04477651 -0.02796103 -0.0210015 0 -0.07564244 -0.002071332 0.328682 -0.01424159 0.3685851 0.3413916 0 -0.020866 -0.020866 0.3686785 -0.02042785 -0.01187298 0.06611885 0.009980973 0.3019443 0.2410281 0.07665272 -0.01609824 -0.01435065 -0.03280518 -0.0231158 -0.02693217 -0.03700056 -0.04009167 -0.07678587 -0.03700056 0.0157814 -0.01690855 0.1005165 0 0.004060367 -0.01070291 -0.03372362 0 0 -0.01497592 -0.01441696 -0.02455418 -0.01447537 -0.01573938 -0.01573938 0 -0.02532848 0.0892834 -0.04521683 -0.02434095 0.007452665 -0.008691994 0.09400957 -0.008691994 -0.008691994 -0.008691994 0.570762 0.0002871171 0 -0.02434095 -0.04679174 0.09115764 -0.03549712 0.006244392 0.2562575 -0.02587269 -0.02434095 -0.009526263 -0.01635182 -0.0231158 -0.003287186 -0.02185706 0.006244392 0 -0.04687819 0 -0.02392868 0.04094629 -0.004190469 -0.01449473 -0.005321869 0.05643503 -0.02399762 0 -0.01449473 0.002699605 -0.02812397 0.01830059 0 0.2603522 -0.02812397 0.09968686 -0.01483212 -0.03207693 -0.02392868 0 0.09587159 0
-0.0564599 -0.01609511 -0.03014114 -0.02460705 0 0.1191581 -0.02649052 -0.1085243 -0.0362306 -0.1085243 -0.02460705 -0.03555609 -0.1089722 -0.03014114 1.01 0 -0.02870582 -0.01609511 -0.05508302 -0.01767142 0.09751391 -0.01460632 0 -0.02790007 -0.0513834 -0.02739775 -0.02739775 0 -0.2203646 -0.1083319 0.001839303 -0.02077339 -0.1707429 -0.0341633 -0.02501881 -0.01228973 -0.03641676 -0.02174451 0 -0.0699231 -0.02112989 -0.01740153 0 -0.1102025 -0.06370802 -0.0634974 -0.114258 -0.09691565 -0.0194448 0 -0.1095545 0.1272666 0.3156982 -0.02695078 0.02381481 -0.0395039 0 -0.03138406 -0.01353078 -0.2244663 0 0 -0.2265676 0 -0.01132488 0 0 -0.1071423 -0.03026485 -0.01767142 -0.0003880965 -0.0326247 0 0.0464104 -0.02320695 -0.007938064 0 -0.08437152 -0.01673585 -0.0319331 -0.0204101 -0.03026485 -0.03178774 0 -0.02639754 -0.02639754 -0.03008274 -0.02443865 -0.01753128 -0.09975285 -0.03296994 -0.03254068 -0.04668176 0.1763915 -0.01346747 -0.05571929 -0.03436304 -0.02262527 -0.0301381 -0.04139537 -0.03230628 -0.08700156 -0.04139537 0.2687204 -0.01145909 0.1055523 0 -0.03906544 -0.02358629 0.9320245 0 0 0.1465654 0.145722 0.001769787 0.1456612 -0.01305632 -0.01305632 0 -0.01604804 -0.02694886 -0.03301281 -0.03166066 0.1690987 0.1508983 0.09966802 0.1508983 0.1508983 0.1508983 -0.0314271 -0.1305813 0 -0.03166066 -0.03663535 0.09744439 -0.03947947 0.1684212 -0.04799014 -0.05104627 -0.03166066 -0.03866745 -0.02152708 -0.02262527 0.1626459 -0.001469122 0.1684212 0 -0.03673179 0 -0.03126035 0.04012152 0.1630876 -0.02233673 -0.01403254 0.2301797 -0.03132728 0 -0.02233673 -0.01311312 -0.01130667 0.02336519 0 -0.04834616 -0.01130667 0.1281625 0.1436053 -0.03925403 -0.03126035 0 0.1265246 0
0 0 0 0 0 0 0 0 0 0 0 0 0 0 0 1.01 0 0 0 0 0 0 0 0 0 0 0 0 0 0 0 0 0 0 0 0 0 0 0 0 0 0 0 0 0 0 0 0 0 0 0 0 0 0 0 0 0 0 0 0 0 0 0 0 0 0 0 0 0 0 0 0 0 0 0 0 0 0 0 0 0 0 0 0 0 0 0 0 0 0 0 0 0 0 0 0 0 0 0 0 0 0 0 0 0 0 0 0 0 0 0 0 0 0 0 0 0 0 0 0 0 0 0 0 0 0 0 0 0 0 0 0 0 0 0 0 0 0 0 0 0 0 0 0 0 0 0 0 0 0 0 0 0 0 0 0 0 0 0 0 0 0 0 0 0 0 0 0 0 0 0
-0.04958427 -0.02293595 0.9327833 -0.01610836 0 0.1171533 -0.02032039 -0.1020683 -0.02314397 -0.1020683 -0.01610836 0.7771371 -0.1021485 0.9327833 -0.02870582 0 1.01 -0.02293595 -0.05003366 -0.01855983 -0.2105649 -0.005224365 0 -0.01831915 -0.04671255 -0.02662741 -0.02662741 0 0.0458805 -0.0985796 -0.005546255 -0.02033969 0.04976691 0.32 0.0009799003 -0.007141263 0.291636 -0.01611402 0 -0.05973149 -0.02452444 -0.09260713 0 -0.1010421 0.02496436 0.008840287 0.0563615 -0.08475982 -0.02932132 0 -0.1004657 0.1035306 -0.06224431 0.6987267 -0.01795591 -0.03507653 0 0.41239 -0.0004763717 0.04387137 0 0 0.04360562 0 -0.01400371 0 0 -0.09880148 0.3967974 -0.01855983 -0.009440726 -0.03557469 0 0.03902468 -0.02519064 -0.01787823 0 -0.07161353 -0.004337835 0.3534356 -0.01645221 0.3967974 0.3684754 0 -0.02186575 -0.02186575 0.3968738 -0.02191362 -0.009343245 0.07983669 0.01239217 0.3222914 0.2589924 0.096554 -0.01386126 -0.008848891 -0.02952356 -0.02265062 -0.02602902 -0.0350397 -0.03575169 -0.07210782 -0.0350397 -0.01976099 -0.01424962 0.09236432 0 0.008324904 -0.01399588 -0.03235348 0 0 -0.03770622 -0.03708649 -0.02145067 -0.03714101 -0.01351414 -0.01351414 0 -0.0239043 -0.03450145 -0.04043043 -0.02149266 -0.01556742 -0.03110934 0.08722224 -0.03110934 -0.03110934 -0.03110934 0.6114771 -0.02249575 0 -0.02149266 -0.04159795 0.0845595 -0.03459458 -0.01668113 0.277198 -0.01813364 -0.02149266 -0.009570379 -0.01760745 -0.02265062 -0.0250052 -0.02256183 -0.01668113 0 -0.0416796 0 -0.02110217 0.03650094 -0.02602867 -0.01553383 -0.008383495 0.02673821 -0.02116747 0 -0.01553383 0.0006531719 -0.02533196 0.01497146 0 0.281398 -0.02533196 0.08818011 -0.03641152 -0.03008164 -0.02110217 0 0.08394504 0
-0.03782175 1 -0.02512122 -0.01996283 0 -0.1187462 -0.01925378 -0.06960667 -0.02482199 -0.06960667 -0.01996283 -0.02853971 -0.06864846 -0.02512122 -0.01609511 0 -0.02293595 1.01 -0.04221132 -0.02729437 -0.1438268 -0.009305127 0 -0.01242048 -0.04013228 -0.02165406 -0.02165406 0 -0.1315515 -0.06749415 -0.01081457 -0.02534747 -0.1101515 -0.0324306 -0.02649701 -0.01392765 -0.02761105 0.03503823 0 0.05919136 -0.01723074 -0.02305842 0 -0.07020137 -0.04573113 -0.0228912 -0.07089096 -0.05910224 -0.02092212 0 -0.07060494 0.07935642 0.05436504 -0.0196798 0.0449868 -0.03203442 0 -0.02106459 -0.005695092 -0.1334914 0 0 -0.1353004 0 0.06555896 0 0 -0.06983939 -0.02284293 -0.02729437 -0.01154624 -0.01177991 0 -0.1654733 -0.01912827 -0.01349207 0 -0.0564862 -0.008742875 -0.02278377 0.03458498 -0.02284293 -0.02320463 0 -0.01383912 -0.01383912 -0.02272426 0.03461343 -0.01040936 -0.07428713 -0.02199535 0.02535072 0.0133513 0.01320099 0.6300708 -0.0395177 -0.01811722 0.07024709 -0.02147507 -0.02886796 -0.0145145 -0.05422195 -0.02886796 0.03144507 -0.002602634 0.06652586 0 -0.03229312 -0.01298119 -0.020451 0 0 -0.02960398 -0.02866469 0.04394151 -0.02870428 0.6371953 0.6371953 0 -0.01432915 -0.02363362 -0.0135288 0.04446211 -0.0119236 -0.02360645 0.06534804 -0.02360645 -0.02360645 -0.02360645 -0.02230503 -0.01827525 0 0.04446211 0.1833052 0.06571865 -0.02607589 -0.01273199 -0.03250217 0.1140525 0.04446211 -0.02917156 -0.026864 0.07024709 -0.01802474 -0.01179899 -0.01273199 0 0.1831402 0 0.0450413 0.02617819 -0.01768258 -0.0121279 -0.0165071 0.01580402 0.04494427 0 -0.0121279 -0.01451216 -0.01618102 0.01827952 0 -0.03178348 -0.01618102 -0.02071312 -0.02621857 -0.02677947 0.0450413 0 -0.02713073 0
0.9728748 -0.04221132 -0.05524934 -0.06230792 0 0.2869404 -0.01463057 -0.2499803 -0.07642259 -0.2499803 -0.06230792 -0.06744628 -0.2532382 -0.05524934 -0.05508302 0 -0.05003366 -0.04221132 1.01 -0.04864235 -0.5251423 -0.04133985 0 -0.07205454 -0.1183359 -0.0627501 -0.0627501 0 0.1855516 -0.2423141 0.005065641 -0.04332521 0.2541797 -0.07944095 -0.06949274 0.0269262 -0.06929 -0.0662203 0 -0.09633535 0.1004754 -0.0001429037 0 -0.2554336 0.8066077 0.6929792 -0.2512543 -0.219319 -0.0701271 0 -0.2447904 -0.04133575 -0.1700077 -0.03694284 -0.1814938 -0.09291821 0 -0.04483977 -0.04477028 0.1811652 0 0 0.1782076 0 -0.04855959 0 0 -0.2370305 -0.04749675 -0.04864235 -0.01862699 -0.09309523 0 0.01315831 -0.01153949 -0.0371432 0 -0.1685007 -0.03947439 -0.05698255 -0.06697925 -0.04749675 -0.05458848 0 -0.08353954 -0.08353954 -0.04801682 -0.05679319 -0.008297723 -0.1655787 -0.09941019 -0.06512901 -0.0828851 -0.1535087 -0.02385109 -0.0187723 -0.05911216 -0.05028339 -0.08274278 -0.07325791 -0.09678885 -0.09467363 -0.07325791 -0.1708476 -0.0433152 0.05006029 0 -0.1027607 -0.06509593 -0.055216 0 0 0.2260533 0.2260051 -0.07373721 0.2258655 -0.02283263 -0.02283263 0 0.2896124 -0.05237387 -0.04182955 -0.0657012 0.2518966 0.2215917 0.116985 0.2215917 0.2215917 0.2215917 -0.04743838 0.2373274 0 -0.0657012 -0.04569463 0.1141829 -0.06624628 0.2508156 -0.07716549 -0.1125453 -0.0657012 -0.05008295 -0.04621257 -0.05028339 0.2559942 -0.007827178 0.2508156 0 -0.04532714 0 -0.06474913 -0.006734452 0.256417 -0.06363721 -0.04085027 -0.1489143 -0.06490832 0 -0.06363721 -0.02027746 0.02413332 0.04393673 0 -0.07637817 0.02413332 0.1900288 0.1983618 -0.06041425 -0.06474913 0 0.1757097 0
-0.05071407 -0.02729437 -0.01996167 -0.01649213 0 0.1249728 -0.01076494 -0.1097442 -0.03198104 -0.1097442 -0.01649213 -0.02085916 -0.1099001 -0.01996167 -0.01767142 0 -0.01855983 -0.02729437 -0.04864235 1.01 0.09737942 -0.009879735 0 -0.02725281 -0.05017488 0.7577253 0.7577253 0 0.09475616 -0.105345 -0.01944255 0.9311125 0.1238569 0.6162044 0.6903856 -0.0008220834 0.5929635 -0.01669556 0 -0.07125516 -0.02415285 -0.1924058 0 -0.1127956 -0.0543267 0.3199907 -0.1100389 -0.09656279 -0.01826769 0 -0.1119556 -0.1395546 -0.05766972 -0.0165887 -0.06875517 -0.03769591 0 -0.02519144 -0.01924565 0.09454054 0 0 0.09272887 0 -0.007695257 0 0 -0.1094252 -0.02364958 0.9973781 -0.003723429 -0.03637229 0 0.04728073 -0.02893181 -0.02537177 0 -0.0872173 -0.00904481 -0.02627329 -0.0170385 -0.02364958 -0.02466473 0 -0.02581307 -0.02581307 -0.02348493 -0.02017655 -0.01459111 0.2200001 -0.03239958 -0.02242762 -0.03261831 -0.1189493 -0.02330742 0.3723924 -0.03318213 -0.003338057 -0.02057139 0.4802489 -0.03820063 -0.08759204 0.4802489 -0.07079919 -0.01130924 0.1081633 0 0.04592427 -0.01819612 -0.01427824 0 0 0.09565461 0.09550674 -0.01687838 0.09545145 -0.02305284 -0.02305284 0 -0.01499497 -0.03551511 -0.04153657 -0.01663096 -0.1189451 0.1018861 0.09799082 0.1018861 0.1018861 0.1018861 -0.01521716 0.1066502 0 -0.01663096 -0.0455881 0.09774375 0.5270007 -0.1200179 0.4769601 0.009476641 -0.01663096 -0.02634917 0.8492617 -0.003338057 -0.1269615 -0.0199404 -0.1200179 0 -0.04566961 0 -0.01620765 0.03669475 -0.1271567 -0.01700004 -0.01302316 -0.08691096 -0.01627846 0 -0.01700004 -0.005411763 -0.02482599 0.02562295 0 0.4831777 -0.02482599 0.08177667 0.09590513 0.5726482 -0.01620765 0 0.07639925 0
-0.5387523 -0.1438268 -0.1849292 -0.2775786 0 -0.2886058 0.05889281 0.4467703 0.1753673 0.4467703 -0.2775786 -0.1151643 0.4361091 -0.1849292 0.09751391 0 -0.2105649 -0.1438268 -0.5251423 0.09737942 1.01 -0.1870456 0 -0.2029421 -0.003984075 0.1250256 0.1250256 0 -0.005846901 0.4509977 -0.1026205 0.09127222 -0.004620717 0.03055743 0.110872 0.01862922 0.03534763 -0.2681663 0 -0.04654531 -0.0806816 -0.08413319 0 0.4089508 -0.4551055 -0.4293688 0.2132717 0.3831717 0.1298009 0 0.3979855 0.1707191 0.2646593 -0.1603672 0.2757969 0.1179941 0 -0.05435444 -0.2031099 -0.01609545 0 0 -0.01410843 0 -0.1374877 0 0 0.4141483 -0.0421843 0.09817672 0.03492468 0.1405146 0 0.433704 0.04549461 0.06816823 0 0.2977979 -0.1846939 -0.01141699 -0.2650004 -0.0421843 -0.02017382 0 -0.2417807 -0.2417807 -0.03529798 -0.06106751 0.03875683 0.2521167 -0.317269 -0.140674 -0.1104131 0.2183223 -0.1030494 0.03491091 0.04260819 -0.09191772 0.02531705 0.09167908 0.116313 0.1965051 0.09167908 0.272625 -0.1500115 0.03890109 0 0.0395061 -0.1990222 0.1002437 0 0 0.004288229 0.00648836 -0.01267025 0.006750767 -0.1052056 -0.1052056 0 -0.1831683 0.1047305 0.07286663 -0.02004212 -0.01655987 0.00857007 0.01103533 0.00857007 0.00857007 0.00857007 -0.1116377 -0.01870819 0 -0.02004212 0.04777223 0.01902288 0.07624104 -0.02356773 0.003428106 0.06345588 -0.02004212 0.09706385 0.09700298 -0.09191772 -0.03307178 -0.09004297 -0.02356773 0 0.04741276 0 -0.02253183 0.3714519 -0.03308051 -0.1920932 -0.003130156 0.2507543 -0.0227848 0 -0.1920932 -0.07018885 -0.02908039 -0.05587334 0 0.01205818 -0.02908039 -0.02539706 0.04191311 0.07339232 -0.02253183 0 -0.01658283 0
-0.04402732 -0.009305127 -0.003059405 0.589581 0 0.09578986 -0.0185934 -0.08841355 -0.03219762 -0.08841355 0.589581 -0.007239694 -0.08798833 -0.003059405 -0.01460632 0 -0.005224365 -0.009305127 -0.04133985 -0.009879735 -0.1870456 1.01 0 -0.01735546 0.2455832 -0.01550079 -0.01550079 0 0.08165263 -0.08527099 -0.01985956 -0.01278746 -0.1018406 -0.01373142 -0.01754661 -0.02260261 -0.0130972 0.5126145 0 0.1911067 0.3156969 0.06999717 0 -0.08740144 -0.01925057 -0.02004405 -0.07542566 -0.07916241 -0.01278723 0 -0.08521036 0.03356018 -0.06317245 0.003447738 -0.07116008 -0.02693133 0 -0.01045963 -0.003071231 0.0804573 0 0 0.07894426 0 -0.007467721 0 0 -0.08175328 -0.0130407 -0.009879735 -0.01354721 -0.03517873 0 0.0238577 -0.03506734 -0.00715885 0 -0.05825711 0.9226484 -0.02063817 0.5099878 -0.0130407 -0.01759087 0 -0.01549457 -0.01549457 -0.01290426 -0.02031205 -0.003733566 -0.06499325 0.4289323 -0.01785736 -0.01797723 -0.09297753 -0.003733566 0.2662736 -0.0158829 -0.008517962 0.4419645 -0.02246388 -0.03783138 -0.06356238 -0.02246388 -0.06815423 0.0008180768 0.08513002 0 0.318647 -0.007431991 -0.01867776 0 0 -0.09265632 -0.09276333 -0.0151662 -0.09280987 -0.003351107 -0.003351107 0 -0.01850075 -0.02420058 -0.0375751 -0.01580502 -0.08065738 -0.08669281 0.08126005 -0.08669281 -0.08669281 -0.08669281 -0.002933654 -0.08213578 0 -0.01580502 -0.03593787 0.08000077 -0.01539343 -0.08068599 -0.01282466 0.2457628 -0.01580502 -0.02113007 -0.01540279 -0.008517962 -0.08727864 -0.008815673 -0.08068599 0 -0.0360072 0 -0.01545997 0.03265764 -0.08771708 -0.006283387 -0.02094403 -0.07438918 -0.01551768 0 -0.006283387 -0.01102215 -0.02241281 0.01528086 0 -0.01365277 -0.02241281 -0.1039533 -0.09469043 -0.01556673 -0.01545997 0 -0.1105477 0
0 0 0 0 0 0 0 0 0 0 0 0 0 0 0 0 0 0 0 0 0 0 1.01 0 0 0 0 0 0 0 0 0 0 0 0 0 0 0 0 0 0 0 0 0 0 0 0 0 0 0 0 0 0 0 0 0 0 0 0 0 0 0 0 0 0 0 0 0 0 0 0 0 0 0 0 0 0 0 0 0 0 0 0 0 0 0 0 0 0 0 0 0 0 0 0 0 0 0 0 0 0 0 0 0 0 0 0 0 0 0 0 0 0 0 0 0 0 0 0 0 0 0 0 0 0 0 0 0 0 0 0 0 0 0 0 0 0 0 0 0 0 0 0 0 0 0 0 0 0 0 0 0 0 0 0 0 0 0 0 0 0 0 0 0 0 0 0 0 0 0 0
-0.06989485 -0.01242048 -0.0203983 -0.02243101 0 0.07325876 -0.0212156 -0.05726489 -0.04626825 -0.05726489 -0.02243101 -0.01734153 -0.05920951 -0.0203983 -0.02790007 0 -0.01831915 -0.01242048 -0.07205454 -0.02725281 -0.2029421 -0.01735546 0 1.01 -0.06102755 -0.03276816 -0.03276816 0 0.0722244 -0.09847379 -0.005955741 -0.02319632 0.1133822 -0.03220601 -0.02810909 -0.01561433 -0.037535 -0.01961073 0 0.1237395 -0.0304863 0.0730765 0 0.06243623 -0.01820955 -0.06543933 0.1780553 -0.09204023 -0.02421898 0 -0.09826495 -0.1384021 -0.05084178 -0.01653375 -0.05204736 0.1300773 0 -0.02705836 -0.007978375 0.009956496 0 0 0.008467979 0 -0.006094349 0 0 -0.1001381 -0.02801831 -0.02725281 -0.006079109 -0.04363391 0 -0.07561997 0.05070148 -0.01373915 0 -0.06759915 -0.01653478 -0.0351474 -0.01998169 -0.02801831 -0.02779206 0 0.5919657 0.5919657 -0.02783708 -0.0222706 -0.00923566 -0.08800775 0.419276 -0.03052061 -0.03388674 -0.09574578 -0.01332585 -0.05801848 -0.03224176 0.04582221 -0.0282037 -0.03951084 -0.0429905 -0.06945795 -0.03951084 -0.04744799 0.5171937 0.02708492 0 -0.04529075 0.6426082 -0.02927864 0 0 0.06443716 0.06495969 0.0261455 0.06489891 -0.01291454 -0.01291454 0 -0.03008763 -0.01774291 -0.04705084 0.02417419 0.08896126 0.0734535 0.0213952 0.0734535 0.0734535 0.0734535 -0.02228683 0.08115377 0 0.02417419 -0.04761449 0.01873362 -0.03427155 0.08833847 -0.0387475 -0.06528501 0.02417419 0.01810425 -0.02631115 0.04582221 0.07957514 -0.01714377 0.08833847 0 -0.04770522 0 0.02484792 -0.06753071 0.07937663 0.6564482 -0.01382998 -0.05108445 0.02473512 0 0.6564482 0.001014029 -0.02298054 0.03212601 0 -0.03752861 -0.02298054 0.06707547 0.06361199 -0.03022746 0.02484792 0 0.06583408 0
-0.1233454 -0.04013228 -0.05157161 0.4488884 0 0.2855184 -0.04250936 -0.2801607 0.6552982 -0.2801607 0.4488884 -0.002904515 -0.2821487 -0.05157161 -0.0513834 0 -0.04671255 -0.04013228 -0.1183359 -0.05017488 -0.003984075 0.2455832 0 -0.06102755 1.01 -0.07815208 -0.07815208 0 0.2808946 -0.3098824 0.1657967 -0.04897262 -0.4581343 -0.09462679 -0.09228515 -0.02624062 -0.09759381 0.4758571 0 0.7710207 0.1450124 0.1386345 0 -0.3242169 -0.1577692 0.03785351 -0.3075335 -0.2230393 -0.07535412 0 -0.3077916 0.1697604 -0.1790473 -0.02772883 -0.2013581 -0.1097046 0 -0.06296551 -0.05180479 0.2601318 0 0 0.2572656 0 0.3198305 0 0 -0.3073123 -0.06911533 -0.05220146 -0.001356183 -0.08957545 0 0.1096741 -0.03957665 -0.0474567 0 -0.2270993 0.2708285 -0.08019432 0.47317 -0.06911533 -0.01152176 0 -0.0724277 -0.0724277 -0.06376102 0.1532508 -0.04604272 -0.1965614 0.2032285 0.1409768 0.084008 -0.2326022 -0.03088379 0.01509962 -0.0790705 0.2066611 0.06496822 -0.09882121 -0.05543222 -0.2135737 -0.09882121 -0.05590065 -0.03854507 0.2920553 0 0.06310808 -0.05090876 -0.05480019 0 0 0.1667651 0.1668858 0.1157846 0.1667164 -0.03137334 -0.03137334 0 -0.04701952 -0.07244384 -0.04474126 0.123874 0.2028026 0.1618252 0.2816209 0.1618252 0.1618252 0.1618252 -0.0361126 0.1776306 0 0.123874 -0.06731403 0.2795962 -0.09300445 0.2020065 -0.09718376 -0.03472799 0.123874 0.1513467 -0.05842172 0.2066611 0.2783249 0.1010153 0.2020065 0 -0.06654627 0 0.1200666 0.1269632 0.2787953 -0.04819817 0.0414953 0.3162707 0.1205617 0 -0.04819817 0.103178 0.2339625 0.03654169 0 -0.09614554 0.2339625 0.2660821 0.1425449 -0.0847638 0.1200666 0 0.2657462 0
-0.06348527 -0.02165406 -0.02778487 -0.02665524 0 0.1566324 -0.01244756 -0.1378501 -0.05187656 -0.1378501 -0.02665524 -0.03132121 -0.1377339 -0.02778487 -0.02739775 0 -0.02662741 -0.02165406 -0.0627501 0.7577253 0.1250256 -0.01550079 0 -0.03276816 -0.07815208 1.01 1 0 0.1239529 -0.1139947 -0.02475162 0.7045501 0.1711559 0.770344 0.8638339 -0.001093942 0.7414429 -0.03153481 0 -0.05537262 -0.0312427 -0.2138944 0 -0.1239009 -0.06511156 0.2152844 -0.03166881 -0.05940095 -0.03450187 0 -0.1203887 -0.1319296 -0.01912896 -0.02232899 -0.02888102 -0.04744536 0 0.1869955 -0.02388823 0.03540309 0 0 0.06996614 0 -0.01941233 0 0 -0.1160284 0.2161787 0.759746 0.1466834 -0.04572093 0 0.06546233 -0.04383906 -0.03210862 0 -0.08262427 -0.01690785 0.1897506 -0.03194594 0.2161787 0.1991649 0 -0.03223585 -0.03223585 0.2163459 0.1956093 -0.007288812 0.2429779 -0.04455336 0.1747619 0.1283779 0.007451422 -0.02744221 0.2635952 0.1974821 -0.01306747 -0.03944085 0.5448847 -0.04901771 -0.07945785 0.5448847 -0.04440904 -0.01452799 0.06086916 0 0.01352834 -0.02753777 -0.02732633 0 0 0.1224662 0.1233896 -0.02675095 0.1233166 -0.02706972 -0.02706972 0 -0.01814194 -0.03799957 -0.05288164 0.07605198 -0.1121994 0.09938235 0.09512907 0.09938235 0.09938235 0.09938235 0.1268978 0.1073889 0 0.07605198 -0.05725393 0.09575361 0.5046053 -0.1130813 0.4532161 -0.02460447 0.07605198 -0.04420499 0.6399751 -0.01306747 -0.124381 -0.02672899 -0.1130813 0 -0.05736312 0 0.07539517 0.05456725 -0.1242616 -0.02602314 -0.01090407 -0.06605264 0.07522205 0 -0.02602314 -0.003868294 -0.03753716 -0.1238598 0 0.4584381 -0.03753716 0.1045038 0.0938285 0.4276319 0.07539517 0 0.1000393 0
