1.01 -0.01139285 -0.01478711 0.01858333 -0.01291172 0.1398595 0.1591069 0.1535554 0 -0.02930081 -0.01861202 -0.01425992 0 0.05222722 0.03830149 0 0.01060985 -0.01139285 -0.009729572 -0.006759187 0 -0.001400047 -0.007785425 -0.009173505 -0.01169638 -0.01730501 -0.04518255 -0.04595073 -0.01167212 -0.01586238 -0.04397905 0.09416962 -0.04307359 0.08877317 -0.04879519 0.08247736 -0.0200067 -0.01136112 -0.04525177 -0.01917672 0 -0.01610141 -0.03228712 0 0 -0.01270482 0.03870769 -0.005648853 -0.02476045 -0.01818446 -0.0002001699 -0.01917926 -0.0002001699 0.1177372 -0.01336936 0.03337518 0.0002281219 0 -0.006570144 -0.01818446 0 -0.008248005 0.1124718 -0.08089191 -0.04847648 0 -0.01794316 0 -0.03028369 -0.01964007 -0.001757835 0.001684886 -0.06103641 -0.01398638 -0.02416114 0.01979629 0.02445998 0 -0.03391143 0 0.03410472 -0.02375715 -0.01789239 0.1109588 -0.01479984 -0.01723349 0 -0.01818446 0 -0.01084371 0 -0.01142747 -0.005586302 0.01052699 -0.07631472 -0.07637764 -0.01486101 -0.01309996 9.742212e-05 -0.009881605 9.742212e-05 -0.07583113 -0.01074216 -0.01283898 -0.02205173 0.02893046 0 -0.01152732 0 -0.007212455 -0.007183483 -0.02801525 -0.008756393 -0.01855489 0.003904065 -0.02569015 -0.02527912 -0.02544837 0.05568927 0 -0.02137971 0.01607927 -0.01032194 -0.002864605 -0.01098255 -0.007583195 -0.007704538 -0.03291255 -0.01082646 -0.01535162 -0.01897021 -0.006615021 -0.01309012 -0.01032194 -0.01098255 -0.01677447 0.1040815 -0.01098255 -0.01667955 -0.02665843 -0.02042376 -0.008507354 -0.0173371 -0.02453888 -0.01145437 -0.01585347 -0.02093041 -0.0215379 -0.01714192 -0.007897648 -0.01412957 -0.01412957 -0.01836909 0 0.220373 -0.01412957 -0.01412957 -0.0181537 -0.01667464 -0.01662456 -0.01781476 -0.03980147 0 -0.009334883 -0.01070929 -0.02225007 -0.01648792 -0.01215172 0.09983376 -0.02019069 -0.01612206 -0.0158385 -0.02144451 -0.007430657 -0.01109259 -0.00952669 -0.01355118 -0.002724155 0.02618259 0.0182688 -0.0137176 0.1045228 -0.00353439 0.0447537 0.1019982 0.1281695 -0.007960752 -0.01319886 0.1098622 0.05775511 -0.01813505 0.1056564 0.1235314 0.01928225 -0.01209721 -0.01340903 0.1059633 -0.0181537 0.1039857 -0.005563214 0.1074955 0.1290289 -0.03310929 0.1036164 0 0.1191731 0.1191602 0.00176577 0.01663546 0.1639129 -0.002387774 -0.01969553 -0.01969553 0.1036164 0 -0.02343538 -0.02056595 -0.01314519 0.106514 0.1587872 0.106514 0.122601
-0.01139285 1.01 -0.009296066 -0.0411946 -0.01998307 -0.03782389 -0.03188625 -0.03193257 0 -0.03398134 -0.03110659 -0.01263243 0 -0.09449996 0.0365392 0 -0.006843887 1 0.0002821658 -0.0152576 0 -0.02651775 -0.01530307 -0.03192748 0.001047453 -0.01328767 0.1183043 0.1189801 -0.003540946 -0.01334186 0.1313501 -0.06578923 0.1152622 -0.06800574 0.116096 -0.06822491 -0.0273382 -0.0138855 0.1148442 0.1699644 0 -0.01822932 -0.03142889 0 0 -0.006610959 0.03485155 -0.0130646 -0.02541957 -0.01448402 -0.003855205 -0.006015078 -0.003855205 -0.02157146 -0.01272258 0.03513713 -0.003430824 0 -0.01396949 -0.01448402 0 -0.02315535 -0.02450206 0.03771087 -0.05000603 0 -0.02353107 0 -0.04314151 -0.01154163 -0.02338292 -0.007632075 0.07884758 -0.01827158 -0.01390745 0.1005617 0.1031163 0 -0.02763853 0 -0.1515166 -0.02516458 -0.01589864 -0.01721102 -0.0251825 -0.03228957 0 -0.01448402 0 0.3515478 0 0.4445191 -0.007950578 -0.01092617 0.03130134 0.03121421 -0.02523623 -0.02021239 0.004434002 -7.800039e-05 0.004434002 0.03348351 -0.008625744 -0.004480835 -0.02330378 0.02367681 0 -0.01060632 0 0.06622063 0.06625671 -0.02772092 0.0018029 -0.02084125 -0.00493967 0.2404662 0.2282536 -0.01637229 0.003713268 0 -0.01258126 -0.001008153 -0.01782019 -0.0202878 -0.01830084 -0.02554892 0.160262 -0.01843575 -0.02858516 -0.02816968 -0.02945377 -0.01738571 -0.01732743 -0.01782019 -0.01830084 -0.01456854 -0.05741654 -0.01830084 -0.01445417 -0.02200673 -0.02152891 -0.01911017 -0.01333175 -0.01521527 -0.02210134 -0.01078037 -0.02165224 -0.02231962 -0.007383062 -0.008561628 -0.01634762 -0.01634762 -0.0208811 0 -0.02361358 -0.01634762 -0.01634762 -0.01444257 -0.01534763 -0.02190515 -0.01721806 -0.05146401 0 -0.01227814 -0.01853178 -0.03482003 -0.01373956 -0.01032299 -0.05290138 -0.01663622 -0.01882616 -0.01606169 -0.01462513 -0.0272601 0.4479426 -0.0292394 -0.03311913 -0.01052968 0.001431479 0.01685059 -0.00945937 -0.05266477 -0.02726516 -0.04327693 -0.05141526 -0.03934429 -0.0314476 -0.01578647 -0.0522221 -0.03912832 -0.01422929 -0.02931517 -0.02651437 0.05930541 -0.01142577 -0.008694535 -0.03039473 -0.01444257 -0.05446534 -0.0237513 -0.04716259 -0.04157109 -0.04402175 -0.05472981 0 -0.04633273 -0.04635089 -0.006766019 0.01513047 -0.0328687 -0.01082143 -0.02145462 -0.02145462 -0.05472981 0 0.3024397 -0.0152043 -0.01736795 -0.05354665 -0.03494 -0.05354665 -0.04524359
-0.01478711 -0.009296066 1.01 -0.07395679 -0.01885823 0.03744809 -0.07609804 -0.07803051 0 -0.06164841 -0.0360994 -0.04314481 0 0.1276247 0.08366716 0 -0.01496746 -0.009296066 -0.02170866 -0.0150188 0 -0.03823792 -0.02474754 -0.05602225 -0.02598602 -0.02274818 0.2383714 0.2405558 -0.03030474 0.003960804 0.2598276 -0.1227139 0.2218963 -0.1245668 0.1986736 -0.1318157 -0.03573003 -0.02974742 0.2223058 0.321192 0 -0.0294663 -0.0683989 0 0 0.93643 0.06731855 -0.01833566 -0.03361254 -0.01774029 -0.03089866 -0.02131552 -0.03089866 -0.09608974 -0.04241292 0.05925312 -0.03027099 0 -0.02106945 -0.01774029 0 -0.02004729 0.1353982 -0.08793806 -0.03598335 0 0.1291244 0 -0.06469847 -0.015398 -0.04275025 -0.02002025 -0.01751099 -0.03098368 -0.04540016 0.1510084 0.1661172 0 -0.07035676 0 0.06702048 -0.04315501 -0.006866644 0.1384032 -0.03119745 -0.04631589 0 -0.01774029 0 0.1644889 0 -0.01876456 -0.02302945 -0.02625852 -0.08288086 -0.08218909 -0.03133761 -0.03378068 -0.009214158 -0.01919622 -0.009214158 -0.07341567 -0.01483987 -0.01856945 -0.05008851 0.06344959 0 -0.02753644 0 -0.06303253 -0.06297042 -0.04705187 0.3142155 -0.0271511 -0.01154344 -0.04002063 -0.03856163 0.4777144 -0.0103446 0 0.5976641 -0.01365823 -0.03298198 -0.0261865 -0.03653346 -0.05640975 -0.06913001 0.07915964 -0.05140647 -0.0500122 -0.05482017 -0.03797969 -0.03786072 -0.03298198 -0.03653346 -0.007522485 -0.0711536 -0.03653346 -0.007213744 -0.04194199 -0.04309626 -0.04148884 -0.0228476 0.4833268 -0.03968504 -0.03541745 -0.04650266 -0.04787105 -0.01925775 -0.01773478 -0.04436643 -0.04436643 -0.04941643 0 -0.04940247 -0.04436643 -0.04436643 -0.01763543 -0.03982777 -0.0490345 -0.04477976 -0.05802883 0 -0.03086736 -0.03277024 -0.006968017 -0.04448394 -0.01424689 -0.1118087 -0.04496077 -0.02072461 -0.04856111 -0.02276921 -0.05864487 -0.008996634 -0.06006016 -0.06265819 -0.01800026 -0.008696459 0.04961186 0.005320722 -0.1094989 -0.06301524 -0.07852822 -0.1025148 -0.07840392 -0.05675065 -0.02315223 -0.1069755 -0.07775621 -0.0321808 -0.05079099 -0.04193192 -0.1159022 -0.03876504 -0.03261231 -0.06001399 -0.01763543 -0.1117756 -0.05986846 -0.105142 -0.07623794 -0.05178549 -0.1110173 0 -0.09724718 -0.09728483 -0.004041522 0.05590798 -0.06154723 -0.01707777 -0.03726288 -0.03726288 -0.1110173 0 -0.02556984 0.5709808 -0.03056677 -0.1090685 -0.06621511 -0.1090685 -0.09553847
0.01858333 -0.0411946 -0.07395679 1.01 -0.06569685 0.5049143 0.6149628 0.600756 0 -0.1960228 0.2894557 -0.1011646 0 0.06619889 0.2039728 0 -0.04538209 -0.0411946 0.01700071 -0.04003352 0 -0.09474393 -0.0543079 -0.03069545 -0.06926082 -0.05672541 -0.2040888 -0.2066252 -0.0990281 -0.1437202 -0.1941946 0.4441414 -0.2401064 0.4345702 -0.2365372 0.4112832 -0.1256269 -0.07507392 -0.235382 -0.1465911 0 0.06859834 -0.145053 0 0 -0.06671239 0.1587216 -0.06204968 0.07479585 -0.04678464 0.2184188 -0.05951111 0.2184188 0.3577507 -0.06262539 0.02767844 0.2225309 0 -0.07555441 -0.04678464 0 -0.008101973 0.43574 -0.2872294 -0.1355099 0 -0.0679769 0 -0.1313264 0.001884381 -0.01060785 -0.04951366 -0.1738833 -0.1035241 -0.1215302 0.001740105 -0.08014644 0 -0.1446831 0 0.1601186 -0.1472831 0.3156947 0.3252433 0.04667454 0.1240075 0 -0.04678464 0 -0.07519187 0 -0.04721764 -0.05975244 -0.05933954 -0.1756369 -0.180507 0.04611828 -0.09330453 -0.04877052 -0.04206664 -0.04877052 -0.2148039 0.09915667 -0.05760126 -0.07442736 0.1715499 0 -0.03642053 0 0.06465795 0.06483961 -0.1571954 -0.04188417 0.06359013 -0.0596251 -0.0002895924 -0.0126689 -0.09044874 -0.05133533 0 -0.07569749 -0.05058824 -0.1010138 -0.1064956 -0.0947751 -0.06687651 -0.07024584 0.07769067 -0.1470513 0.02685719 0.07488625 -0.09610165 -0.09577666 -0.1010138 -0.0947751 0.3385719 -0.05048207 -0.0947751 0.3396287 -0.06593808 0.06940851 -0.1069354 -0.05700007 0.04342594 -0.05011208 0.06920098 0.07427244 0.07083242 -0.05230262 -0.003221258 -0.1190059 -0.1190059 -0.1263555 0 -0.05580544 -0.1190059 -0.1190059 -0.04650146 -0.1069686 -0.06159851 -0.1203133 0.08306623 0 -0.08168587 0.06954097 0.06451757 0.02463143 0.3257631 -0.09022755 -0.118936 0.3823138 -0.1206253 0.05492113 0.01741754 -0.03746319 -0.004405272 -0.01474369 -0.05617105 -0.0293809 0.1342136 -0.06107493 -0.1753301 0.02378152 -0.0712701 -0.1493476 -0.1757965 0.02167659 -0.07515084 -0.1323499 -0.1719563 -0.1121784 -0.1371208 -0.1332781 0.1063988 -0.02214156 -0.02637893 -0.08118653 -0.04650146 -0.1417755 0.01644293 -0.1187447 -0.1704118 -0.01060853 -0.1422731 0 -0.08732307 -0.08742017 -0.04790909 0.1565925 -0.1134042 -0.0498546 -0.1192833 -0.1192833 -0.1422731 0 0.08220594 -0.06889463 -0.1009913 -0.1337459 -0.1257004 -0.1337459 -0.07778951
-0.01291172 -0.01998307 -0.01885823 -0.06569685 1.01 -0.07292289 -0.06916277 -0.07123767 0 -0.0002264422 -0.03184538 -0.03137305 0 0.08719745 0.06037028 0 -0.01389957 -0.01998307 -0.002800258 -0.01221536 0 0.437907 -0.007928052 0.3666111 -0.02357019 -0.006797721 0.1954568 -0.0231288 -0.02902378 -0.0361177 -0.02650519 0.0778471 -0.08273343 0.07611429 -0.03404921 0.06966797 -0.04075597 -0.009259232 0.1781299 0.1808397 0 -0.01197557 -0.05499933 0 0 -0.02008221 -0.02782285 -0.02591359 0.03519091 -0.0254643 -0.01439603 -0.0184961 -0.01439603 -0.08325536 -0.02856773 0.05432438 -0.01641253 0 -0.01778637 -0.0254643 0 -0.02475539 -0.09452294 0.07152546 -0.07688323 0 -0.03707472 0 -0.05024303 -0.02845335 0.3569089 -0.01507553 -0.02139427 -0.03653535 -0.03251109 -0.09159744 -0.08854651 0 -0.05453018 0 -0.01336269 -0.0455308 -0.02380461 -0.090798 -0.01984616 0.2756369 0 -0.0254643 0 -0.02654752 0 -0.02331834 -0.02047809 -0.0200263 0.1174176 0.1168907 -0.01996185 0.08911493 -0.012746 -0.01764211 -0.012746 0.1205473 -0.01365362 -0.01961787 -0.04124327 0.04717617 0 -0.01601141 0 -0.04334611 -0.04329723 0.033193 -0.01948973 -0.02760697 -0.01267851 -0.03892809 -0.04022678 -0.02986276 -0.01351964 0 -0.02387016 -0.01537058 0.08217824 0.3193505 0.08776595 -0.03652262 -0.0434321 -0.03356321 -0.04301238 -0.04275787 -0.04271022 0.08175925 0.08195105 0.08217824 0.08776595 -0.02158771 -0.02877778 0.08776595 -0.02139637 -0.03182493 0.04263471 0.07724802 -0.006894009 -0.02229317 -0.03374635 -0.0210737 0.04873901 0.04694685 -0.01284884 0.008090309 0.06795572 0.06795572 0.06417771 0 0.04363235 0.06795572 0.06795572 -0.02540038 0.07630409 0.05548674 0.06250541 -0.01332593 0 -0.00169941 0.2611774 -0.04426023 -0.02764861 -0.0217781 0.1042325 0.1744776 -0.01910936 0.1605609 -0.02966053 0.1486453 -0.02275289 0.1447177 0.1262442 -0.01170772 -0.01499403 0.04616331 -0.02913867 0.1532157 0.1480583 0.09497595 0.1506092 0.05579718 0.14976 0.002649935 0.1028744 0.05883674 0.07115396 0.04171338 0.05129533 -0.0673375 0.08897201 -0.02263899 0.04050277 -0.02540038 0.1522944 0.1441947 0.1590874 0.05643726 -0.06299782 0.1516712 0 0.1227855 0.1227608 -0.004841892 0.04736382 0.01617635 -0.001078233 0.07022378 0.07022378 0.1516712 0 -0.02558317 -0.02195915 0.08490495 0.1558197 0.01789124 0.1558197 0.1281997
0.1398595 -0.03782389 0.03744809 0.5049143 -0.07292289 1.01 0.829297 0.7969172 0 -0.2239867 0.1066432 -0.1186013 0 0.105448 0.2718868 0 -0.04630267 -0.03782389 0.152784 -0.05181244 0 -0.1321542 0.222983 -0.01380501 -0.0882322 -0.07226871 -0.1571535 -0.1520198 -0.1152209 -0.1644622 -0.1345426 0.4825781 -0.2443589 0.4526773 -0.2119425 0.4236662 -0.1399129 -0.08659271 -0.2634372 -0.1702922 0 -0.07641145 -0.1322045 0 0 0.05045441 0.1758511 -0.07159082 0.04418909 -0.06175417 0.05672643 -0.07079346 0.05672643 0.4763734 0.2798495 0.06390075 0.05066056 0 -0.07168313 -0.06175417 0 -0.09170466 0.5572142 -0.3460404 -0.03543108 0 -0.05226912 0 -0.2116957 -0.01797439 -0.1253905 -0.04602353 -0.1819994 -0.1089979 -0.06250884 0.002048006 0.09238588 0 -0.1625197 0 0.2038875 -0.1659613 0.2842539 0.4542323 -0.08828139 0.01092348 0 -0.06175417 0 0.08427731 0 -0.04808893 -0.05644303 -0.05880272 -0.2711377 -0.2751115 -0.08942785 -0.1114258 -0.05768895 -0.05001279 -0.05768895 -0.3147247 0.171477 -0.06626596 -0.1662297 0.2013531 0 0.05627744 0 0.008418801 0.008377966 -0.1778498 0.1727366 -0.07205119 -0.0522474 -0.1105642 -0.1169118 -0.08287694 -0.04953908 0 -0.05830291 -0.04889334 -0.1163378 -0.1115082 -0.1133776 -0.1808626 -0.1817626 0.1691461 -0.1530129 0.0932111 0.1735991 -0.1140796 -0.1148528 -0.1163378 -0.1133776 0.2618119 -0.04055371 -0.1133776 0.2628525 -0.1229671 0.01557296 -0.1230796 -0.07258079 0.07489994 -0.1445237 0.03406955 0.01229068 0.007962682 -0.06887606 -0.005921748 -0.141256 -0.141256 -0.1500105 0 -0.05391781 -0.141256 -0.141256 -0.06143299 -0.1318185 -0.1575161 -0.1441163 -0.01770143 0 0.01384694 0.03170532 -0.03521885 0.3507283 0.2483025 -0.2045412 -0.1405728 0.1995741 -0.1445169 -0.04225229 -0.1358867 -0.007130637 -0.1573455 -0.1639216 -0.06810502 -0.02575331 0.1292359 0.2486658 -0.2764154 -0.132217 -0.1945245 -0.2726672 -0.2058785 -0.1377756 -0.08130269 -0.2665866 -0.2126958 -0.1301844 -0.1709509 -0.1452636 -0.01952893 -0.1064238 -0.119069 -0.114379 -0.06143299 -0.2795134 -0.1371812 -0.2529497 -0.1996584 -0.007692686 -0.2800297 0 -0.2214975 -0.2216141 -0.0587283 0.1455182 -0.1337187 -0.05798332 -0.1396262 -0.1396262 -0.2800297 0 0.09937692 -0.05369436 -0.1225538 -0.2696802 -0.1471661 -0.2696802 -0.21136
0.1591069 -0.03188625 -0.07609804 0.6149628 -0.06916277 0.829297 1.01 0.9642013 0 -0.1933893 0.1507378 -0.09675436 0 0.199139 0.2305251 0 -0.04166769 -0.03188625 -0.03596052 -0.04203253 0 -0.1180925 -0.05208674 -0.1324357 -0.07526532 -0.05581696 -0.2774463 -0.2741936 -0.09857253 -0.1410572 -0.2465734 0.5415652 -0.2929582 0.5108653 -0.2774632 0.4850438 -0.1186197 -0.07119881 -0.2988372 -0.2133704 0 -0.06013465 -0.1943969 0 0 -0.06818854 0.1652381 -0.05443463 0.08859809 -0.04667193 0.07340424 -0.05739108 0.07340424 0.5015503 0.3386579 0.01939475 0.075909 0 -0.06597361 -0.04667193 0 -0.07867116 0.5851537 -0.3819369 -0.0708729 0 -0.08862025 0 -0.1743862 0.002224212 -0.115409 -0.04146833 -0.2396975 -0.09530046 -0.126547 0.05409987 0.02940397 0 -0.1843052 0 0.1748764 -0.1399768 0.3330156 0.4628423 -0.07134986 0.05083625 0 -0.04667193 0 -0.06113599 0 -0.03505752 -0.04613599 -0.05227482 -0.2966156 -0.3005311 -0.07174408 -0.09292617 -0.05087265 -0.03605672 -0.05087265 -0.3174749 0.08903564 -0.05110335 -0.1362372 0.1756133 0 0.03821541 0 0.04583953 0.04602014 -0.1521472 -0.03303241 -0.05323596 -0.04873833 -0.08656142 -0.09263404 -0.0923601 -0.04102496 0 -0.07817343 -0.04419901 -0.09785871 -0.1002987 -0.09429281 -0.1511411 -0.1569035 0.0754994 -0.1364791 0.1337332 0.1726705 -0.09351075 -0.09446304 -0.09785871 -0.09429281 0.3055667 0.02243674 -0.09429281 0.3065007 -0.06359566 0.05797363 -0.1038435 -0.05609344 0.00253953 -0.113484 0.06206769 0.05523747 0.05199569 -0.06081352 -0.004856505 -0.1198155 -0.1198155 -0.1289361 0 -0.02191114 -0.1198155 -0.1198155 -0.04638829 -0.1103695 -0.135053 -0.1227403 0.04313429 0 -0.07622591 -0.003677442 -0.01299884 0.3409264 0.2935593 -0.163496 -0.1191447 0.2413201 -0.1230567 -0.0619204 -0.09835081 0.00495081 -0.1204965 -0.1224057 -0.05611385 -0.02896033 0.1317617 0.3015427 -0.2086664 -0.09532583 -0.1448816 -0.2106907 -0.1580829 -0.09990317 -0.07400596 -0.2009274 -0.1669389 -0.1101544 -0.1410559 -0.1179678 0.01978636 -0.08978233 -0.09932752 -0.08485768 -0.04638829 -0.2116129 -0.100294 -0.1898476 -0.1540095 0.00711808 -0.2123144 0 -0.1616827 -0.1617816 -0.04809125 0.1432745 -0.09653516 -0.04511905 -0.1178535 -0.1178535 -0.2123144 0 0.05272832 -0.07309564 -0.104878 -0.2033129 -0.1068186 -0.2033129 -0.152768
0.1535554 -0.03193257 -0.07803051 0.600756 -0.07123767 0.7969172 0.9642013 1.01 0 -0.2018439 0.1525616 -0.1013951 0 0.1735697 0.1962691 0 -0.04553688 -0.03193257 -0.03741918 -0.04347717 0 -0.1207209 -0.05363053 -0.1358175 -0.08015747 -0.05867754 -0.2894224 -0.2862699 -0.0264453 -0.146493 -0.2586673 0.5282233 -0.3064301 0.496768 -0.2902105 0.470734 -0.1230587 -0.07365138 -0.312141 -0.2219485 0 -0.0627986 -0.1540091 0 0 -0.07031222 0.1764243 -0.05758942 0.08642421 -0.04907733 0.06680586 -0.06215336 0.06680586 0.4877911 0.3240827 0.02034985 0.06935886 0 -0.06857499 -0.04907733 0 -0.08130527 0.5707201 -0.3980868 -0.05145722 0 -0.09336509 0 -0.1826769 -0.002026046 -0.1199575 -0.04261177 -0.2136524 -0.09928147 -0.06776173 0.07892844 0.01743114 0 -0.1452691 0 0.1808775 -0.1461644 0.3409876 0.4819162 -0.07428462 0.04997639 0 -0.04907733 0 -0.06277564 0 -0.03739874 -0.04925831 -0.05436919 -0.310226 -0.314313 -0.07469385 -0.09008274 -0.05086434 -0.03759306 -0.05086434 -0.3294868 0.08611566 -0.0535395 -0.139113 0.1803553 0 0.03168011 0 0.05743289 0.0576211 -0.1591725 -0.03542188 -0.0562062 -0.04967905 -0.0899598 -0.096432 -0.09893824 -0.04142885 0 -0.08191433 -0.0482087 -0.09603995 -0.1020181 -0.09203729 -0.1544686 -0.1612834 0.07651645 -0.1373896 0.1230814 0.1609042 -0.09160365 -0.09250986 -0.09603995 -0.09203729 0.3162098 0.005231895 -0.09203729 0.3172328 -0.07070945 0.0641217 -0.1018702 -0.05896353 -0.003223541 -0.1152529 0.05336826 0.06122061 0.05770053 -0.06112984 -0.002727996 -0.1192337 -0.1192337 -0.1293797 0 -0.02993239 -0.1192337 -0.1192337 -0.04878365 -0.1096639 -0.1362593 -0.1229677 0.03723134 0 -0.07948857 -0.008831701 -0.02355318 0.3268121 0.3034577 -0.1739636 -0.1192316 0.2486984 -0.1226734 -0.06664998 -0.1042005 0.002795901 -0.1261708 -0.1288381 -0.05666189 -0.03146244 0.1375929 0.2876823 -0.2176738 -0.1013694 -0.1271556 -0.2220016 -0.1647625 -0.1063903 -0.07796538 -0.210686 -0.1727817 -0.1106722 -0.1503674 -0.1255319 0.002821244 -0.09359189 -0.1017674 -0.08855593 -0.04878365 -0.222097 -0.1069101 -0.2009075 -0.1608683 -0.0069128 -0.2228753 0 -0.172533 -0.1726359 -0.04728081 0.0955868 -0.1043533 -0.04479852 -0.1183315 -0.1183315 -0.2228753 0 0.0497104 -0.07656525 -0.1033636 -0.2137601 -0.1138989 -0.2137601 -0.1626675
0 0 0 0 0 0 0 0 1.01 0 0 0 0 0 0 0 0 0 0 0 0 0 0 0 0 0 0 0 0 0 0 0 0 0 0 0 0 0 0 0 0 0 0 0 0 0 0 0 0 0 0 0 0 0 0 0 0 0 0 0 0 0 0 0 0 0 0 0 0 0 0 0 0 0 0 0 0 0 0 0 0 0 0 0 0 0 0 0 0 0 0 0 0 0 0 0 0 0 0 0 0 0 0 0 0 0 0 0 0 0 0 0 0 0 0 0 0 0 0 0 0 0 0 0 0 0 0 0 0 0 0 0 0 0 0 0 0 0 0 0 0 0 0 0 0 0 0 0 0 0 0 0 0 0 0 0 0 0 0 0 0 0 0 0 0 0 0 0 0 0 0 0 0 0 0 0 0 0 0 0 0 0 0 0 0 0 0 0 0 0 0 0 0 0 0 0 0 0 0 0 0 0 0 0 0 0 0 0 0 0 0 0 0 0 0 0 0 0 0 0 0 0
-0.02930081 -0.03398134 -0.06164841 -0.1960228 -0.0002264422 -0.2239867 -0.1933893 -0.2018439 0 1.01 -0.1003438 -0.09245122 0 0.345358 0.2410785 0 0.008900692 -0.03398134 -0.009622647 0.07879786 0 -0.1048443 -0.05661712 -0.1266847 -0.07226826 -0.05089929 0.638626 0.6481015 -0.09716216 0.077064 0.6046069 -0.253581 0.5279349 -0.236408 0.4947274 -0.2494259 0.5942333 -0.05697772 0.6112577 -0.001664759 0 -0.05467734 -0.1670122 0 0 -0.06133648 -0.5682932 -0.06577659 0.3840654 0.2806345 0.05144582 0.2312843 0.05144582 -0.2647252 -0.06956141 0.1729904 0.05201557 0 -0.05851655 0.2806345 0 0.2881437 -0.2862942 0.2950222 0.002347643 0 0.1069947 0 0.5082713 0.2521449 -0.03970046 -0.03367862 -0.001137264 0.4437399 0.02192671 -0.2306058 -0.1669958 0 -0.09290367 0 0.07009699 0.6529454 -0.07688563 -0.2296949 -0.08382349 -0.09095764 0 0.2806345 0 -0.07391528 0 -0.06113404 -0.04485779 0.03660849 0.3011838 0.3219524 -0.08420993 -0.04626069 -0.03129086 0.239609 -0.03129086 0.3289102 0.02464448 0.2047371 -0.1390336 0.0981729 0 -0.07693375 0 -0.01147127 -0.01129089 0.670385 -0.006600379 0.2068533 0.07116798 0.0595338 0.0947779 -0.09884419 -0.03023295 0 -0.07415291 0.005987776 8.704069e-06 -0.08838332 -0.04852581 -0.1076055 -0.05739912 -0.124493 0.04510029 0.01847871 -0.002992112 -0.05693544 -0.05719393 8.704069e-06 -0.04852581 -0.07160306 0.5098971 -0.04852581 -0.07091856 -0.04614935 0.03589662 -0.05594653 -0.05119121 -0.09042683 -0.1097292 -0.06964252 -0.09671982 -0.09783681 0.2672701 0.06732215 -0.06803345 -0.06803345 -0.08327373 0 0.4367756 -0.06803345 -0.06803345 0.27926 -0.06183425 -0.03565292 -0.02635606 -0.05306169 0 0.007765254 -0.10634 -0.03790196 -0.08473043 -0.07138011 0.2274403 -0.05357841 -0.07113137 -0.04812996 0.01374261 -0.1158995 -0.04479683 -0.1236206 -0.001738455 -0.03884125 0.0583176 0.1149225 -0.07483511 0.232849 -0.1172745 -0.01705527 0.1983032 0.3595778 -0.1149721 0.3178747 0.1911686 0.3610662 -0.07297086 0.2220663 0.1440911 0.08263369 -0.04368318 -0.09715775 0.08757803 0.27926 0.2162835 -0.1212767 0.1944187 0.3759481 0.04553442 0.2160123 0 0.2651948 0.2653943 0.05785029 0.05594545 0.4740209 -0.05303569 -0.07318017 -0.07318017 0.2160123 0 -0.06747582 -0.06871645 -0.06016603 0.2270103 0.4595851 0.2270103 0.2777826
-0.01861202 -0.03110659 -0.0360994 0.2894557 -0.03184538 0.1066432 0.1507378 0.1525616 0 -0.1003438 1.01 -0.06782895 0 -0.3403487 0.1172672 0 0.3494115 -0.03110659 -0.02851694 -0.02420488 0 -0.01915576 -0.02488676 -0.03352241 -0.05219368 -0.02210082 -0.1568314 -0.07065601 -0.05477768 -0.1023823 -0.1629732 0.2826462 -0.168055 0.2746843 -0.1771293 0.2630453 -0.07884972 -0.03297491 -0.1748112 -0.1102246 0 0.04607314 -0.07333262 0 0 -0.02940154 0.1172487 -0.04980456 0.3969963 -0.04384847 -0.0323852 -0.03229829 -0.0323852 -0.1465767 -0.04034796 -0.2664119 -0.03125834 0 -0.04947588 -0.04384847 0 -0.04056748 0.1307018 -0.08410967 -0.02987212 0 -0.0888621 0 0.1710254 0.03254567 -0.02430759 -0.02363844 -0.1492081 -0.05747039 -0.05858744 0.09767469 -0.09916021 0 -0.06542493 0 0.07943059 -0.07838826 0.611102 -0.1534944 0.5130711 0.2772141 0 -0.04384847 0 -0.0536728 0 -0.05244226 -0.03324045 -0.03023762 0.2115558 0.2081844 0.5073584 -0.06204104 -0.03603737 -0.02913027 -0.03603737 0.1320738 -0.03675383 -0.03480861 -0.03015473 -0.005136974 0 -0.04644545 0 -0.1020584 -0.1019635 -0.0816349 -0.02293545 0.153185 -0.03631538 0.3382249 0.313071 -0.0404115 -0.03733893 0 -0.03745307 0.3174031 -0.06777025 -0.0570977 -0.06189773 -0.0476334 -0.08449573 0.2686522 -0.07719452 -0.05259065 -0.06039193 -0.06154263 -0.06234835 -0.06777025 -0.06189773 0.5720714 0.01781711 -0.06189773 0.5743953 -0.05577997 0.2275199 -0.06681706 -0.02227495 0.005112981 -0.01569465 -0.03038645 0.2441576 0.2401358 -0.04075531 -0.01555348 -0.06383502 -0.06383502 0.08496427 0 -0.05863444 -0.06383502 -0.06383502 -0.04371348 -0.05790965 -0.07090381 -0.06303617 0.1164497 0 0.2115447 -0.06848008 0.1144243 -0.04820136 0.5555505 -0.1704839 -0.05950803 0.482214 -0.03148988 0.1089596 -0.09836257 -0.03647231 -0.1015319 -0.1158431 -0.02608284 0.1694647 0.07673942 -0.03920735 -0.1530867 -0.09203213 -0.1218027 -0.1638205 -0.116738 -0.09537469 -0.04244467 -0.1531313 -0.1145639 -0.05750799 -0.05384349 -0.06592049 0.02015414 0.0949259 -0.05834696 -0.07079825 -0.04371348 -0.1719705 -0.0964838 -0.1639291 -0.1142926 -0.06674808 -0.1719426 0 -0.1487548 -0.1488125 -0.04287356 0.0919139 -0.0897062 -0.02586685 -0.06128062 -0.06128062 -0.1719426 0 0.001520613 -0.03843171 -0.04872398 -0.1678562 -0.09537549 -0.1678562 -0.1435886
-0.01425992 -0.01263243 -0.04314481 -0.1011646 -0.03137305 -0.1186013 -0.09675436 -0.1013951 0 -0.09245122 -0.06782895 1.01 0 0.0554752 0.1150179 0 -0.01812757 -0.01263243 -0.03022433 0.05831483 0 -0.05577922 -0.03081454 -0.06951446 0.6990002 -0.02582943 -0.1542497 -0.154453 -0.05246092 0.6463433 0.2447169 -0.132973 0.216441 -0.1790928 0.1473577 -0.1913739 -0.04071637 -0.03827056 0.3086955 0.4222356 0 -0.03950775 -0.09922493 0 0 -0.03936645 0.009744544 0.3572487 -0.07982091 -0.01138696 -0.03259673 -0.03293614 -0.03259673 -0.1348555 -0.03990984 0.09608174 -0.03008292 0 -0.04491613 -0.01138696 0 -0.04085521 -0.1542903 0.1993554 -0.1502009 0 0.5885257 0 -0.06004474 -0.01569063 -0.06275247 -0.03045724 0.1977703 -0.04560044 -0.06012967 -0.008753624 -0.09455452 0 -0.1008466 0 0.04257723 -0.02952494 -0.04731794 -0.04984431 -0.05091137 -0.0844659 0 -0.01138696 0 -0.04576961 0 -0.03687607 -0.03591977 -0.03039756 0.08535421 0.08357739 -0.04468401 -0.05350596 0.3722602 -0.0286564 0.3722602 0.09029262 -0.01998935 -0.03468335 -0.07624145 0.08228946 0 0.04130739 0 0.0648905 0.06498796 -0.04076365 -0.0314891 -0.02273348 -0.03268798 -0.05808393 -0.03172211 -0.02897002 0.3653707 0 -0.01431626 -0.01877995 -0.05701331 -0.04812995 -0.05501999 -0.08557928 -0.09183821 -0.07247014 -0.02284702 0.4412349 0.4045066 -0.05470475 -0.05453758 -0.05701331 -0.05501999 -0.04500069 0.2456536 -0.05501999 -0.04467345 -0.05316255 -0.08325768 -0.06273408 -0.02598062 -0.0186712 -0.06412403 -0.02475888 -0.07823755 -0.05286818 -0.0286004 -0.01241778 -0.06336835 -0.06336835 -0.07034809 0 -0.07957484 -0.06336835 -0.06336835 -0.0112176 -0.05607673 -0.06354708 -0.06014265 0.2727536 0 -0.0429844 -0.04858062 0.02249019 -0.04197531 -0.04378217 -0.144114 -0.06041407 -0.0434028 -0.06643649 -0.03596993 -0.1000286 -0.04067402 -0.09977066 -0.1022113 -0.03174481 -0.008173885 0.08098603 -0.01255408 -0.1478027 -0.09681871 -0.1257646 -0.1689741 -0.08633121 -0.09693117 -0.03792234 -0.1424118 -0.08472562 -0.05572925 -0.08730519 -0.07543483 0.1347726 -0.0632047 0.001601875 -0.06653774 -0.0112176 -0.1477597 -0.09726998 -0.1625925 -0.116218 0.3153155 -0.1395799 0 -0.1150255 -0.1150782 0.0479496 0.04720224 -0.08997803 0.09341382 -0.06073571 -0.06073571 -0.1395799 0 -0.002822294 -0.04283182 -0.04718857 -0.1378103 -0.06215387 -0.1378103 -0.1135612
0 0 0 0 0 0 0 0 0 0 0 0 1.01 0 0 0 0 0 0 0 0 0 0 0 0 0 0 0 0 0 0 0 0 0 0 0 0 0 0 0 0 0 0 0 0 0 0 0 0 0 0 0 0 0 0 0 0 0 0 0 0 0 0 0 0 0 0 0 0 0 0 0 0 0 0 0 0 0 0 0 0 0 0 0 0 0 0 0 0 0 0 0 0 0 0 0 0 0 0 0 0 0 0 0 0 0 0 0 0 0 0 0 0 0 0 0 0 0 0 0 0 0 0 0 0 0 0 0 0 0 0 0 0 0 0 0 0 0 0 0 0 0 0 0 0 0 0 0 0 0 0 0 0 0 0 0 0 0 0 0 0 0 0 0 0 0 0 0 0 0 0 0 0 0 0 0 0 0 0 0 0 0 0 0 0 0 0 0 0 0 0 0 0 0 0 0 0 0 0 0 0 0 0 0 0 0 0 0 0 0 0 0 0 0 0 0 0 0 0 0 0 0
0.05222722 -0.09449996 0.1276247 0.06619889 0.08719745 0.105448 0.199139 0.1735697 0 0.345358 -0.3403487 0.0554752 0 1.01 0.6823583 0 -0.122588 -0.09449996 0.05900046 0.00558592 0 0.1358644 -0.1526814 0.006452316 -0.01225154 -0.1587743 0.3583945 0.3148231 -0.2287928 0.1441677 0.3138472 0.2470931 0.3108835 0.184492 0.305525 0.2102442 0.2128765 -0.09552676 0.3632513 0.1563737 0 -0.002273264 -0.5152275 0 0 0.1142347 -0.1897503 -0.01964453 -0.0037521 0.1009929 -0.003102762 0.04722763 -0.003102762 0.3324654 0.1368802 0.2675673 0.001764668 0 0.1209237 0.1009929 0 0.05892844 0.2280593 -0.03186604 -0.3198822 0 0.1104815 0 0.0459413 0.06989315 0.1079796 0.02645344 -0.1983914 0.1381538 -0.2457389 -0.1016926 -0.04699514 0 -0.446194 0 0.1220889 0.2177976 -0.2074169 0.2677097 -0.1837684 -0.0769744 0 0.1009929 0 0.0197841 0 0.04877499 -0.03606208 0.04490689 -0.1058206 -0.09917971 -0.1803611 0.1118805 0.04164945 0.08998237 0.04164945 -0.07601598 0.02202627 0.03998004 -0.3638463 0.1545273 0 -0.01423318 0 0.009051393 0.009571201 0.2558477 0.07825344 0.02483279 0.0751903 -0.06306676 -0.04114358 0.03894724 0.04594766 0 0.1315865 -0.1047619 0.1208911 0.1609752 0.1100959 -0.2082012 -0.1444299 -0.2945989 0.142229 0.1034806 0.09802036 0.08236915 0.08268439 0.1208911 0.1100959 -0.2006663 0.2156942 0.1100959 -0.2014704 -0.1865279 0.03274431 0.1236327 -0.1587236 0.08515843 -0.2965451 -0.1096507 -0.06110602 -0.05564054 0.1004823 0.03408217 0.05047739 0.05047739 -0.005029187 0 0.176367 0.05047739 0.05047739 0.1005292 0.03286459 0.07951878 0.0522355 0.02018263 0 -0.1537874 0.1545151 -0.1236081 0.1105154 -0.1895057 0.1177813 0.03294475 -0.1393256 0.04452824 -0.107127 -0.07842817 0.04187567 -0.06968585 -0.01968896 -0.09819114 -0.04909945 0.123048 0.133044 0.1087507 -0.08221181 -0.03071412 0.09978665 0.191465 -0.1019716 0.09737495 0.08789015 0.186046 0.04690083 0.1231139 0.1067153 -0.03495915 -0.1015942 -0.1208773 0.1315627 0.1005292 0.100471 -0.09459872 0.1132461 0.2216914 -0.05433403 0.1021191 0 0.08022236 0.08038998 0.06791101 0.1253899 0.2186628 -0.0827884 0.0519756 0.0519756 0.1021191 0 0.02610478 0.1295536 0.05790639 0.09831137 0.1988204 0.09831137 0.07619409
0.03830149 0.0365392 0.08366716 0.2039728 0.06037028 0.2718868 0.2305251 0.1962691 0 0.2410785 0.1172672 0.1150179 0 0.6823583 1.01 0 0.03466266 0.0365392 0.05570727 -0.03372545 0 0.1211591 0.07279174 0.1539245 0.07428046 0.05631907 0.3555722 0.3575733 -0.3132984 0.1234201 0.3333708 0.3754599 0.3779452 0.3305227 0.3602817 0.3431324 0.1365157 0.07016073 0.3761486 0.2507491 0 -0.01117874 -0.6351546 0 0 0.07624652 -0.06926508 0.07545137 0.151459 0.06368255 0.08410161 0.06915118 0.08410161 0.2856095 0.09871039 0.2585583 0.08353232 0 0.08355956 0.06368255 0 0.001462619 0.3042147 -0.04163036 -0.3337594 0 0.1248769 0 0.1837938 0.06949822 0.1384626 0.03497141 -0.2717289 0.1200471 -0.2755454 -0.1343283 -0.1111798 0 -0.5921624 0 0.227139 0.1603061 0.07063064 0.2001732 0.03661797 0.1664956 0 0.06368255 0 0.1000363 0 0.07915993 0.04692029 0.04188482 0.03497918 0.03752416 0.03715299 0.1028702 0.031195 0.05595929 0.031195 0.00945448 0.07592651 0.05944781 -0.5287429 0.2379038 0 -0.04078135 0 -0.1098792 -0.1093597 0.1733023 0.0539258 0.07899903 0.0366071 0.1301586 0.1312985 0.02199599 0.03355473 0 0.08463431 0.03814305 0.1001388 0.1078733 0.0988266 -0.3311451 -0.2106124 -0.05029927 0.05566625 0.1126061 0.1356707 0.1045222 0.104695 0.1001388 0.0988266 0.0672299 0.2327471 0.0988266 0.06802992 -0.282645 0.1381262 0.1041955 0.05666483 0.1155911 -0.4364128 -0.1290553 0.04822877 0.04952001 0.06304147 0.02314717 0.01402739 0.01402739 0.02894801 0 0.1186041 0.01402739 0.01402739 0.06335804 0.003272454 0.03204955 0.01207238 0.08897056 0 -0.004187173 0.1434605 -0.09246806 0.1209 0.07135543 -0.04140786 0.01496269 0.08323109 0.03866868 -0.1079418 -0.2087903 0.07845517 -0.2002439 -0.1623254 -0.161549 0.03119389 0.2435324 0.09362845 -0.06204839 -0.2051031 -0.1618439 -0.07103111 0.1042916 -0.2319213 0.05591223 -0.07131104 0.1022461 0.03379783 0.07672691 0.06571408 -0.03875208 -0.1219161 -0.2365474 0.08100499 0.06335804 -0.07044947 -0.2235428 -0.04747152 0.1295167 0.02216684 -0.06934962 0 -0.08946702 -0.08935602 0.04742015 0.2491138 0.1265047 -0.08222659 0.03179241 0.03179241 -0.06934962 0 0.1122257 0.08145757 0.006207751 -0.07607987 0.1011157 -0.07607987 -0.09657022
0 0 0 0 0 0 0 0 0 0 0 0 0 0 0 1.01 0 0 0 0 0 0 0 0 0 0 0 0 0 0 0 0 0 0 0 0 0 0 0 0 0 0 0 0 0 0 0 0 0 0 0 0 0 0 0 0 0 0 0 0 0 0 0 0 0 0 0 0 0 0 0 0 0 0 0 0 0 0 0 0 0 0 0 0 0 0 0 0 0 0 0 0 0 0 0 0 0 0 0 0 0 0 0 0 0 0 0 0 0 0 0 0 0 0 0 0 0 0 0 0 0 0 0 0 0 0 0 0 0 0 0 0 0 0 0 0 0 0 0 0 0 0 0 0 0 0 0 0 0 0 0 0 0 0 0 0 0 0 0 0 0 0 0 0 0 0 0 0 0 0 0 0 0 0 0 0 0 0 0 0 0 0 0 0 0 0 0 0 0 0 0 0 0 0 0 0 0 0 0 0 0 0 0 0 0 0 0 0 0 0 0 0 0 0 0 0 0 0 0 0 0 0
0.01060985 -0.006843887 -0.01496746 -0.04538209 -0.01389957 -0.04630267 -0.04166769 -0.04553688 0 0.008900692 0.3494115 -0.01812757 0 -0.122588 0.03466266 0 1.01 -0.006843887 -0.004410493 -0.01745097 0 -0.006213969 -0.0099114 -0.01737054 -0.01307153 -0.0118519 -0.06271056 -0.06306689 -0.01493981 -0.0348887 -0.06191393 0.1090006 -0.06790403 0.1076869 -0.06288802 0.09871265 -0.02638024 -0.01033793 -0.06753335 -0.04774326 0 -0.01026336 -0.03087617 0 0 -0.01217171 0.04572514 -0.02181696 0.2873398 -0.0133688 -0.02107291 -0.00216738 -0.02107291 -0.05776546 -0.01200801 -0.2184262 -0.02077036 0 -0.01442154 -0.0133688 0 -0.01061665 0.1284866 -0.1024173 -0.05623222 0 -0.02491315 0 -0.04611618 -0.01579575 -0.01560196 0.001733365 -0.05190312 -0.02830742 -0.002085188 -0.01679803 0.004663958 0 -0.02438444 0 0.03403622 -0.03193444 -0.02043594 -0.06997183 -0.02021777 -0.02769645 0 -0.0133688 0 -0.02023689 0 -0.0183827 -0.007203662 -0.003488284 0.08235056 0.08198765 -0.02029104 -0.02089274 -0.0176432 -0.02006237 -0.0176432 -0.09210669 -0.01355319 -0.01831679 -0.02987028 -0.236911 0 -0.005965838 0 -0.07536497 -0.07533324 -0.03526503 -0.01372671 -0.01758787 0.001733067 -0.03213 -0.03281688 -0.01824014 -0.01802001 0 -0.01838035 0.9208275 -0.01990748 -0.006998549 -0.01960026 -0.0289619 -0.03928936 -0.01826829 -0.02617988 -0.02278375 -0.02609716 -0.01940741 -0.02199122 -0.01990748 -0.01960026 -0.01899072 -0.05538533 -0.01960026 -0.01886729 -0.0198537 -0.02988852 -0.01626755 -0.011908 -0.01690939 -0.02904368 0.003941791 -0.02545693 -0.02621437 -0.02125454 -0.009792417 -0.0180619 -0.0180619 -0.02107769 0 -0.02567253 -0.0180619 -0.0180619 -0.01331643 -0.02110622 -0.02227481 -0.01673146 -0.04901872 0 -0.01736246 -0.0222082 -0.03747587 -0.01521435 -0.01146204 -0.06665919 -0.02309169 -0.02360652 0.0578632 -0.01902246 -0.03930991 -0.02200615 -0.03828839 -0.0418647 -0.005944789 0.468246 0.01098534 -0.009268189 -0.01875011 -0.03729 -0.04747267 -0.0642939 -0.04250897 -0.04271925 -0.01658165 -0.02079224 -0.04459399 -0.02533603 -0.03497734 -0.02964719 -0.03119126 -0.0227791 -0.01969209 -0.02159031 -0.01331643 -0.06610137 -0.03950018 -0.06698966 -0.04515171 0.03273502 -0.06640077 0 -0.05683953 -0.05686039 -0.005765865 0.01868925 -0.03622987 0.002097 -0.02482846 -0.02482846 -0.06640077 0 -0.02073011 -0.02048906 -0.01675493 -0.06587899 -0.0328322 -0.06587899 -0.05648225
-0.01139285 1 -0.009296066 -0.0411946 -0.01998307 -0.03782389 -0.03188625 -0.03193257 0 -0.03398134 -0.03110659 -0.01263243 0 -0.09449996 0.0365392 0 -0.006843887 1.01 0.0002821658 -0.0152576 0 -0.02651775 -0.01530307 -0.03192748 0.001047453 -0.01328767 0.1183043 0.1189801 -0.003540946 -0.01334186 0.1313501 -0.06578923 0.1152622 -0.06800574 0.116096 -0.06822491 -0.0273382 -0.0138855 0.1148442 0.1699644 0 -0.01822932 -0.03142889 0 0 -0.006610959 0.03485155 -0.0130646 -0.02541957 -0.01448402 -0.003855205 -0.006015078 -0.003855205 -0.02157146 -0.01272258 0.03513713 -0.003430824 0 -0.01396949 -0.01448402 0 -0.02315535 -0.02450206 0.03771087 -0.05000603 0 -0.02353107 0 -0.04314151 -0.01154163 -0.02338292 -0.007632075 0.07884758 -0.01827158 -0.01390745 0.1005617 0.1031163 0 -0.02763853 0 -0.1515166 -0.02516458 -0.01589864 -0.01721102 -0.0251825 -0.03228957 0 -0.01448402 0 0.3515478 0 0.4445191 -0.007950578 -0.01092617 0.03130134 0.03121421 -0.02523623 -0.02021239 0.004434002 -7.800039e-05 0.004434002 0.03348351 -0.008625744 -0.004480835 -0.02330378 0.02367681 0 -0.01060632 0 0.06622063 0.06625671 -0.02772092 0.0018029 -0.02084125 -0.00493967 0.2404662 0.2282536 -0.01637229 0.003713268 0 -0.01258126 -0.001008153 -0.01782019 -0.0202878 -0.01830084 -0.02554892 0.160262 -0.01843575 -0.02858516 -0.02816968 -0.02945377 -0.01738571 -0.01732743 -0.01782019 -0.01830084 -0.01456854 -0.05741654 -0.01830084 -0.01445417 -0.02200673 -0.02152891 -0.01911017 -0.01333175 -0.01521527 -0.02210134 -0.01078037 -0.02165224 -0.02231962 -0.007383062 -0.008561628 -0.01634762 -0.01634762 -0.0208811 0 -0.02361358 -0.01634762 -0.01634762 -0.01444257 -0.01534763 -0.02190515 -0.01721806 -0.05146401 0 -0.01227814 -0.01853178 -0.03482003 -0.01373956 -0.01032299 -0.05290138 -0.01663622 -0.01882616 -0.01606169 -0.01462513 -0.0272601 0.4479426 -0.0292394 -0.03311913 -0.01052968 0.001431479 0.01685059 -0.00945937 -0.05266477 -0.02726516 -0.04327693 -0.05141526 -0.03934429 -0.0314476 -0.01578647 -0.0522221 -0.03912832 -0.01422929 -0.02931517 -0.02651437 0.05930541 -0.01142577 -0.008694535 -0.03039473 -0.01444257 -0.05446534 -0.0237513 -0.04716259 -0.04157109 -0.04402175 -0.05472981 0 -0.04633273 -0.04635089 -0.006766019 0.01513047 -0.0328687 -0.01082143 -0.02145462 -0.02145462 -0.05472981 0 0.3024397 -0.0152043 -0.01736795 -0.05354665 -0.03494 -0.05354665 -0.04524359
-0.009729572 0.0002821658 -0.02170866 0.01700071 -0.002800258 0.152784 -0.03596052 -0.03741918 0 -0.009622647 -0.02851694 -0.03022433 0 0.05900046 0.05570727 0 -0.004410493 0.0002821658 1.01 -0.01196209 0 -0.01939292 -0.01798325 -0.0280983 -0.0207308 0.07505632 0.1317296 0.1333944 -0.02004396 0.01929189 0.0986412 -0.04107006 0.044252 -0.04050382 0.1053562 -0.04180462 -0.0367349 0.05491486 0.1221938 0.08180792 0 -0.02577927 -0.04905003 0 0 -0.01844596 -0.05191804 -0.01836896 -0.03244701 -0.02046318 -0.01422682 -0.01538793 -0.01422682 -0.04639744 -0.02311826 0.04813769 -0.01372161 0 -0.01325056 -0.02046318 0 -0.0162666 -0.05483168 0.07473439 -0.05213946 0 0.09153001 0 -0.03021654 -0.01972321 -0.01990293 -0.01575215 0.04171986 -0.03209802 -0.01935944 -0.05865583 -0.05326761 0 -0.04988928 0 0.05009745 -0.04630807 -0.01336415 -0.04477649 -0.02527666 0.005947946 0 -0.02046318 0 -0.01746197 0 -0.01318924 -0.0150481 -0.01973388 0.07391996 0.07386554 -0.02536713 -0.01698067 -0.01712969 -0.01238099 -0.01712969 0.0796095 -0.01206077 -0.01723903 -0.04708217 0.04713371 0 0.136816 0 0.02615132 0.02619817 -0.04791182 0.3252004 -0.02348732 -0.01117116 -0.03226536 -0.0325699 -0.03175568 -0.0176897 0 -0.02568545 -0.0110535 -0.0186159 -0.01036251 -0.01902602 -0.04586319 -0.04261958 0.1394061 -0.04675285 0.05098336 0.04106628 -0.02226824 -0.02218356 -0.0186159 -0.01902602 -0.008045633 -0.02935746 -0.01902602 -0.007843621 -0.02701929 -0.02531678 -0.02270074 0.0748344 -0.03247288 -0.04877796 -0.0178618 -0.02702728 -0.02800407 0.1336875 0.3022606 -0.02670963 -0.02670963 -0.02932416 0 -0.02989093 -0.02670963 -0.02670963 -0.02040435 -0.02350973 -0.03077773 -0.02601633 -0.00875352 0 -0.0142829 -0.01633979 -0.0415917 -0.02602329 -0.008246471 -0.08185494 -0.02520469 -0.01266962 -0.0278078 0.1025676 -0.04734649 -0.009381011 -0.05001825 -0.05377609 -0.02192942 -0.01313194 -0.05129807 -0.01841171 -0.08054789 -0.0487919 -0.06300981 -0.07503174 -0.05189836 -0.05080563 -0.01616984 -0.07711369 -0.05270509 -0.01789396 -0.03703022 -0.0326744 -0.1060233 0.0370535 -0.03115452 -0.02434828 -0.02040435 -0.08025447 -0.04888875 -0.07288875 -0.05053235 0.01240926 -0.08062673 0 -0.07399869 -0.07402462 -0.01353553 -0.03812155 -0.04357966 -0.01089374 -0.02059544 -0.02059544 -0.08062673 0 -0.02829149 -0.02972667 -0.01796617 -0.07802233 -0.04529948 -0.07802233 -0.07152288
