1.01 -0.0643399 -0.07707421 0 -0.05341018 -0.07983187 -0.05490871 -0.04483943 -0.118134 -0.07417727 -0.07552762 0 -0.05878783 -0.07493965 -0.05389212 -0.04007219 -0.1025054 -0.05389212 -0.06110418 0 -0.05389212 -0.08204635 -0.06110418 -0.08459439 0 -0.05226352 -0.0249426 0.1070252 -0.04564228 -0.03151191 -0.1044963 0 -0.07484796 -0.07527197 -0.08750266 -0.08091919 -0.08750266 -0.0507763 0.1438645 0.009581946 0 -0.03499276 -0.1637531 -0.05042958 0.6511943 -0.06092011 -0.03003785 0 -0.04170421 0.4363083 -0.05055179 -0.03151191 0.1500272 -0.04674646 0 -0.08859938 0 0.6511943 -0.03953337 -0.07442998 -0.07920095 -0.03151191 0.1042318 0.2787472 -0.07461233 -0.05500566 -0.01517517 -0.07461233 0 0 0.6502933 -0.1043003 0.614249 -0.04177599 0.0488385 -0.1036341 0 -0.09833597 -0.1025704 -0.1049209 0.0105603 -0.1227577 0 0 -0.1006276 -0.05947665 -0.04130173 -0.06579329 -0.08742254 -0.04191894 0.09710089 -0.04202463 0 0.4963292 0 0.02219484 -0.03693074 -0.04341681 0 0.08833786 -0.04371754 0 0 0.09425677 -0.0398443 0 -0.04786983 0.2224173 -0.1004602 0.5224147 -0.06399328 -0.09991755 -0.07115003 -0.100414 -0.05138998 0 0.3450858 0 0.2801078 0.2804175 0.3430297 -0.08219612 0.523556 -0.09308752 -0.1583392 0 0.04569495 0.04569495 -0.04131351 -0.03672706 -0.04630515 -0.05486557 -0.05395125 -0.03085369 -0.05486557 0.04569495 0.04569495 -0.1585809 0 0.523556 -0.03318586 0.2310346 -0.05986588 -0.07876972 -0.1590106 -0.08256771 0 -0.05075251 -0.05247837 0 0 -0.1704691 -0.174159 -0.1706927 -0.1583392 -0.03642123 -0.03574531 -0.09387472 0.5227057 -0.03138573 0.5227057 -0.05075251 -0.05075251 -0.09921844
-0.0643399 1.01 -0.06557234 0 0.2606759 0.005791189 -0.04934232 -0.04421061 0.0453937 -0.06137797 -0.04545633 0 0.1876813 -0.06157984 -0.07392363 -0.03342258 0.1051378 -0.07392363 0.1702083 0 -0.07392363 0.04032564 0.1702083 0.03665695 0 0.03177211 0.0828309 0.05284815 -0.07071715 0.2285478 -0.07403309 0 0.05457906 0.05408088 0.1496895 -0.06538629 0.1496895 0.2468457 0.08959789 0.4205111 0 -0.02275721 0.1192205 -0.03882118 -0.04921114 0.006546428 -0.04278866 0 -0.03189479 -0.02895601 -0.07082197 0.2285478 0.02546458 0.04319907 0 -0.06962747 0 -0.04921114 -0.01723529 -0.05790722 -0.06495267 0.2285478 0.01883977 -0.01512152 0.05412903 -0.02736869 0.2251479 0.05412903 0 0 -0.04940731 -0.07408159 -0.05627975 0.3333527 0.02883662 -0.07217584 0 0.1152734 -0.08497558 -0.08631116 0.4060412 0.1379007 0 0 0.2214376 -0.05224319 -0.01886215 -0.04448957 -0.06902207 -0.04070241 0.008145657 -0.01819308 0 -0.04840258 0 -0.05148273 -0.04055979 -0.03845368 0 0.006008108 -0.03870443 0 0 0.04286886 -0.03958927 0 -0.04083105 -0.1256171 0.222009 -0.06082826 -0.06812045 0.2229244 -0.08243904 0.2221973 -0.03458305 0 -0.09664166 0 0.01676011 0.0169736 -0.0291066 -0.07048729 -0.06482891 -0.08603124 0.1090633 0 0.03942527 0.03942527 -0.04137743 0.1641384 -0.04408799 0.2698717 0.2072883 -0.01553813 0.2698717 0.03942527 0.03942527 0.02718477 0 -0.06482891 -0.01111763 -0.04697104 -0.05310834 -0.07236269 0.1123528 -0.07080003 0 0.2425645 0.2400356 0 0 0.0899154 0.08679433 0.08958551 0.1090633 -0.02492228 -0.05238485 0.1355215 -0.06161622 -0.02513075 -0.06161622 0.2425645 0.2425645 0.1089677
-0.07707421 -0.06557234 1.01 0 -0.03175373 0.5928397 -0.05784539 -0.02960744 0.6095983 0.8955256 0.06814737 0 -0.06236129 0.8862695 -0.09316667 -0.03871991 -0.1012343 -0.09316667 -0.05778947 0 -0.09316667 -0.1130461 -0.05778947 -0.1130386 0 -0.1064383 0.1355281 0.254729 -0.09188509 -0.05329911 -0.0895574 0 -0.1207968 -0.1207296 -0.08309556 0.8230702 -0.08309556 -0.03814069 0.3434865 -0.03263478 0 -0.02738587 0.3908837 -0.05147157 -0.05834865 0.277297 -0.03691863 0 0.4614662 -0.04489433 -0.09123343 -0.05329911 -0.01250671 0.6212249 0 0.7518415 0 -0.05834865 -0.01348311 -0.06662341 0.8220655 -0.05329911 0.2532874 -0.01263605 -0.1197419 -0.0353709 -0.05443183 -0.1197419 0 0 -0.05671097 -0.0925138 -0.06011375 -0.03645716 0.255211 -0.09309169 0 -0.02144288 -0.1013689 -0.1035153 -0.03477763 -0.1279621 0 0 -0.0500951 -0.05649307 -0.0458526 -0.04962296 0.7433999 -0.04447841 0.2625845 -0.04525217 0 -0.05516038 0 0.1855633 0.1775959 -0.03812388 0 0.2614843 -0.03840737 0 0 0.3065747 -0.02523422 0 -0.03769345 0.44138 -0.05168916 -0.07063374 -0.06280697 -0.05001758 -0.1122887 -0.04997302 -0.05050162 0 -0.09690403 0 -0.1144363 -0.1142304 -0.02652841 0.790227 -0.07023184 -0.1023354 0.4033889 0 0.1985458 0.1985458 -0.04113223 -0.01750706 -0.0310732 -0.00375314 -0.05226452 -0.02944664 -0.00375314 0.1985458 0.1985458 0.2864854 0 -0.07023184 -0.03787766 -0.1672292 -0.05521104 -0.08942104 0.4107032 0.7890051 0 -0.04670078 -0.04595775 0 0 0.3781751 0.3740262 0.3776437 0.4033889 -0.03193792 -0.0563944 -0.00273087 -0.07054139 -0.01820227 -0.07054139 -0.04670078 -0.04670078 -0.02297132
0 0 0 1.01 0 0 0 0 0 0 0 0 0 0 0 0 0 0 0 0 0 0 0 0 0 0 0 0 0 0 0 0 0 0 0 0 0 0 0 0 0 0 0 0 0 0 0 0 0 0 0 0 0 0 0 0 0 0 0 0 0 0 0 0 0 0 0 0 0 0 0 0 0 0 0 0 0 0 0 0 0 0 0 0 0 0 0 0 0 0 0 0 0 0 0 0 0 0 0 0 0 0 0 0 0 0 0 0 0 0 0 0 0 0 0 0 0 0 0 0 0 0 0 0 0 0 0 0 0 0 0 0 0 0 0 0 0 0 0 0 0 0 0 0 0 0 0 0 0 0 0 0 0 0 0 0 0 0 0 0 0 0 0 0
-0.05341018 0.2606759 -0.03175373 0 1.01 0.175485 0.01793832 -0.02176317 0.200915 -0.0255652 -0.02765617 0 -0.02693827 -0.02696318 -0.05565739 -0.01935023 0.06719085 -0.05565739 0.3634718 0 -0.05565739 0.1719742 0.3634718 0.1679938 0 -0.05765536 0.07880833 -0.07633943 -0.05232367 -0.01754582 -0.06060406 0 -0.06324612 -0.06320508 -0.05087129 -0.02861608 -0.05087129 0.4898046 0.2329725 -0.03519787 0 -0.01353638 0.2674812 -0.02309626 -0.04330056 0.1172323 -0.02008916 0 -0.02318394 -0.01852833 -0.05192472 -0.01754582 0.04204445 -0.04288753 0 -0.03122745 0 -0.04330056 -0.01341327 -0.04387926 -0.02709886 -0.01754582 -0.07762892 -0.02479813 -0.06421602 -0.02259576 -0.01892155 -0.06421602 0 0 -0.04342036 -0.06451348 -0.04740179 0.6468941 -0.1460651 -0.06321404 0 -0.05338101 -0.06261936 -0.06390102 -0.03513662 0.2665859 0 0 -0.06939659 -0.04180145 0.3425189 -0.02931888 -0.03190538 -0.03292126 0.1512164 0.3448826 0 -0.03051516 0 0.1044647 -0.01103024 -0.02721097 0 0.1512754 -0.02737386 0 0 -0.1233491 -0.01394166 0 -0.01567347 -0.07641092 -0.07097242 -0.05361927 -0.04045083 -0.07099954 -0.06585258 -0.07126203 -0.03490395 0 -0.0685055 0 0.1625717 0.1627462 -0.01797647 -0.02829945 -0.05340481 -0.06218814 -0.09182293 0 -0.01139534 -0.01139534 -0.0268188 0.4566773 -0.02075614 0.1117233 0.4448428 -0.01780404 0.1117233 -0.01139534 -0.01139534 -0.1306101 0 -0.05340481 0.1951681 0.0892744 -0.04107388 -0.05272111 -0.08891643 -0.02738572 0 0.5091451 0.5031388 0 0 -0.09780635 -0.05055307 -0.0979299 -0.09182293 -0.01752146 -0.03652346 -0.04581196 -0.05356725 -0.02324509 -0.05356725 0.5091451 0.5091451 -0.05199524
-0.07983187 0.005791189 0.5928397 0 0.175485 1.01 0.4379263 -0.0669705 0.4868028 0.5296025 -0.006946938 0 -0.004628094 0.5211955 -0.1328661 0.2799543 0.3337117 -0.1328661 0.009503566 0 -0.1328661 -0.1059016 0.009503566 -0.1082346 0 -0.01676022 0.1625728 0.1377384 -0.1275087 -0.03050157 -0.1494615 0 -0.02889154 -0.02911632 -0.1486958 0.4745991 -0.1486958 0.06732453 0.210334 0.02362624 0 0.1712273 0.2536092 -0.06713491 -0.07153301 0.1930847 -0.06086265 0 0.2729742 -0.06742955 -0.1267793 -0.03050157 -0.02929988 0.3427841 0 0.5072818 0 -0.07153301 -0.03457295 0.3128218 0.4752138 -0.03050157 0.1242002 -0.03068343 -0.03344383 -0.0128766 -0.03268802 -0.03344383 0 0 -0.07067316 -0.0377114 -0.07803465 0.1125893 0.07538522 -0.03684843 0 -0.1043869 -0.04097373 -0.04342488 0.04819621 -0.06761943 0 0 -0.1065407 0.4116689 0.07369727 -0.09377324 0.4943059 0.2004216 0.134079 0.06959439 0 -0.08583738 0 0.09991968 0.003288371 -0.07082473 0 0.1288043 -0.07047361 0 0 0.1567629 -0.04546263 0 0.07198153 0.1676238 -0.1001389 -0.1042137 -0.1088986 -0.1062351 -0.1584858 -0.1074432 0.1532233 0 -0.1547847 0 -0.1021018 -0.1020904 -0.04226718 0.4637005 -0.1040276 -0.03627483 0.3856771 0 0.2233435 0.2233435 -0.06403096 0.01179875 -0.06852185 -0.0458512 0.04525746 -0.05658548 -0.0458512 0.2233435 0.2233435 0.3048189 0 -0.1040276 0.01067305 -0.1181929 0.4160926 -0.145261 0.3689141 0.4634988 0 0.06306678 0.06167369 0 0 0.3459388 0.3610628 0.3452134 0.3856771 -0.05667503 -0.08884571 -0.08624565 -0.1040512 -0.03703444 -0.1040512 0.06306678 0.06306678 -0.1072607
-0.05490871 -0.04934232 -0.05784539 0 0.01793832 0.4379263 1.01 -0.03563244 -0.0819968 -0.04816304 -0.04583075 0 -0.0575258 -0.04976588 -0.06984224 -0.03590446 0.5276724 -0.06984224 -0.03793285 0 -0.06984224 -0.08150187 -0.03793285 -0.08162604 0 -0.07986512 0.1137176 -0.1641162 -0.06878023 -0.03595419 -0.06863839 0 -0.08978021 -0.08973031 -0.06403044 -0.05512198 -0.06403044 -0.02661193 -0.127123 -0.02001171 0 -0.03522281 -0.1181529 -0.01817703 -0.03185715 -0.1548331 -0.0274376 0 -0.0302807 -0.03114311 -0.06829733 -0.03595419 0.02230625 -0.06151583 0 -0.06245218 0 -0.03185715 -0.01765988 0.7877152 -0.05342718 -0.03595419 -0.1644678 -0.002138017 -0.08899667 -0.006543474 -0.03631074 -0.08899667 0 0 -0.03202538 -0.08059386 -0.03500531 -0.02149977 -0.1856592 -0.08014839 0 -0.07610728 -0.07826371 -0.07827444 -0.01808626 -0.1089441 0 0 -0.0858281 0.9031039 -0.04139984 -0.04347611 -0.06530766 -0.03702103 -0.1637155 -0.04099351 0 -0.04041975 0 -0.211719 -0.2589306 -0.02834014 0 -0.1636989 -0.0285507 0 0 -0.1513875 -0.0253755 0 -0.03724077 -0.09113344 -0.08638213 -0.04126195 -0.04481366 -0.0860686 -0.08275879 -0.08639417 -0.03911775 0 -0.06229944 0 -0.07060703 -0.07045096 -0.01841277 -0.05705277 -0.04093575 -0.07883834 0.3259304 0 0.174333 0.174333 -0.02134437 -0.0079809 -0.03660409 -0.03594512 -0.02702767 -0.02808121 -0.03594512 0.174333 0.174333 0.2304607 0 -0.04093575 -0.03932784 -0.1125947 0.9093829 -0.06720399 0.2799779 -0.05730898 0 -0.02564 -0.02695155 0 0 0.2995379 0.2952912 0.2991319 0.3259304 -0.0321196 -0.05002553 -0.0741599 -0.04118976 -0.02204823 -0.04118976 -0.02564 -0.02564 -0.07746219
-0.04483943 -0.04421061 -0.02960744 0 -0.02176317 -0.0669705 -0.03563244 1.01 -0.05947772 -0.03272183 -0.02560314 0 -0.0278241 -0.03147658 -0.06507739 -0.02749488 -0.06579886 -0.06507739 -0.03575004 0 -0.06507739 -0.07618534 -0.03575004 -0.07809228 0 -0.07472897 0.09988837 0.1933659 -0.06742077 -0.02991611 -0.0433436 0 -0.0805308 -0.08049127 -0.06424233 -0.03608759 -0.06424233 -0.03283735 0.2604418 -0.01345709 0 -0.00932847 0.2926434 -0.02395494 -0.03540871 0.2091193 -0.02891409 0 -0.009479365 -0.02192846 -0.06706051 -0.02991611 -0.03565474 -0.03944853 0 -0.03661813 0 -0.03540871 -0.008943815 -0.04806946 -0.03587968 -0.02991611 0.1926392 -0.01694575 -0.08076212 -0.03482068 -0.03116537 -0.08076212 0 0 -0.03553461 -0.07484178 -0.03831539 -0.01800144 0.1749917 -0.07450087 0 -0.05403226 -0.07305226 -0.07327777 -0.01438401 -0.07605587 0 0 -0.0670675 -0.03539413 -0.003632476 -0.03225907 -0.0405738 -0.02758622 0.2201246 -0.003145755 0 -0.03191114 0 0.1643462 0.135732 -0.03159234 0 0.2214919 -0.02778425 0 0 0.2182849 -0.01279446 0 -0.01628548 0.3396298 -0.06517247 -0.03856542 0.673116 -0.06521921 -0.06268874 -0.0654847 -0.03664648 0 0.4486303 0 0.3841944 0.3844162 -0.01114733 -0.03774422 -0.03831671 -0.07527629 -0.0918437 0 0.139211 0.139211 -0.02979289 -0.01006798 0.9903804 -0.02670551 -0.03061145 -0.00732991 -0.02670551 0.139211 0.139211 -0.1406862 0 -0.03831671 -0.01105213 -0.1098435 -0.0346385 -0.06707791 -0.09038798 -0.03677088 0 -0.02519472 -0.02618963 0 0 0.2596807 0.2593947 0.259343 -0.0918437 -0.01361262 -0.05298833 -0.05352539 -0.03850915 -0.01611382 -0.03850915 -0.02519472 -0.02519472 -0.05553001
-0.118134 0.0453937 0.6095983 0 0.200915 0.4868028 -0.0819968 -0.05947772 1.01 0.6149218 -0.06816419 0 -0.08263698 0.6064294 -0.1365045 0.313339 -0.004242226 -0.1365045 0.5360681 0 -0.1365045 0.2079205 0.5360681 0.2022827 0 -0.01025905 0.1718241 0.2724114 -0.1353008 0.2985397 -0.1328325 0 0.162442 0.162565 -0.1311867 0.5558333 -0.1311867 0.2464767 0.2308233 -0.05590049 0 -0.04734692 0.2876168 -0.06770532 -0.09067992 0.2603184 -0.05513664 0 0.3161088 -0.06042059 -0.1343202 0.2985397 -0.04364105 0.4359624 0 0.4970954 0 -0.09067992 -0.03718018 -0.1025078 0.5563681 0.2985397 0.2657199 -0.04022728 0.1577803 -0.06348382 0.2926572 0.1577803 0 0 -0.08963827 -0.0020919 -0.0921217 0.2636548 0.2534806 -0.001366076 0 -0.07280079 -0.005416051 -0.008221075 -0.05656917 -0.07243638 0 0 0.09018751 -0.08658814 -0.0352051 -0.07976133 0.4949373 0.2359364 0.1406869 -0.03951283 0 -0.07052484 0 0.1240517 0.04222137 0.3888325 0 0.1384501 0.3876015 0 0 0.3276414 -0.04563956 0 -0.06181959 0.2379743 0.08663624 -0.08409113 -0.1018494 0.08987133 -0.1616258 0.08975599 0.178798 0 -0.1344306 0 -0.03328259 -0.03294425 -0.0433839 0.5298483 -0.08343613 -0.008600254 0.3459089 0 0.2603723 0.2603723 -0.06581679 0.1839073 -0.05804655 -0.0471313 0.1464985 -0.04343118 -0.0471313 0.2603723 0.2603723 0.2886332 0 -0.08343613 -0.02897359 -0.04145434 -0.08535788 -0.1339758 0.3529439 0.5286798 0 0.1828967 0.1789796 0 0 0.3128892 0.3076052 0.3137872 0.3459089 -0.03898598 -0.08142885 -0.02900838 -0.08394595 0.07541162 -0.08394595 0.1828967 0.1828967 -0.05036057
-0.07417727 -0.06137797 0.8955256 0 -0.0255652 0.5296025 -0.04816304 -0.03272183 0.6149218 1.01 -0.04155506 0 -0.05756336 0.9901859 -0.08820274 -0.03625017 -0.08983273 -0.08820274 -0.0580819 0 -0.08820274 -0.1090519 -0.0580819 -0.1087881 0 -0.1021884 0.1617473 0.313141 -0.08875853 -0.05259221 -0.08058578 0 -0.115802 -0.1157406 -0.07563663 0.923117 -0.07563663 -0.03883811 0.4053077 -0.0315192 0 -0.02775108 0.4560066 -0.05053554 -0.05732474 0.3374749 -0.03034368 0 0.5045359 -0.04796838 -0.08816969 -0.05259221 -0.002240389 0.7006653 0 0.8445599 0 -0.05732474 -0.01581419 -0.05678037 0.9218683 -0.05259221 0.3127114 -0.01102567 -0.1148417 -0.03480957 -0.05445538 -0.1148417 0 0 -0.05551909 -0.08605363 -0.05845233 -0.03605502 0.275988 -0.08678009 0 -0.08235935 -0.09614782 -0.09810099 -0.03291024 -0.1148842 0 0 -0.102071 -0.04537541 -0.04081549 -0.05069171 0.8356855 -0.0394191 0.3278024 -0.04025675 0 -0.05464383 0 0.2526016 0.2084892 -0.03996931 0 0.3266124 -0.04022083 0 0 0.3254851 -0.02818202 0 -0.04049938 0.5099366 -0.1030685 -0.0650181 -0.06213705 -0.1017811 -0.1017571 -0.1015959 -0.04685977 0 -0.09226568 0 -0.1070289 -0.1068401 -0.02441118 0.8873877 -0.06464916 -0.09781398 0.4251011 0 0.2269341 0.2269341 -0.0397935 -0.01747303 -0.03402106 -0.003879057 -0.04669868 -0.0250676 -0.003879057 0.2269341 0.2269341 0.3095693 0 -0.06464916 -0.03360175 -0.1568875 -0.04416076 -0.08687112 0.4315637 0.8861019 0 -0.04224659 -0.04246396 0 0 0.3986015 0.3950559 0.3980824 0.4251011 -0.031454 -0.05638998 -0.06937623 -0.06493329 -0.01956086 -0.06493329 -0.04224659 -0.04224659 -0.08352174
-0.07552762 -0.04545633 0.06814737 0 -0.02765617 -0.006946938 -0.04583075 -0.02560314 -0.06816419 -0.04155506 1.01 0 -0.04574431 -0.04192744 -0.060841 -0.0151818 -0.06217692 -0.060841 -0.0360981 0 -0.060841 -0.07283581 -0.0360981 -0.07390948 0 -0.06312264 0.1234347 -0.1424881 -0.05956569 -0.03226446 -0.06006956 0 -0.07362417 -0.07357744 -0.05186857 -0.04610438 -0.05186857 -0.03064674 -0.1111531 -0.01805741 0 -0.01538825 -0.09076367 -0.02777266 -0.05361087 -0.1294802 -0.02563469 0 -0.02200077 -0.03967848 -0.05911022 -0.03226446 -0.03133019 -0.04733568 0 -0.04823168 0 -0.05361087 -0.009872516 -0.05082469 -0.04664894 -0.03226446 -0.1418699 -0.01599826 -0.0728826 -0.01924439 -0.03372157 -0.0728826 0 0 -0.05374359 -0.06127321 -0.05337847 -0.0209415 0.204805 -0.05998194 0 0.5580129 -0.06159995 -0.06140898 -0.01967582 -0.08231562 0 0 0.4568263 -0.05219412 -0.01933701 -0.03842067 -0.04714664 -0.02052447 -0.142034 -0.01885903 0 -0.04688234 0 -0.1817519 0.1553203 -0.0231424 0 -0.1431561 -0.02334254 0 0 0.2419452 -0.0125169 0 -0.01477404 -0.09919872 0.4548481 -0.06080968 -0.04724422 0.4581868 -0.06490634 0.4573472 -0.02496939 0 -0.07866087 0 -0.08493763 -0.08707533 -0.03236995 -0.04751053 -0.06056409 -0.06099843 0.3111138 0 0.1650135 0.1650135 -0.02815097 -0.02603885 -0.02486724 -0.01942612 -0.03007358 -0.02097439 -0.01942612 0.1650135 0.1650135 0.2324811 0 -0.06056409 -0.01600179 -0.1113743 -0.05270513 -0.05740447 0.3147439 -0.04775263 0 -0.02332308 -0.02286548 0 0 0.289625 0.285835 0.2898405 0.3111138 -0.01755843 -0.03719265 0.5629568 -0.06075021 -0.02294969 -0.06075021 -0.02332308 -0.02332308 0.5099627
0 0 0 0 0 0 0 0 0 0 0 1.01 0 0 0 0 0 0 0 0 0 0 0 0 0 0 0 0 0 0 0 0 0 0 0 0 0 0 0 0 0 0 0 0 0 0 0 0 0 0 0 0 0 0 0 0 0 0 0 0 0 0 0 0 0 0 0 0 0 0 0 0 0 0 0 0 0 0 0 0 0 0 0 0 0 0 0 0 0 0 0 0 0 0 0 0 0 0 0 0 0 0 0 0 0 0 0 0 0 0 0 0 0 0 0 0 0 0 0 0 0 0 0 0 0 0 0 0 0 0 0 0 0 0 0 0 0 0 0 0 0 0 0 0 0 0 0 0 0 0 0 0 0 0 0 0 0 0 0 0 0 0 0 0
-0.05878783 0.1876813 -0.06236129 0 -0.02693827 -0.004628094 -0.0575258 -0.0278241 -0.08263698 -0.05756336 -0.04574431 0 1.01 -0.0569637 -0.06450177 -0.0231539 -0.07385187 -0.06450177 -0.04300989 0 -0.06450177 -0.08007064 -0.04300989 -0.08294333 0 -0.06976051 -0.1904753 -0.08263847 -0.06259923 -0.04014828 -0.05689072 0 -0.08325528 -0.08320543 -0.0567786 -0.0626507 -0.0567786 -0.02339207 -0.03918606 -0.0166702 0 0.3411838 -0.01861813 -0.02407872 -0.04563788 -0.06845956 -0.02224785 0 -0.02516335 -0.03407637 -0.06210768 -0.04014828 0.06448971 -0.05785094 0 0.07323049 0 -0.04563788 -0.005324373 -0.06154424 -0.06205008 -0.04014828 -0.08301895 -0.01940782 -0.0824677 -0.0178311 -0.04041988 -0.0824677 0 0 -0.04579144 -0.07125175 -0.0479671 -0.02428176 -0.005421004 -0.07079549 0 0.1071743 -0.06887057 -0.06968561 -0.01678543 -0.08298779 0 0 0.06676498 -0.05907136 -0.01918205 -0.04326527 0.07001863 -0.02741136 -0.07383836 -0.01866086 0 -0.03601397 0 -0.07662102 -0.01327409 -0.03333848 0 -0.03331473 -0.03191117 0 0 0.07323214 -0.02208872 0 0.2531162 -0.05750623 0.08693566 -0.05778726 -0.04812422 0.06896979 -0.06106341 0.06922334 -0.02471844 0 -0.07779686 0 -0.0806335 -0.0811914 -0.02671737 -0.06331021 -0.058569 -0.0702583 -0.01134779 0 -0.1224897 -0.1224897 -0.03413183 -0.01525335 -0.02885202 -0.02964558 -0.02372065 -0.006490017 -0.02964558 -0.1224897 -0.1224897 -0.06252957 0 -0.058569 -0.01695995 -0.1147923 -0.05945649 -0.06191745 -0.007843353 -0.06355743 0 -0.02719474 -0.02847253 0 0 -0.02293342 -0.02358992 -0.02314301 -0.01134779 -0.03133731 -0.04709496 0.1226048 -0.05772108 -0.02125313 -0.05772108 -0.02719474 -0.02719474 0.1012806
-0.07493965 -0.06157984 0.8862695 0 -0.02696318 0.5211955 -0.04976588 -0.03147658 0.6064294 0.9901859 -0.04192744 0 -0.0569637 1.01 -0.09064268 -0.03724904 -0.0914595 -0.09064268 -0.05976408 0 -0.09064268 -0.112114 -0.05976408 -0.1119123 0 -0.1043022 0.1545309 0.3064074 -0.09110647 -0.05323045 -0.07982064 0 -0.1185045 -0.1184425 -0.07586831 0.9144633 -0.07586831 -0.0388871 0.3999103 -0.03067924 0 -0.02857338 0.4506463 -0.05149103 -0.05799665 0.3312025 -0.03130797 0 0.4996022 -0.0488653 -0.09051411 -0.05323045 -0.003702766 0.6939858 0 0.8362269 0 -0.05799665 -0.0165558 -0.05870524 0.9132578 -0.05323045 0.3059963 -0.01174965 -0.1175361 -0.03587377 -0.05511404 -0.1175361 0 0 -0.05620788 -0.08881539 -0.05927739 -0.03700341 0.2702114 -0.08952883 0 -0.08223855 -0.09879401 -0.1007592 -0.03220973 -0.1152879 0 0 -0.1023343 -0.04711955 -0.0417715 -0.05213516 0.8281265 -0.04061696 0.3234948 -0.0412092 0 -0.05384837 0 0.2465907 0.2024991 -0.04120277 0 0.3218856 -0.04145569 0 0 0.3208571 -0.02894962 0 -0.04152297 0.5045671 -0.1033232 -0.0644485 -0.06221282 -0.1020173 -0.1003791 -0.101842 -0.04716244 0 -0.09188913 0 -0.1068861 -0.1066949 -0.02339836 0.8789009 -0.06407222 -0.1004973 0.419017 0 0.2199602 0.2199602 -0.04091331 -0.0182134 -0.03152674 -0.005319711 -0.0469791 -0.02582135 -0.005319711 0.2199602 0.2199602 0.301988 0 -0.06407222 -0.03450082 -0.1594739 -0.04589826 -0.08917427 0.4255125 0.8776193 0 -0.0434851 -0.04371873 0 0 0.3935547 0.3899488 0.3930356 0.419017 -0.03230983 -0.05797469 -0.06965608 -0.06436232 -0.02034025 -0.06436232 -0.0434851 -0.0434851 -0.08348157
-0.05389212 -0.07392363 -0.09316667 0 -0.05565739 -0.1328661 -0.06984224 -0.06507739 -0.1365045 -0.08820274 -0.060841 0 -0.06450177 -0.09064268 1.01 -0.0432121 -0.1298407 1 -0.06716614 0 1 0.79968 -0.06716614 0.7875561 0 0.8255555 0.2155577 0.3547937 0.9605148 -0.0585689 -0.09505279 0 0.7549281 0.7550654 -0.1053203 -0.08151056 -0.1053203 -0.06133457 -0.2155298 -0.02013929 0 -0.0340529 -0.1926596 0.1853267 -0.07072292 0.4364474 -0.04093279 0 -0.04630482 -0.03516659 0.9631327 -0.0585689 -0.04774017 -0.09291063 0 -0.09717457 0 -0.07072292 -0.02877501 -0.08261601 -0.0886762 -0.0585689 0.4068232 -0.04125758 0.7573706 -0.04680864 -0.05940222 0.7573706 0 0 -0.0709692 0.8766875 -0.07431389 -0.04137301 0.3348621 0.878554 0 -0.1148504 0.8869844 0.879218 -0.02587196 -0.1231317 0 0 -0.1334798 -0.077092 -0.04429942 0.5762193 -0.09419202 0.07834983 -0.2351935 -0.04482495 0 -0.06403782 0 0.3323113 0.2689612 -0.05272175 0 -0.2372547 -0.05303964 0 0 -0.2084927 -0.02775479 0 -0.0376185 -0.1704631 -0.1322847 -0.0857076 -0.0893276 -0.1330381 -0.07559716 -0.1325985 0.06269251 0 -0.1269011 0 -0.1455961 -0.1453572 -0.03251104 -0.09366262 -0.08524348 0.8741663 -0.1983936 0 0.2675816 0.2675816 -0.05258329 -0.026953 -0.06653515 -0.04352273 -0.06183546 -0.03195296 -0.04352273 0.2675816 0.2675816 0.3813167 0 -0.08524348 -0.03905855 0.5281682 -0.07564994 0.9374906 -0.197036 -0.09406338 0 -0.05143066 -0.03901154 0 0 -0.2163651 -0.2187322 -0.2165903 -0.1983936 0.342055 0.6238955 -0.1029161 -0.08560024 -0.03736852 -0.08560024 -0.05143066 -0.05143066 -0.1146993
-0.04007219 -0.03342258 -0.03871991 0 -0.01935023 0.2799543 -0.03590446 -0.02749488 0.313339 -0.03625017 -0.0151818 0 -0.0231539 -0.03724904 -0.0432121 1.01 0.3493311 -0.0432121 -0.03244225 0 -0.0432121 -0.05582574 -0.03244225 -0.05598691 0 0.3523622 0.08046644 0.1532548 -0.04365245 -0.02725632 -0.04063296 0 0.3018678 0.3019236 -0.04981238 -0.03972848 -0.04981238 -0.02377977 -0.09220061 -0.01263426 0 -0.02164512 -0.08366857 -0.01252852 -0.02921214 0.1505953 -0.02103467 0 -0.003070776 -0.01437478 -0.04333826 -0.02725632 -0.02438032 -0.05064921 0 -0.04496146 0 -0.02921214 -0.01552683 -0.03715967 -0.04017665 -0.02725632 0.1404017 -0.01807029 0.285391 -0.02322505 -0.02823281 0.285391 0 0 -0.02931282 0.3475588 -0.02854635 -0.0131508 0.1467362 0.3485189 0 -0.02082036 0.3511242 0.3499888 -0.01222396 -0.07013471 0 0 -0.03042887 -0.03468789 0.008314856 -0.0329456 -0.04062461 0.8064047 -0.1109301 -0.005874261 0 -0.01631539 0 0.1131208 0.1008216 -0.02106656 0 -0.112514 -0.02119778 0 0 0.1712536 -0.005019575 0 -0.01457993 -0.07085398 -0.03256946 -0.03619965 -0.03389209 -0.03180098 -0.05462953 -0.03094219 0.6731882 0 -0.05088471 0 -0.0562419 -0.05614328 -0.008616776 -0.04127132 -0.03601217 0.3459207 -0.06604866 0 0.1204545 0.1204545 -0.01835828 -0.01198109 -0.02571032 -0.03376241 -0.01787118 -0.02249944 -0.03376241 0.1204545 0.1204545 0.1626604 0 -0.03601217 -0.003089535 0.2140365 -0.03595569 -0.0428314 -0.06543748 -0.04143258 0 -0.01275778 -0.01365487 0 0 -0.07263365 -0.07334465 -0.07273556 -0.06604866 -0.02061472 -0.01845461 -0.01737124 -0.03615601 -0.01407114 -0.03615601 -0.01275778 -0.01275778 -0.02068741
-0.1025054 0.1051378 -0.1012343 0 0.06719085 0.3337117 0.5276724 -0.06579886 -0.004242226 -0.08983273 -0.06217692 0 -0.07385187 -0.0914595 -0.1298407 0.3493311 1.01 -0.1298407 -0.08549988 0 -0.1298407 -0.1605317 -0.08549988 -0.1622356 0 0.02955653 0.2298302 0.07762108 -0.1259821 -0.07669905 -0.1238371 0 -0.01201641 -0.01233139 0.320735 -0.09678634 0.320735 0.09053409 0.1847789 -0.03687671 0 -0.04340468 0.2317722 -0.03861494 -0.0740607 0.08971593 -0.04921426 0 -0.04826291 -0.05478181 -0.1256362 -0.07669905 -0.07054518 -0.02565996 0 -0.1051114 0 -0.0740607 0.2380023 0.421238 -0.09548915 -0.07669905 0.0374612 -0.01954719 -0.01863838 -0.03177065 -0.07869823 -0.01863838 0 0 -0.07435121 0.03540919 -0.08104208 -0.04906877 -0.1943502 0.03652461 0 -0.07575821 0.03144757 0.02990124 -0.03690049 0.2178582 0 0 -0.110315 0.496324 0.2754682 -0.06914339 -0.109291 0.2956685 0.02049087 0.2722332 0 -0.07654449 0 0.07352928 0.03030858 -0.06416311 0 0.01929401 -0.06452287 0 0 -0.09644469 -0.03666628 0 -0.05352656 -0.1788199 -0.1105817 -0.0967532 -0.08864377 -0.1098237 0.002045645 -0.1056402 0.3485294 0 -0.1345979 0 -0.1007569 -0.1004672 -0.03413325 -0.09912561 -0.09621406 0.02755657 0.1056988 0 0.02002354 0.02002354 -0.04522574 -0.03371227 -0.06565145 0.321607 0.04458743 -0.05226094 0.321607 0.02002354 0.02002354 0.1022661 0 -0.09621406 0.2109429 -0.06131119 0.5005439 -0.123711 0.07953179 -0.09901108 0 -0.05880183 -0.06008976 0 0 0.07609605 0.1040885 0.07564065 0.1056988 -0.04861427 -0.08385392 -0.03974979 -0.09408319 -0.02843486 -0.09408319 -0.05880183 -0.05880183 -0.05686354
-0.05389212 -0.07392363 -0.09316667 0 -0.05565739 -0.1328661 -0.06984224 -0.06507739 -0.1365045 -0.08820274 -0.060841 0 -0.06450177 -0.09064268 1 -0.0432121 -0.1298407 1.01 -0.06716614 0 1 0.79968 -0.06716614 0.7875561 0 0.8255555 0.2155577 0.3547937 0.9605148 -0.0585689 -0.09505279 0 0.7549281 0.7550654 -0.1053203 -0.08151056 -0.1053203 -0.06133457 -0.2155298 -0.02013929 0 -0.0340529 -0.1926596 0.1853267 -0.07072292 0.4364474 -0.04093279 0 -0.04630482 -0.03516659 0.9631327 -0.0585689 -0.04774017 -0.09291063 0 -0.09717457 0 -0.07072292 -0.02877501 -0.08261601 -0.0886762 -0.0585689 0.4068232 -0.04125758 0.7573706 -0.04680864 -0.05940222 0.7573706 0 0 -0.0709692 0.8766875 -0.07431389 -0.04137301 0.3348621 0.878554 0 -0.1148504 0.8869844 0.879218 -0.02587196 -0.1231317 0 0 -0.1334798 -0.077092 -0.04429942 0.5762193 -0.09419202 0.07834983 -0.2351935 -0.04482495 0 -0.06403782 0 0.3323113 0.2689612 -0.05272175 0 -0.2372547 -0.05303964 0 0 -0.2084927 -0.02775479 0 -0.0376185 -0.1704631 -0.1322847 -0.0857076 -0.0893276 -0.1330381 -0.07559716 -0.1325985 0.06269251 0 -0.1269011 0 -0.1455961 -0.1453572 -0.03251104 -0.09366262 -0.08524348 0.8741663 -0.1983936 0 0.2675816 0.2675816 -0.05258329 -0.026953 -0.06653515 -0.04352273 -0.06183546 -0.03195296 -0.04352273 0.2675816 0.2675816 0.3813167 0 -0.08524348 -0.03905855 0.5281682 -0.07564994 0.9374906 -0.197036 -0.09406338 0 -0.05143066 -0.03901154 0 0 -0.2163651 -0.2187322 -0.2165903 -0.1983936 0.342055 0.6238955 -0.1029161 -0.08560024 -0.03736852 -0.08560024 -0.05143066 -0.05143066 -0.1146993
-0.06110418 0.1702083 -0.05778947 0 0.3634718 0.009503566 -0.03793285 -0.03575004 0.5360681 -0.0580819 -0.0360981 0 -0.04300989 -0.05976408 -0.06716614 -0.03244225 -0.08549988 -0.06716614 1.01 0 -0.06716614 0.5453591 1 0.5368254 0 -0.07996938 0.1375896 0.07238956 -0.06682777 0.5758125 -0.07917853 0 0.2505932 0.2506697 -0.07579963 -0.06328747 -0.07579963 0.4846753 0.03644658 -0.03770398 0 -0.02823939 0.06477932 -0.03701487 -0.05395684 0.02328153 -0.02923165 0 -0.02825147 -0.02960691 -0.0662906 0.5758125 -0.03179032 -0.007455087 0 -0.06916028 0 -0.05395684 -0.0218268 -0.05621318 -0.06149539 0.5758125 0.07073022 -0.03496117 0.251447 -0.03811388 0.5684782 0.251447 0 0 -0.05411969 -0.08031511 -0.05603587 0.5003894 0.05929423 -0.07909144 0 -0.06306331 -0.07774979 -0.07875736 -0.03565039 0.08103528 0 0 0.257369 -0.04830215 -0.04295534 -0.03957152 -0.06700531 -0.03772985 -0.0109845 -0.04250831 0 -0.03525712 0 -0.06504256 -0.1722182 0.7229677 0 -0.01142659 0.7213777 0 0 0.096762 -0.03890305 0 -0.04302117 -0.09318223 0.2546649 -0.02577582 -0.05839857 0.2573262 -0.08832098 0.2566245 -0.04118452 0 -0.06032797 0 0.1396344 0.1398498 -0.02588353 -0.06390256 -0.02537807 -0.07804592 0.1428442 0 0.1649645 0.1649645 -0.04014034 0.3400795 -0.03392044 -0.03809302 0.3342026 -0.02013594 -0.03809302 0.1649645 0.1649645 0.06576614 0 -0.02537807 -0.03597306 0.03605935 -0.04729287 -0.06723469 0.1459714 -0.06417631 0 0.3823992 0.3771742 0 0 0.1242235 0.1202897 0.1239057 0.1428442 -0.01440282 -0.04300193 -0.01543233 -0.02569201 0.1652589 -0.02569201 0.3823992 0.3823992 -0.02413712
0 0 0 0 0 0 0 0 0 0 0 0 0 0 0 0 0 0 0 1.01 0 0 0 0 0 0 0 0 0 0 0 0 0 0 0 0 0 0 0 0 0 0 0 0 0 0 0 0 0 0 0 0 0 0 0 0 0 0 0 0 0 0 0 0 0 0 0 0 0 0 0 0 0 0 0 0 0 0 0 0 0 0 0 0 0 0 0 0 0 0 0 0 0 0 0 0 0 0 0 0 0 0 0 0 0 0 0 0 0 0 0 0 0 0 0 0 0 0 0 0 0 0 0 0 0 0 0 0 0 0 0 0 0 0 0 0 0 0 0 0 0 0 0 0 0 0 0 0 0 0 0 0 0 0 0 0 0 0 0 0 0 0 0 0
-0.05389212 -0.07392363 -0.09316667 0 -0.05565739 -0.1328661 -0.06984224 -0.06507739 -0.1365045 -0.08820274 -0.060841 0 -0.06450177 -0.09064268 1 -0.0432121 -0.1298407 1 -0.06716614 0 1.01 0.79968 -0.06716614 0.7875561 0 0.8255555 0.2155577 0.3547937 0.9605148 -0.0585689 -0.09505279 0 0.7549281 0.7550654 -0.1053203 -0.08151056 -0.1053203 -0.06133457 -0.2155298 -0.02013929 0 -0.0340529 -0.1926596 0.1853267 -0.07072292 0.4364474 -0.04093279 0 -0.04630482 -0.03516659 0.9631327 -0.0585689 -0.04774017 -0.09291063 0 -0.09717457 0 -0.07072292 -0.02877501 -0.08261601 -0.0886762 -0.0585689 0.4068232 -0.04125758 0.7573706 -0.04680864 -0.05940222 0.7573706 0 0 -0.0709692 0.8766875 -0.07431389 -0.04137301 0.3348621 0.878554 0 -0.1148504 0.8869844 0.879218 -0.02587196 -0.1231317 0 0 -0.1334798 -0.077092 -0.04429942 0.5762193 -0.09419202 0.07834983 -0.2351935 -0.04482495 0 -0.06403782 0 0.3323113 0.2689612 -0.05272175 0 -0.2372547 -0.05303964 0 0 -0.2084927 -0.02775479 0 -0.0376185 -0.1704631 -0.1322847 -0.0857076 -0.0893276 -0.1330381 -0.07559716 -0.1325985 0.06269251 0 -0.1269011 0 -0.1455961 -0.1453572 -0.03251104 -0.09366262 -0.08524348 0.8741663 -0.1983936 0 0.2675816 0.2675816 -0.05258329 -0.026953 -0.06653515 -0.04352273 -0.06183546 -0.03195296 -0.04352273 0.2675816 0.2675816 0.3813167 0 -0.08524348 -0.03905855 0.5281682 -0.07564994 0.9374906 -0.197036 -0.09406338 0 -0.05143066 -0.03901154 0 0 -0.2163651 -0.2187322 -0.2165903 -0.1983936 0.342055 0.6238955 -0.1029161 -0.08560024 -0.03736852 -0.08560024 -0.05143066 -0.05143066 -0.1146993
-0.08204635 0.04032564 -0.1130461 0 0.1719742 -0.1059016 -0.08150187 -0.07618534 0.2079205 -0.1090519 -0.07283581 0 -0.08007064 -0.112114 0.79968 -0.05582574 -0.1605317 0.79968 0.5453591 0 0.79968 1.01 0.5453591 0.9846793 0 0.6454245 0.2638894 0.341625 0.7667121 0.2973118 -0.1275023 0 0.7850181 0.7851796 -0.1340947 -0.1065625 -0.1340947 0.2401433 -0.1591334 -0.03960871 0 -0.04560188 -0.12287 0.1334179 -0.09188473 0.3806698 -0.0519788 0 -0.05590198 -0.04736044 0.7692347 0.2973118 -0.05923745 -0.08254055 0 -0.123256 0 -0.09188473 -0.03730892 -0.1032339 -0.1115039 0.2973118 0.3843364 -0.0556996 0.7875839 -0.0622603 0.2921981 0.7875839 0 0 -0.09218963 0.6881724 -0.09615263 0.2663696 0.3169999 0.6904768 0 -0.1344364 0.6983666 0.6912356 -0.04318891 -0.05467703 0 0 0.04274453 -0.09383249 -0.06306582 0.460268 -0.1194535 0.04311639 -0.2041962 -0.0632383 0 -0.07501537 0 0.2400329 0.1223157 0.3907799 0 -0.2061939 0.3895559 0 0 -0.1169247 -0.04672808 0 -0.05749279 -0.1992817 0.04212128 -0.08751443 -0.1101875 0.04308988 -0.1166594 0.04303691 0.02788371 0 -0.1429141 0 -0.03828529 -0.03795498 -0.04288884 -0.1171416 -0.08688517 0.6874198 -0.08070886 0 0.3240684 0.3240684 -0.06833107 0.1820117 -0.07630897 -0.05948725 0.1491703 -0.03896118 -0.05948725 0.3240684 0.3240684 0.3599211 0 -0.08688517 -0.05446113 0.4654138 -0.09201364 0.7471246 -0.07768639 -0.117643 0 0.1869153 0.1942043 0 0 -0.1070124 -0.1113682 -0.1073928 -0.08070886 0.2786929 0.4982564 -0.09574669 -0.0873738 0.06805711 -0.0873738 0.1869153 0.1869153 -0.1108842
-0.06110418 0.1702083 -0.05778947 0 0.3634718 0.009503566 -0.03793285 -0.03575004 0.5360681 -0.0580819 -0.0360981 0 -0.04300989 -0.05976408 -0.06716614 -0.03244225 -0.08549988 -0.06716614 1 0 -0.06716614 0.5453591 1.01 0.5368254 0 -0.07996938 0.1375896 0.07238956 -0.06682777 0.5758125 -0.07917853 0 0.2505932 0.2506697 -0.07579963 -0.06328747 -0.07579963 0.4846753 0.03644658 -0.03770398 0 -0.02823939 0.06477932 -0.03701487 -0.05395684 0.02328153 -0.02923165 0 -0.02825147 -0.02960691 -0.0662906 0.5758125 -0.03179032 -0.007455087 0 -0.06916028 0 -0.05395684 -0.0218268 -0.05621318 -0.06149539 0.5758125 0.07073022 -0.03496117 0.251447 -0.03811388 0.5684782 0.251447 0 0 -0.05411969 -0.08031511 -0.05603587 0.5003894 0.05929423 -0.07909144 0 -0.06306331 -0.07774979 -0.07875736 -0.03565039 0.08103528 0 0 0.257369 -0.04830215 -0.04295534 -0.03957152 -0.06700531 -0.03772985 -0.0109845 -0.04250831 0 -0.03525712 0 -0.06504256 -0.1722182 0.7229677 0 -0.01142659 0.7213777 0 0 0.096762 -0.03890305 0 -0.04302117 -0.09318223 0.2546649 -0.02577582 -0.05839857 0.2573262 -0.08832098 0.2566245 -0.04118452 0 -0.06032797 0 0.1396344 0.1398498 -0.02588353 -0.06390256 -0.02537807 -0.07804592 0.1428442 0 0.1649645 0.1649645 -0.04014034 0.3400795 -0.03392044 -0.03809302 0.3342026 -0.02013594 -0.03809302 0.1649645 0.1649645 0.06576614 0 -0.02537807 -0.03597306 0.03605935 -0.04729287 -0.06723469 0.1459714 -0.06417631 0 0.3823992 0.3771742 0 0 0.1242235 0.1202897 0.1239057 0.1428442 -0.01440282 -0.04300193 -0.01543233 -0.02569201 0.1652589 -0.02569201 0.3823992 0.3823992 -0.02413712
-0.08459439 0.03665695 -0.1130386 0 0.1679938 -0.1082346 -0.08162604 -0.07809228 0.2022827 -0.1087881 -0.07390948 0 -0.08294333 -0.1119123 0.7875561 -0.05598691 -0.1622356 0.7875561 0.5368254 0 0.7875561 0.9846793 0.5368254 1.01 0 0.6345777 0.2440695 0.3278956 0.7552697 0.2905487 -0.1290658 0 0.7713742 0.7715364 -0.1365065 -0.1071097 -0.1365065 0.2362442 -0.1651859 -0.04180642 0 -0.04746228 -0.1277189 0.1298105 -0.09500388 0.3682852 -0.05076324 0 -0.05469816 -0.04863976 0.7577914 0.2905487 -0.06020211 -0.08452159 0 -0.1248769 0 -0.09500388 -0.03730719 -0.1028422 -0.1124411 0.2905487 0.3701534 -0.0569296 0.7739526 -0.06359897 0.2854232 0.7739526 0 0 -0.09531193 0.6771948 -0.09952333 0.2637729 0.3018663 0.6794986 0 -0.1376407 0.6869678 0.6798296 -0.04548292 -0.05863576 0 0 0.03625526 -0.09292541 -0.06420229 0.4537161 -0.1212248 0.04098659 -0.2113367 -0.06434924 0 -0.07764163 0 0.2258004 0.1059223 0.3845285 0 -0.2133107 0.3833079 0 0 -0.1262431 -0.0484561 0 -0.05990232 -0.2037276 0.03565106 -0.09109175 -0.1125181 0.03665717 -0.1190529 0.0365888 0.02572406 0 -0.147231 0 -0.04382895 -0.04349459 -0.04484353 -0.11838 -0.09045817 0.6759825 -0.08585264 0 0.3078907 0.3078907 -0.06888334 0.1779103 -0.07825875 -0.06038185 0.1464447 -0.04069267 -0.06038185 0.3078907 0.3078907 0.3476124 0 -0.09045817 -0.0553206 0.4530607 -0.09106494 0.7356113 -0.0826736 -0.1188898 0 0.1829023 0.1900443 0 0 -0.1127622 -0.1172604 -0.113146 -0.08585264 0.2778174 0.4899691 -0.09812531 -0.09094965 0.06513474 -0.09094965 0.1829023 0.1829023 -0.1135889
0 0 0 0 0 0 0 0 0 0 0 0 0 0 0 0 0 0 0 0 0 0 0 0 1.01 0 0 0 0 0 0 0 0 0 0 0 0 0 0 0 0 0 0 0 0 0 0 0 0 0 0 0 0 0 0 0 0 0 0 0 0 0 0 0 0 0 0 0 0 0 0 0 0 0 0 0 0 0 0 0 0 0 0 0 0 0 0 0 0 0 0 0 0 0 0 0 0 0 0 0 0 0 0 0 0 0 0 0 0 0 0 0 0 0 0 0 0 0 0 0 0 0 0 0 0 0 0 0 0 0 0 0 0 0 0 0 0 0 0 0 0 0 0 0 0 0 0 0 0 0 0 0 0 0 0 0 0 0 0 0 0 0 0 0
-0.05226352 0.03177211 -0.1064383 0 -0.05765536 -0.01676022 -0.07986512 -0.07472897 -0.01025905 -0.1021884 -0.06312264 0 -0.06976051 -0.1043022 0.8255555 0.3523622 0.02955653 0.8255555 -0.07996938 0 0.8255555 0.6454245 -0.07996938 0.6345777 0 1.01 0.2389682 0.4054509 0.8509177 0.08598335 -0.110018 0 0.8467307 0.8468855 -0.1204737 -0.09799708 -0.1204737 -0.06445219 -0.2441174 0.2499671 0 -0.03667924 -0.2183999 0.1547949 -0.08027069 0.4147928 -0.0505415 0 -0.04958136 -0.04413816 0.8529502 0.08598335 -0.05734278 -0.1153722 0 -0.1125676 0 -0.08027069 -0.02568746 -0.09398053 -0.1045168 0.08598335 0.4462805 -0.04073683 0.8425959 -0.05399308 0.0825426 0.8425959 0 0 -0.08054882 0.8844339 -0.08396249 -0.03961408 0.3811986 0.8869578 0 -0.1151449 0.8946047 0.8872149 0.2315187 -0.1476161 0 0 -0.04802647 -0.08674888 -0.04227202 0.5045321 -0.107242 0.2994267 -0.2734334 -0.04833046 0 -0.07154002 0 0.2986905 0.2348975 -0.06559796 0 -0.2759241 -0.06594652 0 0 -0.09809617 -0.02987141 0 -0.03997363 -0.1955718 -0.04714819 -0.09448358 -0.1024308 -0.04743579 -0.09922211 -0.04682495 0.2448581 0 -0.1450337 0 -0.1637755 -0.1635053 -0.03603355 -0.110016 -0.09710104 0.8806222 -0.1447036 0 0.3058039 0.3058039 -0.06100644 -0.02304232 -0.07448724 -0.05116092 -0.06401106 -0.0341664 -0.05116092 0.3058039 0.3058039 0.4321301 0 -0.09710104 -0.04156333 0.5213549 -0.08584501 0.8276416 -0.1435312 -0.1104649 0 -0.05082514 -0.04104224 0 0 -0.1667721 -0.1698413 -0.1670736 -0.1447036 0.3045803 0.5591016 -0.1033233 -0.09750282 -0.03869154 -0.09750282 -0.05082514 -0.05082514 -0.1148297
-0.0249426 0.0828309 0.1355281 0 0.07880833 0.1625728 0.1137176 0.09988837 0.1718241 0.1617473 0.1234347 0 -0.1904753 0.1545309 0.2155577 0.08046644 0.2298302 0.2155577 0.1375896 0 0.2155577 0.2638894 0.1375896 0.2440695 0 0.2389682 1.01 0.504183 0.2018062 0.1466914 0.1988816 0 0.285207 0.2850487 0.1965434 0.1778629 0.1965434 0.1020984 0.373742 0.09442198 0 -0.0710711 0.3210004 0.08299107 0.1486967 0.4542992 -0.05514509 0 0.09388589 0.09007719 0.2040172 0.1466914 0.06746983 0.191075 0 0.1272253 0 0.1486967 0.05677197 0.01401869 0.17726 0.1466914 0.5013896 0.04945771 0.2842077 -0.2136987 0.148707 0.2842077 0 0 0.1486581 0.2315929 0.1065801 0.07049724 0.5268512 0.2297953 0 0.2226493 0.2284964 0.2198783 0.09791861 0.2853902 0 0 0.2572001 0.1391395 0.03678716 0.121839 0.1448193 0.1023359 0.4395089 0.03582465 0 0.07137553 0 0.5604105 0.6765763 0.1000256 0 0.417994 0.09928219 0 0 0.4155333 0.05974931 0 -0.02478403 0.2712877 0.2620448 0.1316504 0.1497951 0.2665651 0.224876 0.2682309 0.09337122 0 0.2042873 0 0.18119 0.1815981 -0.1517751 0.18588 0.1315281 0.2188115 0.3914709 0 0.6486568 0.6486568 0.09396969 0.06879446 0.1010448 0.100251 -0.01034572 -0.1594283 0.100251 0.6486568 0.6486568 0.521802 0 0.1315281 0.02742971 0.2933603 0.1393145 0.2006287 0.3862575 0.1850176 0 -0.0374897 -0.03583482 0 0 0.4188198 0.423556 0.4178434 0.3914709 0.06909614 0.1402299 0.2049942 0.1314215 -0.06357732 0.1314215 -0.0374897 -0.0374897 0.2198099
0.1070252 0.05284815 0.254729 0 -0.07633943 0.1377384 -0.1641162 0.1933659 0.2724114 0.313141 -0.1424881 0 -0.08263847 0.3064074 0.3547937 0.1532548 0.07762108 0.3547937 0.07238956 0 0.3547937 0.341625 0.07238956 0.3278956 0 0.4054509 0.504183 1.01 0.3350953 0.2740162 -0.2438807 0 0.4977374 0.4974407 0.3759633 0.3404768 0.3759633 -0.1281597 0.5897923 0.1673109 0 0.1163634 0.4940478 0.04110357 0.2655112 0.7558307 -0.03988136 0 0.1610811 0.1545171 0.3366444 0.2740162 -0.002637842 0.2915917 0 0.355605 0 0.2655112 0.1093349 -0.206733 0.3382184 0.2740162 0.9684153 0.09594515 0.4960867 -0.1312994 0.2757955 0.4960867 0 0 0.2654522 0.3883305 0.2351848 -0.1142004 0.6534499 0.3903357 0 -0.2326652 0.3870149 0.3789319 0.1742843 -0.11653 0 0 -0.05546103 -0.1550335 -0.08731856 0.1670923 0.3768356 0.1915209 0.3752218 -0.090734 0 0.1456378 0 0.5835407 0.4563839 0.1937164 0 0.3549094 0.1942652 0 0 0.4496375 -0.08322329 0 0.01493071 0.4923062 -0.04628945 0.1813397 0.2865759 -0.05280449 -0.1060448 -0.05032034 0.1287197 0 0.3378014 0 0.2236103 0.2240584 -0.08065825 0.35055 0.1805285 0.3806122 0.1024052 0 0.4748319 0.4748319 0.1724359 -0.0751251 0.196093 0.1930045 -0.1456566 -0.08431232 0.1930045 0.4748319 0.4748319 0.3075549 0 0.1805285 -0.06990261 0.3552195 -0.1526509 0.329885 0.1098179 0.3493356 0 -0.1336374 -0.1278556 0 0 0.1769351 0.1702301 0.1759329 0.1024052 0.1386541 0.2529564 -0.1708739 0.1817372 -0.07839933 0.1817372 -0.1336374 -0.1336374 -0.2023622
