1.01 0 0 0 0 0 0 0 0 0 0 0 0 0 0 0 0 0 0 0 0 0 0 0 0 0 0 0 0 0 0 0 0 0 0 0 0 0 0 0 0 0 0 0 0 0 0 0 0 0 0 0 0 0 0 0 0 0 0 0 0 0 0 0 0 0 0 0 0 0 0 0 0 0 0 0 0 0 0 0 0 0 0 0 0 0 0 0 0 0 0 0 0 0 0 0 0 0 0 0 0 0 0 0 0 0 0 0 0 0 0 0 0 0 0 0 0 0 0 0 0 0 0 0 0 0 0 0 0 0 0 0 0 0 0 0 0 0 0 0 0 0 0 0 0 0 0 0 0 0 0 0 0 0 0 0 0 0 0 0 0 0 0 0 0 0 0 0 0 0 0 0 0 0 0 0 0 0 0 0 0 0 0 0 0 0 0 0 0 0 0 0 0 0 0 0 0
0 1.01 0 0 0.1206099 0.2138342 0 0 0.1235263 0 0.07435248 0.1206099 0 0.5132037 0 0 0.1235263 0 0.1206099 0 0 0 0 0.5919375 0.4479048 0.2183094 0 0.9909753 0 0.07705365 0.1206099 0.03477832 0.0219598 0.07968571 0.1206099 0.02131805 0.07241298 0.510094 0.4462183 0.4573175 0 0 0.6172868 0.1258354 0 0.03736568 0.5147034 0 0 0.1133488 0 0 0.4580317 0 0.1145481 0 0 0 0 0 0 0 0.7759968 0 0 0 0 0.07844597 0 0 0.07681596 0.1730018 0.2263926 0 0 0.3002683 0.08452344 0 0.07815515 0.08359644 0.08115815 0.08115815 0.08115815 0.08115815 0.08359644 0 0.08359644 0 0.2293762 0.08359644 0.09217627 0 0.07705365 0 0.08359644 0.2044275 0.08359644 0 0.08359644 0.08359644 0.0918064 0.4193577 0 0.4166013 0 0.3009333 0 0 0 0.0366819 0 -0.08580593 0.2112374 0 0 0 0.04124561 0.4016123 0.2114331 0.05349475 -0.5231561 -0.5231561 -0.5231561 -0.08811751 -0.06145667 -0.0360689 0 -0.5203029 0 0 0 0 0.20945 0.2068036 0 -0.08590299 0 0 0.4082951 0 0 0 -0.4442488 0 0 0 0.05444693 0 0 0 0.09849715 0 0 0 0.04477225 0.02772557 0 0 -0.2316471 0 0 0 0 0 0 0.04477225 0.4134276 0 0 0.3821894 0 -0.752877 0 0 0 0 0 0 0 -0.3473885 0 0.09007079 0 0.08989422 0 -0.3296984 0 0.3446122 0 0 0 0.130501 0.0442947 0 0.033064 -0.474739 0
0 0 1.01 0 0 0 0 0 0 0 0 0 0 0 0 0 0 0 0 0 0 0 0 0 0 0 0 0 0 0 0 0 0 0 0 0 0 0 0 0 0 0 0 0 0 0 0 0 0 0 0 0 0 0 0 0 0 0 0 0 0 0 0 0 0 0 0 0 0 0 0 0 0 0 0 0 0 0 0 0 0 0 0 0 0 0 0 0 0 0 0 0 0 0 0 0 0 0 0 0 0 0 0 0 0 0 0 0 0 0 0 0 0 0 0 0 0 0 0 0 0 0 0 0 0 0 0 0 0 0 0 0 0 0 0 0 0 0 0 0 0 0 0 0 0 0 0 0 0 0 0 0 0 0 0 0 0 0 0 0 0 0 0 0 0 0 0 0 0 0 0 0 0 0 0 0 0 0 0 0 0 0 0 0 0 0 0 0 0 0 0 0 0 0 0 0 0
0 0 0 1.01 0 0 0 0 0 0 0 0 0 0 0 0 0 0 0 0 0 0 0 0 0 0 0 0 0 0 0 0 0 0 0 0 0 0 0 0 0 0 0 0 0 0 0 0 0 0 0 0 0 0 0 0 0 0 0 0 0 0 0 0 0 0 0 0 0 0 0 0 0 0 0 0 0 0 0 0 0 0 0 0 0 0 0 0 0 0 0 0 0 0 0 0 0 0 0 0 0 0 0 0 0 0 0 0 0 0 0 0 0 0 0 0 0 0 0 0 0 0 0 0 0 0 0 0 0 0 0 0 0 0 0 0 0 0 0 0 0 0 0 0 0 0 0 0 0 0 0 0 0 0 0 0 0 0 0 0 0 0 0 0 0 0 0 0 0 0 0 0 0 0 0 0 0 0 0 0 0 0 0 0 0 0 0 0 0 0 0 0 0 0 0 0 0
0 0.1206099 0 0 1.01 -0.1265231 0 0 -0.07167423 0 -0.05000196 1 0 0.232129 0 0 -0.07167423 0 1 0 0 0 0 0.1968252 -0.2561169 -0.1179222 0 0.1207084 0 0.5634367 1 -0.02185019 -0.03349117 0.5504865 1 -0.01360901 -0.04424715 0.2323517 -0.2557053 -0.2588854 0 0 -0.1784382 -0.07727388 0 -0.02916345 0.1805973 0 0 0.9377387 0 0 -0.2593118 0 0.9342429 0 0 0 0 0 0 0 0.09734065 0 0 0 0 0.6302459 0 0 0.6290171 -0.07561836 0.1710506 0 0 0.3395169 0.6324529 0 0.6293163 0.6339419 0.6190756 0.6190756 0.6190756 0.6190756 0.6339419 0 0.6339419 0 0.1712982 0.6339419 0.5938706 0 0.5634367 0 0.6339419 -0.1235121 0.6339419 0 0.6339419 0.6339419 0.5644343 -0.2250651 0 -0.2257526 0 0.3394476 0 0 0 -0.03533826 0 -0.3809978 -0.1278292 0 0 0 -0.0324841 -0.2171516 -0.1287828 -0.04287815 -0.1989693 -0.1989693 -0.1989693 -0.4058031 -0.3911274 -0.3787402 0 -0.1978598 0 0 0 0 -0.1227881 -0.1232295 0 -0.3768978 0 0 -0.2242989 0 0 0 -0.06404513 0 0 0 -0.05202087 0 0 0 0.06109229 0 0 0 -0.01161422 -0.03173887 0 0 -0.0406724 0 0 0 0 0 0 -0.01161422 -0.2204516 0 0 -0.2233909 0 0.1092318 0 0 0 0 0 0 0 0.2255745 0 0.3705333 0 0.3708597 0 0.2285824 0 -0.2258872 0 0 0 0.4437217 0.3674675 0 -0.01465286 -0.1754001 0
0 0.2138342 0 0 -0.1265231 1.01 0 0 -0.1346586 0 0.3816053 -0.1265231 0 -0.5619114 0 0 -0.1346586 0 -0.1265231 0 0 0 0 -0.6548915 -0.4958113 -0.2432918 0 0.213765 0 -0.07790912 -0.1265231 -0.03933513 0.1586745 -0.06708697 -0.1265231 -0.04597937 -0.06581161 -0.5609736 -0.4935941 -0.4604442 0 0 0.03014833 -0.144006 0 -0.05349182 -0.5255227 0 0 -0.1269178 0 0 -0.4632222 0 -0.1260999 0 0 0 0 0 0 0 0.2561129 0 0 0 0 -0.1007137 0 0 -0.1008879 -0.2459821 0.8537408 0 0 0.6726775 -0.09867612 0 -0.09882205 -0.0996693 -0.09552969 -0.09552969 -0.09552969 -0.09552969 -0.0996693 0 -0.0996693 0 0.8552588 -0.0996693 -0.1064025 0 -0.07790912 0 -0.0996693 0.9596501 -0.0996693 0 -0.0996693 -0.0996693 -0.1092571 -0.4676349 0 -0.4689229 0 0.669544 0 0 0 0.03415276 0 -0.1394383 0.7905534 0 0 0 -0.062955 -0.4434758 0.79079 0.006522559 0.4927382 0.4927382 0.4927382 -0.1261711 -0.1192829 -0.1124371 0 0.4897999 0 0 0 0 0.7669344 0.7657514 0 -0.1451718 0 0 -0.4174907 0 0 0 -0.08103881 0 0 0 0.2014627 0 0 0 -0.1153223 0 0 0 -0.05183793 0.1177616 0 0 -0.06873486 0 0 0 0 0 0 -0.05183793 -0.4323471 0 0 -0.4386463 0 -0.2150898 0 0 0 0 0 0 0 0.3977427 0 0.1313645 0 0.1316849 0 0.400577 0 -0.398394 0 0 0 -0.1535054 -0.07045286 0 -0.04810621 0.426307 0
0 0 0 0 0 0 1.01 0 0 0 0 0 0 0 0 0 0 0 0 0 0 0 0 0 0 0 0 0 0 0 0 0 0 0 0 0 0 0 0 0 0 0 0 0 0 0 0 0 0 0 0 0 0 0 0 0 0 0 0 0 0 0 0 0 0 0 0 0 0 0 0 0 0 0 0 0 0 0 0 0 0 0 0 0 0 0 0 0 0 0 0 0 0 0 0 0 0 0 0 0 0 0 0 0 0 0 0 0 0 0 0 0 0 0 0 0 0 0 0 0 0 0 0 0 0 0 0 0 0 0 0 0 0 0 0 0 0 0 0 0 0 0 0 0 0 0 0 0 0 0 0 0 0 0 0 0 0 0 0 0 0 0 0 0 0 0 0 0 0 0 0 0 0 0 0 0 0 0 0 0 0 0 0 0 0 0 0 0 0 0 0 0 0 0 0 0 0
0 0 0 0 0 0 0 1.01 0 0 0 0 0 0 0 0 0 0 0 0 0 0 0 0 0 0 0 0 0 0 0 0 0 0 0 0 0 0 0 0 0 0 0 0 0 0 0 0 0 0 0 0 0 0 0 0 0 0 0 0 0 0 0 0 0 0 0 0 0 0 0 0 0 0 0 0 0 0 0 0 0 0 0 0 0 0 0 0 0 0 0 0 0 0 0 0 0 0 0 0 0 0 0 0 0 0 0 0 0 0 0 0 0 0 0 0 0 0 0 0 0 0 0 0 0 0 0 0 0 0 0 0 0 0 0 0 0 0 0 0 0 0 0 0 0 0 0 0 0 0 0 0 0 0 0 0 0 0 0 0 0 0 0 0 0 0 0 0 0 0 0 0 0 0 0 0 0 0 0 0 0 0 0 0 0 0 0 0 0 0 0 0 0 0 0 0 0
0 0.1235263 0 0 -0.07167423 -0.1346586 0 0 1.01 0 -0.04168839 -0.07167423 0 -0.3026954 0 0 1 0 -0.07167423 0 0 0 0 0.2066658 -0.2646964 -0.133716 0 0.1242053 0 -0.03256969 -0.07167423 -0.02877955 -0.0210991 -0.0349509 -0.07167423 0.2413017 -0.03844327 -0.3012418 -0.2629539 -0.2683693 0 0 -0.3626307 0.9564418 0 0.3655891 -0.2622037 0 0 -0.04712844 0 0 -0.2389619 0 -0.0410953 0 0 0 0 0 0 0 -0.4196608 0 0 0 0 -0.03936642 0 0 -0.03894896 -0.1390787 -0.1400419 0 0 0.3549737 -0.03312522 0 -0.03888567 -0.03782194 -0.06216864 -0.06216864 -0.06216864 -0.06216864 -0.03782194 0 -0.03782194 0 -0.1395027 -0.03782194 -0.04005538 0 -0.03256969 0 -0.03782194 -0.1310448 -0.03782194 0 -0.03782194 -0.03782194 0.1162974 -0.2360252 0 -0.2359115 0 0.354039 0 0 0 0.03495621 0 0.04902929 0.03621057 0 0 0 0.3280541 -0.2312685 0.03635826 0.02237733 -0.01714052 -0.01714052 -0.01714052 0.0270183 0.02888379 0.03328604 0 -0.0192928 0 0 0 0 0.04119862 0.04063098 0 0.05034047 0 0 -0.23474 0 0 0 -0.06172717 0 0 0 -0.05221816 0 0 0 0.6707778 0 0 0 -0.01908488 -0.02130025 0 0 0.1052348 0 0 0 0 0 0 -0.01908488 -0.2288386 0 0 -0.2333462 0 -0.06259623 0 0 0 0 0 0 0 0.2268144 0 -0.05083848 0 -0.05073102 0 0.2296333 0 -0.227169 0 0 0 0.4575679 -0.0300044 0 0.002480186 -0.007185903 0
0 0 0 0 0 0 0 0 0 1.01 0 0 0 0 0 0 0 0 0 0 0 0 0 0 0 0 0 0 0 0 0 0 0 0 0 0 0 0 0 0 0 0 0 0 0 0 0 0 0 0 0 0 0 0 0 0 0 0 0 0 0 0 0 0 0 0 0 0 0 0 0 0 0 0 0 0 0 0 0 0 0 0 0 0 0 0 0 0 0 0 0 0 0 0 0 0 0 0 0 0 0 0 0 0 0 0 0 0 0 0 0 0 0 0 0 0 0 0 0 0 0 0 0 0 0 0 0 0 0 0 0 0 0 0 0 0 0 0 0 0 0 0 0 0 0 0 0 0 0 0 0 0 0 0 0 0 0 0 0 0 0 0 0 0 0 0 0 0 0 0 0 0 0 0 0 0 0 0 0 0 0 0 0 0 0 0 0 0 0 0 0 0 0 0 0 0 0
0 0.07435248 0 0 -0.05000196 0.3816053 0 0 -0.04168839 0 1.01 -0.05000196 0 -0.22547 0 0 -0.04168839 0 -0.05000196 0 0 0 0 -0.2555011 -0.1988765 -0.09949797 0 0.07558495 0 -0.03914296 -0.05000196 -0.01392143 -0.01786799 -0.04049466 -0.05000196 -0.01500678 -0.03898846 -0.2241831 -0.1990698 -0.2005515 0 0 0.07467574 -0.04517057 0 -0.01226109 -0.2246095 0 0 -0.04840367 0 0 -0.2011663 0 -0.04652893 0 0 0 0 0 0 0 0.09642729 0 0 0 0 -0.03068516 0 0 -0.02969772 -0.09450145 0.352374 0 0 0.2798862 -0.0293393 0 -0.03112742 -0.03041349 -0.03443826 -0.03443826 -0.03443826 -0.03443826 -0.03041349 0 -0.03041349 0 0.3524077 -0.03041349 -0.03310163 0 -0.03914296 0 -0.03041349 0.3916827 -0.03041349 0 -0.03041349 -0.03041349 -0.03289606 -0.1980294 0 -0.202115 0 0.2798582 0 0 0 -0.03114895 0 0.05237383 0.3696338 0 0 0 -0.02555071 -0.1871463 0.3698689 -0.03147086 0.244355 0.244355 0.244355 0.04801766 0.0470718 0.04875097 0 0.2422752 0 0 0 0 0.3780758 0.3774567 0 0.03609655 0 0 -0.1903917 0 0 0 -0.01134358 0 0 0 -0.02802158 0 0 0 -0.04077065 0 0 0 -0.02342724 -0.01640158 0 0 -0.0291131 0 0 0 0 0 0 -0.02342724 -0.1866275 0 0 -0.1892469 0 -0.08881115 0 0 0 0 0 0 0 0.1872342 0 -0.05323918 0 -0.05317436 0 0.1856242 0 -0.1871941 0 0 0 -0.05340313 -0.02926943 0 -0.02118018 0.2300765 0
0 0.1206099 0 0 1 -0.1265231 0 0 -0.07167423 0 -0.05000196 1.01 0 0.232129 0 0 -0.07167423 0 1 0 0 0 0 0.1968252 -0.2561169 -0.1179222 0 0.1207084 0 0.5634367 1 -0.02185019 -0.03349117 0.5504865 1 -0.01360901 -0.04424715 0.2323517 -0.2557053 -0.2588854 0 0 -0.1784382 -0.07727388 0 -0.02916345 0.1805973 0 0 0.9377387 0 0 -0.2593118 0 0.9342429 0 0 0 0 0 0 0 0.09734065 0 0 0 0 0.6302459 0 0 0.6290171 -0.07561836 0.1710506 0 0 0.3395169 0.6324529 0 0.6293163 0.6339419 0.6190756 0.6190756 0.6190756 0.6190756 0.6339419 0 0.6339419 0 0.1712982 0.6339419 0.5938706 0 0.5634367 0 0.6339419 -0.1235121 0.6339419 0 0.6339419 0.6339419 0.5644343 -0.2250651 0 -0.2257526 0 0.3394476 0 0 0 -0.03533826 0 -0.3809978 -0.1278292 0 0 0 -0.0324841 -0.2171516 -0.1287828 -0.04287815 -0.1989693 -0.1989693 -0.1989693 -0.4058031 -0.3911274 -0.3787402 0 -0.1978598 0 0 0 0 -0.1227881 -0.1232295 0 -0.3768978 0 0 -0.2242989 0 0 0 -0.06404513 0 0 0 -0.05202087 0 0 0 0.06109229 0 0 0 -0.01161422 -0.03173887 0 0 -0.0406724 0 0 0 0 0 0 -0.01161422 -0.2204516 0 0 -0.2233909 0 0.1092318 0 0 0 0 0 0 0 0.2255745 0 0.3705333 0 0.3708597 0 0.2285824 0 -0.2258872 0 0 0 0.4437217 0.3674675 0 -0.01465286 -0.1754001 0
0 0 0 0 0 0 0 0 0 0 0 0 1.01 0 0 0 0 0 0 0 0 0 0 0 0 0 0 0 0 0 0 0 0 0 0 0 0 0 0 0 0 0 0 0 0 0 0 0 0 0 0 0 0 0 0 0 0 0 0 0 0 0 0 0 0 0 0 0 0 0 0 0 0 0 0 0 0 0 0 0 0 0 0 0 0 0 0 0 0 0 0 0 0 0 0 0 0 0 0 0 0 0 0 0 0 0 0 0 0 0 0 0 0 0 0 0 0 0 0 0 0 0 0 0 0 0 0 0 0 0 0 0 0 0 0 0 0 0 0 0 0 0 0 0 0 0 0 0 0 0 0 0 0 0 0 0 0 0 0 0 0 0 0 0 0 0 0 0 0 0 0 0 0 0 0 0 0 0 0 0 0 0 0 0 0 0 0 0 0 0 0 0 0 0 0 0 0
0 0.5132037 0 0 0.232129 -0.5619114 0 0 -0.3026954 0 -0.22547 0.232129 0 1.01 0 0 -0.3026954 0 0.232129 0 0 0 0 0.8533104 0.8767505 0.4330236 0 0.5061133 0 0.1391466 0.232129 0.07427162 -0.09865786 0.1337733 0.232129 -0.0692573 0.1283928 0.9957303 0.8723347 0.8574429 0 0 0.6389229 -0.3163696 0 -0.1115478 0.9518361 0 0 0.2143097 0 0 0.846225 0 0.2115382 0 0 0 0 0 0 0 0.6121632 0 0 0 0 0.1611924 0 0 0.1598345 0.4043959 -0.4335369 0 0 -0.4827094 0.1608863 0 0.1586233 0.1633303 0.1701564 0.1701564 0.1701564 0.1701564 0.1633303 0 0.1633303 0 -0.4328061 0.1633303 0.1767138 0 0.1391466 0 0.1633303 -0.5395994 0.1633303 0 0.1633303 0.1633303 0.09810468 0.819569 0 0.8186862 0 -0.4792202 0 0 0 -0.01358617 0 0.01826851 -0.4847677 0 0 0 -0.08447382 0.7845255 -0.484888 0.02800604 -0.7931363 -0.7931363 -0.7931363 0.01683156 0.03119106 0.04236101 0 -0.7875975 0 0 0 0 -0.4698857 -0.4706196 0 0.02206008 0 0 0.7707127 0 0 0 -0.2358495 0 0 0 -0.09088761 0 0 0 -0.1710764 0 0 0 0.08655876 -0.06044297 0 0 -0.1703957 0 0 0 0 0 0 0.08655876 0.7830466 0 0 0.7670312 0 -0.3878102 0 0 0 0 0 0 0 -0.7054286 0 -0.007575012 0 -0.008021346 0 -0.6960683 0 0.7040783 0 0 0 -0.007746411 0.1055205 0 0.06411227 -0.7096993 0
0 0 0 0 0 0 0 0 0 0 0 0 0 0 1.01 0 0 0 0 0 0 0 0 0 0 0 0 0 0 0 0 0 0 0 0 0 0 0 0 0 0 0 0 0 0 0 0 0 0 0 0 0 0 0 0 0 0 0 0 0 0 0 0 0 0 0 0 0 0 0 0 0 0 0 0 0 0 0 0 0 0 0 0 0 0 0 0 0 0 0 0 0 0 0 0 0 0 0 0 0 0 0 0 0 0 0 0 0 0 0 0 0 0 0 0 0 0 0 0 0 0 0 0 0 0 0 0 0 0 0 0 0 0 0 0 0 0 0 0 0 0 0 0 0 0 0 0 0 0 0 0 0 0 0 0 0 0 0 0 0 0 0 0 0 0 0 0 0 0 0 0 0 0 0 0 0 0 0 0 0 0 0 0 0 0 0 0 0 0 0 0 0 0 0 0 0 0
0 0 0 0 0 0 0 0 0 0 0 0 0 0 0 1.01 0 0 0 0 0 0 0 0 0 0 0 0 0 0 0 0 0 0 0 0 0 0 0 0 0 0 0 0 0 0 0 0 0 0 0 0 0 0 0 0 0 0 0 0 0 0 0 0 0 0 0 0 0 0 0 0 0 0 0 0 0 0 0 0 0 0 0 0 0 0 0 0 0 0 0 0 0 0 0 0 0 0 0 0 0 0 0 0 0 0 0 0 0 0 0 0 0 0 0 0 0 0 0 0 0 0 0 0 0 0 0 0 0 0 0 0 0 0 0 0 0 0 0 0 0 0 0 0 0 0 0 0 0 0 0 0 0 0 0 0 0 0 0 0 0 0 0 0 0 0 0 0 0 0 0 0 0 0 0 0 0 0 0 0 0 0 0 0 0 0 0 0 0 0 0 0 0 0 0 0 0
0 0.1235263 0 0 -0.07167423 -0.1346586 0 0 1 0 -0.04168839 -0.07167423 0 -0.3026954 0 0 1.01 0 -0.07167423 0 0 0 0 0.2066658 -0.2646964 -0.133716 0 0.1242053 0 -0.03256969 -0.07167423 -0.02877955 -0.0210991 -0.0349509 -0.07167423 0.2413017 -0.03844327 -0.3012418 -0.2629539 -0.2683693 0 0 -0.3626307 0.9564418 0 0.3655891 -0.2622037 0 0 -0.04712844 0 0 -0.2389619 0 -0.0410953 0 0 0 0 0 0 0 -0.4196608 0 0 0 0 -0.03936642 0 0 -0.03894896 -0.1390787 -0.1400419 0 0 0.3549737 -0.03312522 0 -0.03888567 -0.03782194 -0.06216864 -0.06216864 -0.06216864 -0.06216864 -0.03782194 0 -0.03782194 0 -0.1395027 -0.03782194 -0.04005538 0 -0.03256969 0 -0.03782194 -0.1310448 -0.03782194 0 -0.03782194 -0.03782194 0.1162974 -0.2360252 0 -0.2359115 0 0.354039 0 0 0 0.03495621 0 0.04902929 0.03621057 0 0 0 0.3280541 -0.2312685 0.03635826 0.02237733 -0.01714052 -0.01714052 -0.01714052 0.0270183 0.02888379 0.03328604 0 -0.0192928 0 0 0 0 0.04119862 0.04063098 0 0.05034047 0 0 -0.23474 0 0 0 -0.06172717 0 0 0 -0.05221816 0 0 0 0.6707778 0 0 0 -0.01908488 -0.02130025 0 0 0.1052348 0 0 0 0 0 0 -0.01908488 -0.2288386 0 0 -0.2333462 0 -0.06259623 0 0 0 0 0 0 0 0.2268144 0 -0.05083848 0 -0.05073102 0 0.2296333 0 -0.227169 0 0 0 0.4575679 -0.0300044 0 0.002480186 -0.007185903 0
0 0 0 0 0 0 0 0 0 0 0 0 0 0 0 0 0 1.01 0 0 0 0 0 0 0 0 0 0 0 0 0 0 0 0 0 0 0 0 0 0 0 0 0 0 0 0 0 0 0 0 0 0 0 0 0 0 0 0 0 0 0 0 0 0 0 0 0 0 0 0 0 0 0 0 0 0 0 0 0 0 0 0 0 0 0 0 0 0 0 0 0 0 0 0 0 0 0 0 0 0 0 0 0 0 0 0 0 0 0 0 0 0 0 0 0 0 0 0 0 0 0 0 0 0 0 0 0 0 0 0 0 0 0 0 0 0 0 0 0 0 0 0 0 0 0 0 0 0 0 0 0 0 0 0 0 0 0 0 0 0 0 0 0 0 0 0 0 0 0 0 0 0 0 0 0 0 0 0 0 0 0 0 0 0 0 0 0 0 0 0 0 0 0 0 0 0 0
0 0.1206099 0 0 1 -0.1265231 0 0 -0.07167423 0 -0.05000196 1 0 0.232129 0 0 -0.07167423 0 1.01 0 0 0 0 0.1968252 -0.2561169 -0.1179222 0 0.1207084 0 0.5634367 1 -0.02185019 -0.03349117 0.5504865 1 -0.01360901 -0.04424715 0.2323517 -0.2557053 -0.2588854 0 0 -0.1784382 -0.07727388 0 -0.02916345 0.1805973 0 0 0.9377387 0 0 -0.2593118 0 0.9342429 0 0 0 0 0 0 0 0.09734065 0 0 0 0 0.6302459 0 0 0.6290171 -0.07561836 0.1710506 0 0 0.3395169 0.6324529 0 0.6293163 0.6339419 0.6190756 0.6190756 0.6190756 0.6190756 0.6339419 0 0.6339419 0 0.1712982 0.6339419 0.5938706 0 0.5634367 0 0.6339419 -0.1235121 0.6339419 0 0.6339419 0.6339419 0.5644343 -0.2250651 0 -0.2257526 0 0.3394476 0 0 0 -0.03533826 0 -0.3809978 -0.1278292 0 0 0 -0.0324841 -0.2171516 -0.1287828 -0.04287815 -0.1989693 -0.1989693 -0.1989693 -0.4058031 -0.3911274 -0.3787402 0 -0.1978598 0 0 0 0 -0.1227881 -0.1232295 0 -0.3768978 0 0 -0.2242989 0 0 0 -0.06404513 0 0 0 -0.05202087 0 0 0 0.06109229 0 0 0 -0.01161422 -0.03173887 0 0 -0.0406724 0 0 0 0 0 0 -0.01161422 -0.2204516 0 0 -0.2233909 0 0.1092318 0 0 0 0 0 0 0 0.2255745 0 0.3705333 0 0.3708597 0 0.2285824 0 -0.2258872 0 0 0 0.4437217 0.3674675 0 -0.01465286 -0.1754001 0
0 0 0 0 0 0 0 0 0 0 0 0 0 0 0 0 0 0 0 1.01 0 0 0 0 0 0 0 0 0 0 0 0 0 0 0 0 0 0 0 0 0 0 0 0 0 0 0 0 0 0 0 0 0 0 0 0 0 0 0 0 0 0 0 0 0 0 0 0 0 0 0 0 0 0 0 0 0 0 0 0 0 0 0 0 0 0 0 0 0 0 0 0 0 0 0 0 0 0 0 0 0 0 0 0 0 0 0 0 0 0 0 0 0 0 0 0 0 0 0 0 0 0 0 0 0 0 0 0 0 0 0 0 0 0 0 0 0 0 0 0 0 0 0 0 0 0 0 0 0 0 0 0 0 0 0 0 0 0 0 0 0 0 0 0 0 0 0 0 0 0 0 0 0 0 0 0 0 0 0 0 0 0 0 0 0 0 0 0 0 0 0 0 0 0 0 0 0
0 0 0 0 0 0 0 0 0 0 0 0 0 0 0 0 0 0 0 0 1.01 0 0 0 0 0 0 0 0 0 0 0 0 0 0 0 0 0 0 0 0 0 0 0 0 0 0 0 0 0 0 0 0 0 0 0 0 0 0 0 0 0 0 0 0 0 0 0 0 0 0 0 0 0 0 0 0 0 0 0 0 0 0 0 0 0 0 0 0 0 0 0 0 0 0 0 0 0 0 0 0 0 0 0 0 0 0 0 0 0 0 0 0 0 0 0 0 0 0 0 0 0 0 0 0 0 0 0 0 0 0 0 0 0 0 0 0 0 0 0 0 0 0 0 0 0 0 0 0 0 0 0 0 0 0 0 0 0 0 0 0 0 0 0 0 0 0 0 0 0 0 0 0 0 0 0 0 0 0 0 0 0 0 0 0 0 0 0 0 0 0 0 0 0 0 0 0
0 0 0 0 0 0 0 0 0 0 0 0 0 0 0 0 0 0 0 0 0 1.01 0 0 0 0 0 0 0 0 0 0 0 0 0 0 0 0 0 0 0 0 0 0 0 0 0 0 0 0 0 0 0 0 0 0 0 0 0 0 0 0 0 0 0 0 0 0 0 0 0 0 0 0 0 0 0 0 0 0 0 0 0 0 0 0 0 0 0 0 0 0 0 0 0 0 0 0 0 0 0 0 0 0 0 0 0 0 0 0 0 0 0 0 0 0 0 0 0 0 0 0 0 0 0 0 0 0 0 0 0 0 0 0 0 0 0 0 0 0 0 0 0 0 0 0 0 0 0 0 0 0 0 0 0 0 0 0 0 0 0 0 0 0 0 0 0 0 0 0 0 0 0 0 0 0 0 0 0 0 0 0 0 0 0 0 0 0 0 0 0 0 0 0 0 0 0
0 0 0 0 0 0 0 0 0 0 0 0 0 0 0 0 0 0 0 0 0 0 1.01 0 0 0 0 0 0 0 0 0 0 0 0 0 0 0 0 0 0 0 0 0 0 0 0 0 0 0 0 0 0 0 0 0 0 0 0 0 0 0 0 0 0 0 0 0 0 0 0 0 0 0 0 0 0 0 0 0 0 0 0 0 0 0 0 0 0 0 0 0 0 0 0 0 0 0 0 0 0 0 0 0 0 0 0 0 0 0 0 0 0 0 0 0 0 0 0 0 0 0 0 0 0 0 0 0 0 0 0 0 0 0 0 0 0 0 0 0 0 0 0 0 0 0 0 0 0 0 0 0 0 0 0 0 0 0 0 0 0 0 0 0 0 0 0 0 0 0 0 0 0 0 0 0 0 0 0 0 0 0 0 0 0 0 0 0 0 0 0 0 0 0 0 0 0
0 0.5919375 0 0 0.1968252 -0.6548915 0 0 0.2066658 0 -0.2555011 0.1968252 0 0.8533104 0 0 0.2066658 0 0.1968252 0 0 0 0 1.01 0.757047 0.3725848 0 0.5961746 0 0.124068 0.1968252 0.05734238 -0.1141165 0.1172316 0.1968252 0.0528601 0.1112963 0.8580856 0.7534918 0.7347383 0 0 0.4563718 0.2161925 0 0.07320814 0.8325933 0 0 0.1918966 0 0 0.7379964 0 0.1921581 0 0 0 0 0 0 0 0.3942195 0 0 0 0 0.1441141 0 0 0.1429917 0.3393729 -0.5251448 0 0 -0.3191839 0.1471206 0 0.1423301 0.1472169 0.1424728 0.1424728 0.1424728 0.1424728 0.1472169 0 0.1472169 0 -0.5240938 0.1472169 0.1589005 0 0.124068 0 0.1472169 -0.6294112 0.1472169 0 0.1472169 0.1472169 0.1615247 0.7114717 0 0.7104044 0 -0.316096 0 0 0 0.0005558851 0 0.04725844 -0.485304 0 0 0 0.08281631 0.671443 -0.4853481 0.03636433 -0.8063623 -0.8063623 -0.8063623 0.03506207 0.05043286 0.06386297 0 -0.8019443 0 0 0 0 -0.467116 -0.4681826 0 0.05188064 0 0 0.6551333 0 0 0 -0.2752946 0 0 0 -0.122924 0 0 0 0.1706853 0 0 0 0.07747469 -0.07486158 0 0 -0.1222652 0 0 0 0 0 0 0.07747469 0.6712012 0 0 0.6523222 0 -0.4032112 0 0 0 0 0 0 0 -0.5920778 0 -0.0373191 0 -0.03771895 0 -0.5807887 0 0.590478 0 0 0 0.2277466 0.09344437 0 0.06542062 -0.7145737 0
0 0.4479048 0 0 -0.2561169 -0.4958113 0 0 -0.2646964 0 -0.1988765 -0.2561169 0 0.8767505 0 0 -0.2646964 0 -0.2561169 0 0 0 0 0.757047 1.01 0.4914681 0 0.4515762 0 -0.1355415 -0.2561169 0.08271651 -0.08255069 -0.1345597 -0.2561169 -0.06190733 0.1504769 0.8804792 0.9953946 0.9820336 0 0 0.7266574 -0.2755028 0 -0.09619232 0.8621112 0 0 -0.2431416 0 0 0.9711057 0 -0.2441871 0 0 0 0 0 0 0 0.5667564 0 0 0 0 -0.1459392 0 0 -0.1466971 0.4422192 -0.5127014 0 0 -0.6431426 -0.1473276 0 -0.1480459 -0.1456276 -0.1310856 -0.1310856 -0.1310856 -0.1310856 -0.1456276 0 -0.1456276 0 -0.5121001 -0.1456276 -0.1132588 0 -0.1355415 0 -0.1456276 -0.474946 -0.1456276 0 -0.1456276 -0.1456276 -0.1764874 0.9278342 0 0.9272939 0 -0.6396382 0 0 0 0.003949909 0 0.2028314 -0.4182992 0 0 0 -0.0687827 0.8828704 -0.417955 0.04910441 -0.6895857 -0.6895857 -0.6895857 0.2139462 0.2215073 0.226054 0 -0.6848116 0 0 0 0 -0.4057775 -0.4062881 0 0.2045943 0 0 0.8724873 0 0 0 -0.2022979 0 0 0 -0.06462552 0 0 0 -0.1992679 0 0 0 0.09203093 -0.04424081 0 0 -0.1494984 0 0 0 0 0 0 0.09203093 0.8827914 0 0 0.8683561 0 -0.4375792 0 0 0 0 0 0 0 -0.8083741 0 -0.1870869 0 -0.18769 0 -0.8005677 0 0.8071919 0 0 0 -0.2224781 -0.07275254 0 0.07124451 -0.6182312 0
0 0.2183094 0 0 -0.1179222 -0.2432918 0 0 -0.133716 0 -0.09949797 -0.1179222 0 0.4330236 0 0 -0.133716 0 -0.1179222 0 0 0 0 0.3725848 0.4914681 1.01 0 0.2219843 0 -0.05712757 -0.1179222 0.1800598 -0.03739425 -0.0564953 -0.1179222 -0.03554173 0.2965715 0.4366206 0.493903 0.4817721 0 0 0.3563191 -0.1426272 0 -0.05201303 0.4298201 0 0 -0.1137524 0 0 0.4803181 0 -0.1140897 0 0 0 0 0 0 0 0.2871193 0 0 0 0 -0.09339418 0 0 -0.09474234 0.9387421 -0.2632005 0 0 -0.3275529 -0.09448226 0 -0.09333586 -0.09342164 -0.0843838 -0.0843838 -0.0843838 -0.0843838 -0.09342164 0 -0.09342164 0 -0.2624766 -0.09342164 -0.1016497 0 -0.05712757 0 -0.09342164 -0.2348003 -0.09342164 0 -0.09342164 -0.09342164 -0.1081299 0.4700276 0 0.4701063 0 -0.327486 0 0 0 -0.07665858 0 0.09718533 -0.1519037 0 0 0 -0.01637052 0.4096919 -0.1517082 -0.08900532 -0.2968342 -0.2968342 -0.2968342 0.1053389 0.109703 0.1131055 0 -0.2871585 0 0 0 0 -0.1457501 -0.146365 0 0.09707865 0 0 0.4035166 0 0 0 -0.1001029 0 0 0 0.06915558 0 0 0 -0.1101315 0 0 0 -0.03969 -0.03298594 0 0 -0.074858 0 0 0 0 0 0 -0.03969 0.4080823 0 0 0.4018449 0 -0.2264307 0 0 0 0 0 0 0 -0.3914724 0 -0.07521626 0 -0.07500072 0 -0.389069 0 0.3921368 0 0 0 -0.1457077 -0.005284427 0 -0.04877281 -0.2830695 0
0 0 0 0 0 0 0 0 0 0 0 0 0 0 0 0 0 0 0 0 0 0 0 0 0 0 1.01 0 0 0 0 0 0 0 0 0 0 0 0 0 0 0 0 0 0 0 0 0 0 0 0 0 0 0 0 0 0 0 0 0 0 0 0 0 0 0 0 0 0 0 0 0 0 0 0 0 0 0 0 0 0 0 0 0 0 0 0 0 0 0 0 0 0 0 0 0 0 0 0 0 0 0 0 0 0 0 0 0 0 0 0 0 0 0 0 0 0 0 0 0 0 0 0 0 0 0 0 0 0 0 0 0 0 0 0 0 0 0 0 0 0 0 0 0 0 0 0 0 0 0 0 0 0 0 0 0 0 0 0 0 0 0 0 0 0 0 0 0 0 0 0 0 0 0 0 0 0 0 0 0 0 0 0 0 0 0 0 0 0 0 0 0 0 0 0 0 0
0 0.9909753 0 0 0.1207084 0.213765 0 0 0.1242053 0 0.07558495 0.1207084 0 0.5061133 0 0 0.1242053 0 0.1207084 0 0 0 0 0.5961746 0.4515762 0.2219843 0 1.01 0 0.07740398 0.1207084 0.03215928 0.0205898 0.08004186 0.1207084 0.02149428 0.07371166 0.5138377 0.4496109 0.4607569 0 0 0.6211497 0.1265503 0 0.03763695 0.518465 0 0 0.1139804 0 0 0.4614762 0 0.1151813 0 0 0 0 0 0 0 0.7805241 0 0 0 0 0.0866886 0 0 0.08512544 0.1770888 0.2303878 0 0 0.3011338 0.08574107 0 0.07938225 0.08481518 0.08313171 0.08313171 0.08313171 0.08313171 0.08481518 0 0.08481518 0 0.2301304 0.08481518 0.09270953 0 0.07740398 0 0.08481518 0.2046387 0.08481518 0 0.08481518 0.08481518 0.09302017 0.422663 0 0.419912 0 0.3018004 0 0 0 0.036457 0 -0.08633886 0.2114888 0 0 0 0.04004329 0.3965708 0.2116837 0.05339133 -0.5213855 -0.5213855 -0.5213855 -0.08800838 -0.06078044 -0.03610964 0 -0.5187992 0 0 0 0 0.2099941 0.2073542 0 -0.08644131 0 0 0.4030183 0 0 0 -0.4415649 0 0 0 0.05430449 0 0 0 0.09841874 0 0 0 0.04497177 0.02794885 0 0 -0.2317134 0 0 0 0 0 0 0.04497177 0.4080829 0 0 0.3769183 0 -0.750999 0 0 0 0 0 0 0 -0.3421424 0 0.09061319 0 0.09043642 0 -0.3247624 0 0.3393759 0 0 0 0.1365678 0.04577888 0 0.03330841 -0.4728164 0
0 0 0 0 0 0 0 0 0 0 0 0 0 0 0 0 0 0 0 0 0 0 0 0 0 0 0 0 1.01 0 0 0 0 0 0 0 0 0 0 0 0 0 0 0 0 0 0 0 0 0 0 0 0 0 0 0 0 0 0 0 0 0 0 0 0 0 0 0 0 0 0 0 0 0 0 0 0 0 0 0 0 0 0 0 0 0 0 0 0 0 0 0 0 0 0 0 0 0 0 0 0 0 0 0 0 0 0 0 0 0 0 0 0 0 0 0 0 0 0 0 0 0 0 0 0 0 0 0 0 0 0 0 0 0 0 0 0 0 0 0 0 0 0 0 0 0 0 0 0 0 0 0 0 0 0 0 0 0 0 0 0 0 0 0 0 0 0 0 0 0 0 0 0 0 0 0 0 0 0 0 0 0 0 0 0 0 0 0 0 0 0 0 0 0 0 0 0
0 0.07705365 0 0 0.5634367 -0.07790912 0 0 -0.03256969 0 -0.03914296 0.5634367 0 0.1391466 0 0 -0.03256969 0 0.5634367 0 0 0 0 0.124068 -0.1355415 -0.05712757 0 0.07740398 0 1.01 0.5634367 -0.01184681 -0.01151479 0.9804843 0.5634367 -0.01289107 -0.02512304 0.1397364 -0.1350952 -0.1374897 0 0 0.1072561 -0.03640027 0 -0.01481103 0.1386005 0 0 0.5862279 0 0 -0.1363072 0 0.5841 0 0 0 0 0 0 0 0.09173518 0 0 0 0 -0.02328479 0 0 -0.02251171 -0.06285357 -0.08129906 0 0 0.2140144 -0.02223043 0 -0.02248068 -0.02191618 -0.02563533 -0.02563533 -0.02563533 -0.02563533 -0.02191618 0 -0.02191618 0 -0.08101304 -0.02191618 -0.02201821 0 1 0 -0.02191618 -0.07555646 -0.02191618 0 -0.02191618 -0.02191618 -0.02446463 -0.1403597 0 -0.1405118 0 0.2139904 0 0 0 -0.0242799 0 -0.7006508 -0.0721424 0 0 0 -0.02302949 -0.1363751 -0.0720982 -0.02791343 -0.1167299 -0.1167299 -0.1167299 -0.6757647 -0.6533882 -0.6361037 0 -0.1162905 0 0 0 0 -0.06966734 -0.06991363 0 -0.6951261 0 0 -0.139202 0 0 0 -0.04148668 0 0 0 -0.02901322 0 0 0 -0.0305263 0 0 0 -0.006062255 -0.01468443 0 0 -0.03012717 0 0 0 0 0 0 -0.006062255 -0.137368 0 0 -0.1389903 0 0.2996005 0 0 0 0 0 0 0 0.1412477 0 0.6853346 0 0.6857713 0 0.1431801 0 -0.1416503 0 0 0 -0.0410182 -0.02604389 0 -0.01427466 -0.097256 0
0 0.1206099 0 0 1 -0.1265231 0 0 -0.07167423 0 -0.05000196 1 0 0.232129 0 0 -0.07167423 0 1 0 0 0 0 0.1968252 -0.2561169 -0.1179222 0 0.1207084 0 0.5634367 1.01 -0.02185019 -0.03349117 0.5504865 1 -0.01360901 -0.04424715 0.2323517 -0.2557053 -0.2588854 0 0 -0.1784382 -0.07727388 0 -0.02916345 0.1805973 0 0 0.9377387 0 0 -0.2593118 0 0.9342429 0 0 0 0 0 0 0 0.09734065 0 0 0 0 0.6302459 0 0 0.6290171 -0.07561836 0.1710506 0 0 0.3395169 0.6324529 0 0.6293163 0.6339419 0.6190756 0.6190756 0.6190756 0.6190756 0.6339419 0 0.6339419 0 0.1712982 0.6339419 0.5938706 0 0.5634367 0 0.6339419 -0.1235121 0.6339419 0 0.6339419 0.6339419 0.5644343 -0.2250651 0 -0.2257526 0 0.3394476 0 0 0 -0.03533826 0 -0.3809978 -0.1278292 0 0 0 -0.0324841 -0.2171516 -0.1287828 -0.04287815 -0.1989693 -0.1989693 -0.1989693 -0.4058031 -0.3911274 -0.3787402 0 -0.1978598 0 0 0 0 -0.1227881 -0.1232295 0 -0.3768978 0 0 -0.2242989 0 0 0 -0.06404513 0 0 0 -0.05202087 0 0 0 0.06109229 0 0 0 -0.01161422 -0.03173887 0 0 -0.0406724 0 0 0 0 0 0 -0.01161422 -0.2204516 0 0 -0.2233909 0 0.1092318 0 0 0 0 0 0 0 0.2255745 0 0.3705333 0 0.3708597 0 0.2285824 0 -0.2258872 0 0 0 0.4437217 0.3674675 0 -0.01465286 -0.1754001 0
0 0.03477832 0 0 -0.02185019 -0.03933513 0 0 -0.02877955 0 -0.01392143 -0.02185019 0 0.07427162 0 0 -0.02877955 0 -0.02185019 0 0 0 0 0.05734238 0.08271651 0.1800598 0 0.03215928 0 -0.01184681 -0.02185019 1.01 -0.01591505 -0.01268193 -0.02185019 -0.01210068 -0.01663687 0.07249976 0.08354055 0.081522 0 0 0.05998567 -0.0318994 0 -0.008316885 0.07209988 0 0 -0.02136131 0 0 0.0816807 0 -0.02162253 0 0 0 0 0 0 0 0.05000152 0 0 0 0 -0.01477879 0 0 -0.01426713 0.1758432 -0.04222679 0 0 -0.0575235 -0.0140804 0 -0.01424578 -0.01387273 -0.01409351 -0.01409351 -0.01409351 -0.01409351 -0.01387273 0 -0.01387273 0 -0.04203099 -0.01387273 -0.01478304 0 -0.01184681 0 -0.01387273 -0.03793693 -0.01387273 0 -0.01387273 -0.01387273 -0.02008331 0.0789564 0 0.07990228 0 -0.05766056 0 0 0 -0.0131587 0 0.0108526 -0.04736438 0 0 0 -0.0003587553 0.08294895 -0.0473354 -0.0166454 -0.06708347 -0.06708347 -0.06708347 0.01081126 0.01021937 0.0121039 0 -0.06777989 0 0 0 0 -0.04456057 -0.04472288 0 0.01135868 0 0 0.08031483 0 0 0 -0.01735429 0 0 0 -0.02327025 0 0 0 -0.01814231 0 0 0 -0.008850091 -0.01539172 0 0 0.003181733 0 0 0 0 0 0 -0.008850091 0.08359787 0 0 0.08259077 0 -0.03924096 0 0 0 0 0 0 0 -0.07970237 0 -0.009639486 0 -0.0095971 0 -0.07945496 0 0.07940334 0 0 0 -0.02706012 -0.007025277 0 -0.01707858 -0.06386364 0
0 0.0219598 0 0 -0.03349117 0.1586745 0 0 -0.0210991 0 -0.01786799 -0.03349117 0 -0.09865786 0 0 -0.0210991 0 -0.03349117 0 0 0 0 -0.1141165 -0.08255069 -0.03739425 0 0.0205898 0 -0.01151479 -0.03349117 -0.01591505 1.01 -0.01224968 -0.03349117 -0.001469048 -0.00832575 -0.09953448 -0.08186982 -0.0841676 0 0 0.02946016 -0.02178313 0 -0.01708507 -0.1000713 0 0 -0.03153433 0 0 -0.08471729 0 -0.03173458 0 0 0 0 0 0 0 0.03357639 0 0 0 0 -0.0271025 0 0 -0.02676763 -0.04269923 0.1413573 0 0 0.1116237 -0.02666096 0 -0.02677618 -0.02651645 -0.0280355 -0.0280355 -0.0280355 -0.0280355 -0.02651645 0 -0.02651645 0 0.1416648 -0.02651645 -0.02898586 0 -0.01151479 0 -0.02651645 0.1644041 -0.02651645 0 -0.02651645 -0.02651645 -0.02503229 -0.08956768 0 -0.08965637 0 0.1116007 0 0 0 -0.01727816 0 0.01905837 0.1599275 0 0 0 -0.00937283 -0.08636111 0.1600316 -0.0101006 0.1174469 0.1174469 0.1174469 0.01806821 0.01958906 0.02100687 0 0.116214 0 0 0 0 -0.04832767 -0.04846817 0 0.01945147 0 0 0.07876522 0 0 0 -0.008084705 0 0 0 -0.020929 0 0 0 -0.02258779 0 0 0 -0.01388438 0.7961946 0 0 0.01409164 0 0 0 0 0 0 -0.01388438 -0.04895803 0 0 -0.05109887 0 -0.01355182 0 0 0 0 0 0 0 0.04629703 0 -0.02020018 0 -0.02016823 0 0.04776719 0 -0.04654185 0 0 0 -0.03676749 -0.01904109 0 -0.002073376 0.07972522 0
0 0.07968571 0 0 0.5504865 -0.06708697 0 0 -0.0349509 0 -0.04049466 0.5504865 0 0.1337733 0 0 -0.0349509 0 0.5504865 0 0 0 0 0.1172316 -0.1345597 -0.0564953 0 0.08004186 0 0.9804843 0.5504865 -0.01268193 -0.01224968 1.01 0.5504865 -0.01337571 -0.02631306 0.1343748 -0.1347726 -0.1324841 0 0 0.1118831 -0.03884874 0 -0.01567003 0.1373289 0 0 0.5729729 0 0 -0.1313727 0 0.5708719 0 0 0 0 0 0 0 0.09562053 0 0 0 0 -0.02506384 0 0 -0.02428631 -0.06240702 -0.07662841 0 0 0.2109485 -0.02400488 0 -0.02425723 -0.023688 -0.02724057 -0.02724057 -0.02724057 -0.02724057 -0.023688 0 -0.023688 0 -0.07633174 -0.023688 -0.02392795 0 0.9804843 0 -0.023688 -0.06968928 -0.023688 0 -0.023688 -0.023688 -0.02643694 -0.1355806 0 -0.135737 0 0.2109193 0 0 0 -0.01013884 0 -0.6858245 -0.06666889 0 0 0 -0.02365808 -0.1314857 -0.06662108 -0.01551936 -0.1143143 -0.1143143 -0.1143143 -0.6612937 -0.6392538 -0.6222159 0 -0.1132259 0 0 0 0 -0.06398526 -0.06424131 0 -0.6803798 0 0 -0.1344198 0 0 0 -0.04292839 0 0 0 -0.01254476 0 0 0 -0.03240152 0 0 0 -0.006867387 -0.01533157 0 0 -0.03130971 0 0 0 0 0 0 -0.006867387 -0.1324277 0 0 -0.1341493 0 0.289998 0 0 0 0 0 0 0 0.1404681 0 0.6707287 0 0.6711592 0 0.1424595 0 -0.1408798 0 0 0 -0.04368879 -0.02683034 0 -0.01502891 -0.09062485 0
0 0.1206099 0 0 1 -0.1265231 0 0 -0.07167423 0 -0.05000196 1 0 0.232129 0 0 -0.07167423 0 1 0 0 0 0 0.1968252 -0.2561169 -0.1179222 0 0.1207084 0 0.5634367 1 -0.02185019 -0.03349117 0.5504865 1.01 -0.01360901 -0.04424715 0.2323517 -0.2557053 -0.2588854 0 0 -0.1784382 -0.07727388 0 -0.02916345 0.1805973 0 0 0.9377387 0 0 -0.2593118 0 0.9342429 0 0 0 0 0 0 0 0.09734065 0 0 0 0 0.6302459 0 0 0.6290171 -0.07561836 0.1710506 0 0 0.3395169 0.6324529 0 0.6293163 0.6339419 0.6190756 0.6190756 0.6190756 0.6190756 0.6339419 0 0.6339419 0 0.1712982 0.6339419 0.5938706 0 0.5634367 0 0.6339419 -0.1235121 0.6339419 0 0.6339419 0.6339419 0.5644343 -0.2250651 0 -0.2257526 0 0.3394476 0 0 0 -0.03533826 0 -0.3809978 -0.1278292 0 0 0 -0.0324841 -0.2171516 -0.1287828 -0.04287815 -0.1989693 -0.1989693 -0.1989693 -0.4058031 -0.3911274 -0.3787402 0 -0.1978598 0 0 0 0 -0.1227881 -0.1232295 0 -0.3768978 0 0 -0.2242989 0 0 0 -0.06404513 0 0 0 -0.05202087 0 0 0 0.06109229 0 0 0 -0.01161422 -0.03173887 0 0 -0.0406724 0 0 0 0 0 0 -0.01161422 -0.2204516 0 0 -0.2233909 0 0.1092318 0 0 0 0 0 0 0 0.2255745 0 0.3705333 0 0.3708597 0 0.2285824 0 -0.2258872 0 0 0 0.4437217 0.3674675 0 -0.01465286 -0.1754001 0
0 0.02131805 0 0 -0.01360901 -0.04597937 0 0 0.2413017 0 -0.01500678 -0.01360901 0 -0.0692573 0 0 0.2413017 0 -0.01360901 0 0 0 0 0.0528601 -0.06190733 -0.03554173 0 0.02149428 0 -0.01289107 -0.01360901 -0.01210068 -0.001469048 -0.01337571 -0.01360901 1.01 -0.008100047 -0.0674214 -0.05981689 -0.05934067 0 0 -0.09096477 0.229125 0 -0.01299028 -0.06719733 0 0 -0.01166216 0 0 -0.06290126 0 -0.01184884 0 0 0 0 0 0 0 -0.1199394 0 0 0 0 -0.00897984 0 0 -0.008620147 -0.03638976 -0.04666099 0 0 0.08624165 -0.008487625 0 -0.008603315 -0.008342327 -0.01076923 -0.01076923 -0.01076923 -0.01076923 -0.008342327 0 -0.008342327 0 -0.04654029 -0.008342327 -0.006921699 0 -0.01289107 0 -0.008342327 -0.04551055 -0.008342327 0 -0.008342327 -0.008342327 -0.01268812 -0.0625345 0 -0.06260273 0 0.08622495 0 0 0 0.003152627 0 0.02219857 -0.04293639 0 0 0 0.0048328 -0.06011647 -0.04292066 -0.00230084 -0.05510517 -0.05510517 -0.05510517 0.01952081 0.02050117 0.02143062 0 -0.05554933 0 0 0 0 -0.04314451 -0.0432472 0 0.02244637 0 0 -0.06045116 0 0 0 -0.00882536 0 0 0 -0.02543052 0 0 0 0.2991572 0 0 0 -0.0105567 -0.0105164 0 0 -0.009370908 0 0 0 0 0 0 -0.0105567 -0.0599246 0 0 -0.06003142 0 -0.02854592 0 0 0 0 0 0 0 0.02927096 0 -0.02290723 0 -0.02288695 0 0.03037456 0 -0.02945831 0 0 0 0.1620936 -0.0144775 0 0.1098103 -0.05299481 0
0 0.07241298 0 0 -0.04424715 -0.06581161 0 0 -0.03844327 0 -0.03898846 -0.04424715 0 0.1283928 0 0 -0.03844327 0 -0.04424715 0 0 0 0 0.1112963 0.1504769 0.2965715 0 0.07371166 0 -0.02512304 -0.04424715 -0.01663687 -0.00832575 -0.02631306 -0.04424715 -0.008100047 1.01 0.1296955 0.1517752 0.1479998 0 0 0.1144897 -0.04092733 0 -0.02285319 0.1270393 0 0 -0.04472696 0 0 0.1472315 0 -0.04362984 0 0 0 0 0 0 0 0.0906337 0 0 0 0 -0.03645767 0 0 -0.03760125 0.2869267 -0.0764063 0 0 -0.09623414 -0.03737572 0 -0.03759817 -0.03709658 -0.03350457 -0.03350457 -0.03350457 -0.03350457 -0.03709658 0 -0.03709658 0 -0.07610724 -0.03709658 -0.04189461 0 -0.02512304 0 -0.03709658 -0.06295014 -0.03709658 0 -0.03709658 -0.03709658 -0.04376432 0.143396 0 0.1431984 0 -0.09645255 0 0 0 -0.02636354 0 0.03161886 -0.05496779 0 0 0 0.002185657 0.1334163 -0.05491501 -0.03727283 -0.1013165 -0.1013165 -0.1013165 0.03513091 0.03767027 0.04004737 0 -0.101711 0 0 0 0 -0.05385268 -0.05411715 0 0.03054383 0 0 0.1320569 0 0 0 -0.03250618 0 0 0 -0.02399004 0 0 0 -0.01821583 0 0 0 -0.002843243 -0.01124394 0 0 -0.03631769 0 0 0 0 0 0 -0.002843243 0.1351316 0 0 0.1339654 0 -0.07900873 0 0 0 0 0 0 0 -0.1361577 0 -0.03015049 0 -0.03009212 0 -0.1348102 0 0.1356872 0 0 0 -0.0420387 -0.01485427 0 -0.02291645 -0.1005471 0
0 0.510094 0 0 0.2323517 -0.5609736 0 0 -0.3012418 0 -0.2241831 0.2323517 0 0.9957303 0 0 -0.3012418 0 0.2323517 0 0 0 0 0.8580856 0.8804792 0.4366206 0 0.5138377 0 0.1397364 0.2323517 0.07249976 -0.09953448 0.1343748 0.2323517 -0.0674214 0.1296955 1.01 0.876452 0.8614373 0 0 0.6439403 -0.3148832 0 -0.1111491 0.9561379 0 0 0.2148925 0 0 0.8498251 0 0.2121261 0 0 0 0 0 0 0 0.6181198 0 0 0 0 0.1620014 0 0 0.1606368 0.4077858 -0.431639 0 0 -0.4802452 0.1616868 0 0.159426 0.1641279 0.1714795 0.1714795 0.1714795 0.1714795 0.1641279 0 0.1641279 0 -0.4309116 0.1641279 0.1770563 0 0.1397364 0 0.1641279 -0.5379671 0.1641279 0 0.1641279 0.1641279 0.09898642 0.8230544 0 0.8221734 0 -0.476752 0 0 0 -0.01342181 0 0.0174466 -0.4830946 0 0 0 -0.08518777 0.7816889 -0.4832152 0.02831846 -0.7912424 -0.7912424 -0.7912424 0.01647621 0.03128266 0.0419334 0 -0.7858967 0 0 0 0 -0.4680066 -0.4687377 0 0.02123153 0 0 0.767729 0 0 0 -0.2350761 0 0 0 -0.09062321 0 0 0 -0.1702118 0 0 0 0.0868969 -0.06011777 0 0 -0.170462 0 0 0 0 0 0 0.0868969 0.7799918 0 0 0.7640168 0 -0.3870359 0 0 0 0 0 0 0 -0.7025808 0 -0.006732634 0 -0.007179574 0 -0.6932454 0 0.7012371 0 0 0 -0.006152447 0.1068739 0 0.06448352 -0.7078628 0
0 0.4462183 0 0 -0.2557053 -0.4935941 0 0 -0.2629539 0 -0.1990698 -0.2557053 0 0.8723347 0 0 -0.2629539 0 -0.2557053 0 0 0 0 0.7534918 0.9953946 0.493903 0 0.4496109 0 -0.1350952 -0.2557053 0.08354055 -0.08186982 -0.1347726 -0.2557053 -0.05981689 0.1517752 0.876452 1.01 0.9777729 0 0 0.723617 -0.2736461 0 -0.09537801 0.8579933 0 0 -0.2428674 0 0 0.9664823 0 -0.2439 0 0 0 0 0 0 0 0.5640403 0 0 0 0 -0.1464291 0 0 -0.1472202 0.4448191 -0.5102876 0 0 -0.6396596 -0.1473329 0 -0.1480427 -0.1456434 -0.1312462 -0.1312462 -0.1312462 -0.1312462 -0.1456434 0 -0.1456434 0 -0.5094526 -0.1456434 -0.1130697 0 -0.1350952 0 -0.1456434 -0.4721204 -0.1456434 0 -0.1456434 -0.1456434 -0.1766693 0.9231615 0 0.9228275 0 -0.636147 0 0 0 0.003786402 0 0.2017065 -0.4156152 0 0 0 -0.0680209 0.878255 -0.4152718 0.04829019 -0.6858663 -0.6858663 -0.6858663 0.2127368 0.2202369 0.2247248 0 -0.6810625 0 0 0 0 -0.4032051 -0.4037092 0 0.2034522 0 0 0.8679848 0 0 0 -0.2012462 0 0 0 -0.06298437 0 0 0 -0.1975107 0 0 0 0.09275739 -0.0435688 0 0 -0.1482519 0 0 0 0 0 0 0.09275739 0.8781443 0 0 0.8637938 0 -0.4359594 0 0 0 0 0 0 0 -0.8037258 0 -0.1859044 0 -0.1865092 0 -0.7959722 0 0.8025568 0 0 0 -0.2214167 -0.07271733 0 0.07092627 -0.6146193 0
0 0.4573175 0 0 -0.2588854 -0.4604442 0 0 -0.2683693 0 -0.2005515 -0.2588854 0 0.8574429 0 0 -0.2683693 0 -0.2588854 0 0 0 0 0.7347383 0.9820336 0.4817721 0 0.4607569 0 -0.1374897 -0.2588854 0.081522 -0.0841676 -0.1324841 -0.2588854 -0.05934067 0.1479998 0.8614373 0.9777729 1.01 0 0 0.7413373 -0.2797839 0 -0.09855992 0.878966 0 0 -0.245381 0 0 0.9885107 0 -0.2464771 0 0 0 0 0 0 0 0.5789693 0 0 0 0 -0.1478579 0 0 -0.1485158 0.4323217 -0.5207947 0 0 -0.65307 -0.1491086 0 -0.1498579 -0.1473707 -0.132869 -0.132869 -0.132869 -0.132869 -0.1473707 0 -0.1473707 0 -0.520159 -0.1473707 -0.1152283 0 -0.1374897 0 -0.1473707 -0.4826681 -0.1473707 0 -0.1473707 -0.1473707 -0.1784203 0.9450007 0 0.9444377 0 -0.6495948 0 0 0 0.1001417 0 0.2060153 -0.4265502 0 0 0 -0.0697727 0.9010097 -0.4262011 0.1352912 -0.70488 -0.70488 -0.70488 0.2170429 0.2244346 0.2288183 0 -0.7000206 0 0 0 0 -0.4137848 -0.4143244 0 0.2078594 0 0 0.8903598 0 0 0 -0.2077791 0 0 0 -0.06927289 0 0 0 -0.2022624 0 0 0 0.08909807 -0.04576616 0 0 -0.1560009 0 0 0 0 0 0 0.08909807 0.9010581 0 0 0.8864683 0 -0.4480058 0 0 0 0 0 0 0 -0.8115611 0 -0.190531 0 -0.1911267 0 -0.8036978 0 0.8103275 0 0 0 -0.2259735 -0.07477856 0 0.07025347 -0.6178817 0
0 0 0 0 0 0 0 0 0 0 0 0 0 0 0 0 0 0 0 0 0 0 0 0 0 0 0 0 0 0 0 0 0 0 0 0 0 0 0 0 1.01 0 0 0 0 0 0 0 0 0 0 0 0 0 0 0 0 0 0 0 0 0 0 0 0 0 0 0 0 0 0 0 0 0 0 0 0 0 0 0 0 0 0 0 0 0 0 0 0 0 0 0 0 0 0 0 0 0 0 0 0 0 0 0 0 0 0 0 0 0 0 0 0 0 0 0 0 0 0 0 0 0 0 0 0 0 0 0 0 0 0 0 0 0 0 0 0 0 0 0 0 0 0 0 0 0 0 0 0 0 0 0 0 0 0 0 0 0 0 0 0 0 0 0 0 0 0 0 0 0 0 0 0 0 0 0 0 0 0 0 0 0 0 0 0 0 0 0 0 0 0 0 0 0 0 0 0
0 0 0 0 0 0 0 0 0 0 0 0 0 0 0 0 0 0 0 0 0 0 0 0 0 0 0 0 0 0 0 0 0 0 0 0 0 0 0 0 0 1.01 0 0 0 0 0 0 0 0 0 0 0 0 0 0 0 0 0 0 0 0 0 0 0 0 0 0 0 0 0 0 0 0 0 0 0 0 0 0 0 0 0 0 0 0 0 0 0 0 0 0 0 0 0 0 0 0 0 0 0 0 0 0 0 0 0 0 0 0 0 0 0 0 0 0 0 0 0 0 0 0 0 0 0 0 0 0 0 0 0 0 0 0 0 0 0 0 0 0 0 0 0 0 0 0 0 0 0 0 0 0 0 0 0 0 0 0 0 0 0 0 0 0 0 0 0 0 0 0 0 0 0 0 0 0 0 0 0 0 0 0 0 0 0 0 0 0 0 0 0 0 0 0 0 0 0
0 0.6172868 0 0 -0.1784382 0.03014833 0 0 -0.3626307 0 0.07467574 -0.1784382 0 0.6389229 0 0 -0.3626307 0 -0.1784382 0 0 0 0 0.4563718 0.7266574 0.3563191 0 0.6211497 0 0.1072561 -0.1784382 0.05998567 0.02946016 0.1118831 -0.1784382 -0.09096477 0.1144897 0.6439403 0.723617 0.7413373 0 0 1.01 -0.3807048 0 -0.1382405 0.65819 0 0 -0.1585038 0 0 0.7282688 0 -0.1592012 0 0 0 0 0 0 0 0.7734699 0 0 0 0 -0.2229358 0 0 -0.2237701 0.3020949 -0.08270805 0 0 -0.2349913 -0.2233063 0 -0.2240385 -0.2219684 -0.2055982 -0.2055982 -0.2055982 -0.2055982 -0.2219684 0 -0.2219684 0 -0.08120033 -0.2219684 -0.1914599 0 0.1072561 0 -0.2219684 0.02058148 -0.2219684 0 -0.2219684 -0.2219684 -0.2611078 0.6808213 0 0.678844 0 -0.2336716 0 0 0 0.05335977 0 -0.08958652 -0.02690235 0 0 0 -0.1124677 0.6517027 -0.02648012 0.07714495 -0.499299 -0.499299 -0.499299 -0.06227687 -0.04307812 -0.03082679 0 -0.4956961 0 0 0 0 -0.03285666 -0.03405012 0 -0.09071739 0 0 0.6594927 0 0 0 -0.2698849 0 0 0 -0.05247807 0 0 0 -0.2855579 0 0 0 0.06487049 0.03285672 0 0 -0.2082868 0 0 0 0 0 0 0.06487049 0.6587832 0 0 0.6388824 0 -0.5008331 0 0 0 0 0 0 0 -0.5757408 0 0.09602646 0 0.0957139 0 -0.5649635 0 0.5737735 0 0 0 -0.3348469 -0.1265213 0 0.04317728 -0.4262268 0
0 0.1258354 0 0 -0.07727388 -0.144006 0 0 0.9564418 0 -0.04517057 -0.07727388 0 -0.3163696 0 0 0.9564418 0 -0.07727388 0 0 0 0 0.2161925 -0.2755028 -0.1426272 0 0.1265503 0 -0.03640027 -0.07727388 -0.0318994 -0.02178313 -0.03884874 -0.07727388 0.229125 -0.04092733 -0.3148832 -0.2736461 -0.2797839 0 0 -0.3807048 1.01 0 0.3469784 -0.2785869 0 0 -0.05313226 0 0 -0.2524231 0 -0.0473861 0 0 0 0 0 0 0 -0.4461943 0 0 0 0 -0.04169826 0 0 -0.04117763 -0.1487266 -0.1491604 0 0 0.3247198 -0.03553489 0 -0.04009767 -0.04000222 -0.06276979 -0.06276979 -0.06276979 -0.06276979 -0.04000222 0 -0.04000222 0 -0.1485985 -0.04000222 -0.04299069 0 -0.03640027 0 -0.04000222 -0.1396343 -0.04000222 0 -0.04000222 -0.04000222 0.1104442 -0.2501847 0 -0.2504834 0 0.3237866 0 0 0 0.02650301 0 0.05433058 0.02257714 0 0 0 0.3153528 -0.2455273 0.02272569 0.01332194 0.01374322 0.01374322 0.01374322 0.03360995 0.0338778 0.03846332 0 0.01174302 0 0 0 0 0.0275431 0.02695949 0 0.05568163 0 0 -0.2491476 0 0 0 -0.06214034 0 0 0 -0.05508562 0 0 0 0.6406431 0 0 0 -0.02203848 -0.02415449 0 0 0.09809883 0 0 0 0 0 0 -0.02203848 -0.2427447 0 0 -0.2472842 0 -0.009756076 0 0 0 0 0 0 0 0.2418454 0 -0.05632945 0 -0.05621875 0 0.2449738 0 -0.2422491 0 0 0 0.4337449 -0.03051684 0 -0.00169208 0.02492872 0
0 0 0 0 0 0 0 0 0 0 0 0 0 0 0 0 0 0 0 0 0 0 0 0 0 0 0 0 0 0 0 0 0 0 0 0 0 0 0 0 0 0 0 0 1.01 0 0 0 0 0 0 0 0 0 0 0 0 0 0 0 0 0 0 0 0 0 0 0 0 0 0 0 0 0 0 0 0 0 0 0 0 0 0 0 0 0 0 0 0 0 0 0 0 0 0 0 0 0 0 0 0 0 0 0 0 0 0 0 0 0 0 0 0 0 0 0 0 0 0 0 0 0 0 0 0 0 0 0 0 0 0 0 0 0 0 0 0 0 0 0 0 0 0 0 0 0 0 0 0 0 0 0 0 0 0 0 0 0 0 0 0 0 0 0 0 0 0 0 0 0 0 0 0 0 0 0 0 0 0 0 0 0 0 0 0 0 0 0 0 0 0 0 0 0 0 0 0
