1.01 0 0.9277501 0 0.9277501 0 0 0 0 0.05381632 0 0 0 1 0 0.8979285 1 1 0 0.06910385 0.8975757 0.0686353 0 0 0.01960685 0.8956109 0.7823589 0 0.7817085 0.04133315 0 0.6521854 0 0.8821186 0.004821785 0.8756373 0 0 0 0.875747 0.7764354 0 0.08041251 0 0.7585016 0 0.7151417 0.002918371 0 0 0 0 0.7837401 0 0 0.784746 0.651832 0.7571863 0.784746 0.784746 0.784746 0 0 0.784746 0 0 0.003589937 0.7644936 0.784746 0 0 0 0.7844943 0.875747 0 0 0 -0.05147222 0.7858806 0 0 0.7858806 0.8381103 -0.01486339 0 0 0 0.786326 0.7930036 0 0 0 0.8438902 0 0 0 0.7920107 0.8429395 0.6290247 0.1017973 0 0 0.7882632 0.7914963 0 0.7870644 0 0.8508184 -0.01486339 0.06874237 0 -0.01455964 0 0 0 0 0 0 0 0 0 0 0 0.07201308
0 1.01 0 0 0 0 0 0 0 0 0 0 0 0 0 0 0 0 0 0 0 0 0 0 0 0 0 0 0 0 0 0 0 0 0 0 0 0 0 0 0 0 0 0 0 0 0 0 0 0 0 0 0 0 0 0 0 0 0 0 0 0 0 0 0 0 0 0 0 0 0 0 0 0 0 0 0 0 0 0 0 0 0 0 0 0 0 0 0 0 0 0 0 0 0 0 0 0 0 0 0 0 0 0 0 0 0 0 0 0 0 0 0 0 0 0 0 0 0 0 0 0 0 0
0.9277501 0 1.01 0 1 0 0 0 0 -0.2586033 0 0 0 0.9277501 0 0.9690477 0.9277501 0.9277501 0 0.0781508 0.9685939 0.07764871 0 0 0.02334302 0.8331556 0.8736381 0 0.8728311 0.04319345 0 0.7294469 0 0.8209129 -0.275503 0.8151225 0 0 0 0.8149811 0.8681937 0 0.08431712 0 0.8442878 0 0.7845665 -0.2650323 0 0 0 0 0.8583355 0 0 0.8594316 0.7144477 0.830242 0.8594316 0.8594316 0.8594316 0 0 0.8594316 0 0 -0.2633849 0.837756 0.8594316 0 0 0 0.8591573 0.8149811 0 0 0 -0.03460348 0.8579902 0 0 0.8579902 0.7802004 -0.3331803 0 0 0 0.8565684 0.8634353 0 0 0 0.7836026 0 0 0 0.8626057 0.7827433 0.6881045 0.1147258 0 0 0.8582534 0.8620468 0 0.8583994 0 0.7911102 -0.3331803 0.07317714 0 -0.3322948 0 0 0 0 0 0 0 0 0 0 0 0.07332214
0 0 0 1.01 0 0 0 0 0 0 0 0 0 0 0 0 0 0 0 0 0 0 0 0 0 0 0 0 0 0 0 0 0 0 0 0 0 0 0 0 0 0 0 0 0 0 0 0 0 0 0 0 0 0 0 0 0 0 0 0 0 0 0 0 0 0 0 0 0 0 0 0 0 0 0 0 0 0 0 0 0 0 0 0 0 0 0 0 0 0 0 0 0 0 0 0 0 0 0 0 0 0 0 0 0 0 0 0 0 0 0 0 0 0 0 0 0 0 0 0 0 0 0 0
0.9277501 0 1 0 1.01 0 0 0 0 -0.2586033 0 0 0 0.9277501 0 0.9690477 0.9277501 0.9277501 0 0.0781508 0.9685939 0.07764871 0 0 0.02334302 0.8331556 0.8736381 0 0.8728311 0.04319345 0 0.7294469 0 0.8209129 -0.275503 0.8151225 0 0 0 0.8149811 0.8681937 0 0.08431712 0 0.8442878 0 0.7845665 -0.2650323 0 0 0 0 0.8583355 0 0 0.8594316 0.7144477 0.830242 0.8594316 0.8594316 0.8594316 0 0 0.8594316 0 0 -0.2633849 0.837756 0.8594316 0 0 0 0.8591573 0.8149811 0 0 0 -0.03460348 0.8579902 0 0 0.8579902 0.7802004 -0.3331803 0 0 0 0.8565684 0.8634353 0 0 0 0.7836026 0 0 0 0.8626057 0.7827433 0.6881045 0.1147258 0 0 0.8582534 0.8620468 0 0.8583994 0 0.7911102 -0.3331803 0.07317714 0 -0.3322948 0 0 0 0 0 0 0 0 0 0 0 0.07332214
0 0 0 0 0 1.01 0 0 0 0 0 0 0 0 0 0 0 0 0 0 0 0 0 0 0 0 0 0 0 0 0 0 0 0 0 0 0 0 0 0 0 0 0 0 0 0 0 0 0 0 0 0 0 0 0 0 0 0 0 0 0 0 0 0 0 0 0 0 0 0 0 0 0 0 0 0 0 0 0 0 0 0 0 0 0 0 0 0 0 0 0 0 0 0 0 0 0 0 0 0 0 0 0 0 0 0 0 0 0 0 0 0 0 0 0 0 0 0 0 0 0 0 0 0
0 0 0 0 0 0 1.01 0 0 0 0 0 0 0 0 0 0 0 0 0 0 0 0 0 0 0 0 0 0 0 0 0 0 0 0 0 0 0 0 0 0 0 0 0 0 0 0 0 0 0 0 0 0 0 0 0 0 0 0 0 0 0 0 0 0 0 0 0 0 0 0 0 0 0 0 0 0 0 0 0 0 0 0 0 0 0 0 0 0 0 0 0 0 0 0 0 0 0 0 0 0 0 0 0 0 0 0 0 0 0 0 0 0 0 0 0 0 0 0 0 0 0 0 0
0 0 0 0 0 0 0 1.01 0 0 0 0 0 0 0 0 0 0 0 0 0 0 0 0 0 0 0 0 0 0 0 0 0 0 0 0 0 0 0 0 0 0 0 0 0 0 0 0 0 0 0 0 0 0 0 0 0 0 0 0 0 0 0 0 0 0 0 0 0 0 0 0 0 0 0 0 0 0 0 0 0 0 0 0 0 0 0 0 0 0 0 0 0 0 0 0 0 0 0 0 0 0 0 0 0 0 0 0 0 0 0 0 0 0 0 0 0 0 0 0 0 0 0 0
0 0 0 0 0 0 0 0 1.01 0 0 0 0 0 0 0 0 0 0 0 0 0 0 0 0 0 0 0 0 0 0 0 0 0 0 0 0 0 0 0 0 0 0 0 0 0 0 0 0 0 0 0 0 0 0 0 0 0 0 0 0 0 0 0 0 0 0 0 0 0 0 0 0 0 0 0 0 0 0 0 0 0 0 0 0 0 0 0 0 0 0 0 0 0 0 0 0 0 0 0 0 0 0 0 0 0 0 0 0 0 0 0 0 0 0 0 0 0 0 0 0 0 0 0
0.05381632 0 -0.2586033 0 -0.2586033 0 0 0 0 1.01 0 0 0 0.05381632 0 -0.3911803 0.05381632 0.05381632 0 -0.04119273 -0.3907901 -0.04100249 0 0 -0.01508624 0.04451251 -0.4323274 0 -0.4317083 -0.01093833 0 -0.3637485 0 0.04424807 0.9281431 0.04375486 0 0 0 0.04395839 -0.4328248 0 -0.0280144 0 -0.4204787 0 -0.3687059 0.9063624 0 0 0 0 -0.3972013 0 0 -0.3976826 -0.3324271 -0.3866535 -0.3976826 -0.3976826 -0.3976826 0 0 -0.3976826 0 0 0.9029515 -0.390456 -0.3976826 0 0 0 -0.3975622 0.04395839 0 0 0 -0.04563205 -0.3924021 0 0 -0.3924021 -0.1193007 0.7108179 0 0 0 -0.2695483 -0.2713299 0 0 0 0.01234237 0 0 0 -0.2716274 0.01219342 -0.2159652 -0.0560098 0 0 -0.2692889 -0.271429 0 -0.2728849 0 0.04415123 0.7108179 -0.03081322 0 0.7094474 0 0 0 0 0 0 0 0 0 0 0 -0.02459265
0 0 0 0 0 0 0 0 0 0 1.01 0 0 0 0 0 0 0 0 0 0 0 0 0 0 0 0 0 0 0 0 0 0 0 0 0 0 0 0 0 0 0 0 0 0 0 0 0 0 0 0 0 0 0 0 0 0 0 0 0 0 0 0 0 0 0 0 0 0 0 0 0 0 0 0 0 0 0 0 0 0 0 0 0 0 0 0 0 0 0 0 0 0 0 0 0 0 0 0 0 0 0 0 0 0 0 0 0 0 0 0 0 0 0 0 0 0 0 0 0 0 0 0 0
0 0 0 0 0 0 0 0 0 0 0 1.01 0 0 0 0 0 0 0 0 0 0 0 0 0 0 0 0 0 0 0 0 0 0 0 0 0 0 0 0 0 0 0 0 0 0 0 0 0 0 0 0 0 0 0 0 0 0 0 0 0 0 0 0 0 0 0 0 0 0 0 0 0 0 0 0 0 0 0 0 0 0 0 0 0 0 0 0 0 0 0 0 0 0 0 0 0 0 0 0 0 0 0 0 0 0 0 0 0 0 0 0 0 0 0 0 0 0 0 0 0 0 0 0
0 0 0 0 0 0 0 0 0 0 0 0 1.01 0 0 0 0 0 0 0 0 0 0 0 0 0 0 0 0 0 0 0 0 0 0 0 0 0 0 0 0 0 0 0 0 0 0 0 0 0 0 0 0 0 0 0 0 0 0 0 0 0 0 0 0 0 0 0 0 0 0 0 0 0 0 0 0 0 0 0 0 0 0 0 0 0 0 0 0 0 0 0 0 0 0 0 0 0 0 0 0 0 0 0 0 0 0 0 0 0 0 0 0 0 0 0 0 0 0 0 0 0 0 0
1 0 0.9277501 0 0.9277501 0 0 0 0 0.05381632 0 0 0 1.01 0 0.8979285 1 1 0 0.06910385 0.8975757 0.0686353 0 0 0.01960685 0.8956109 0.7823589 0 0.7817085 0.04133315 0 0.6521854 0 0.8821186 0.004821785 0.8756373 0 0 0 0.875747 0.7764354 0 0.08041251 0 0.7585016 0 0.7151417 0.002918371 0 0 0 0 0.7837401 0 0 0.784746 0.651832 0.7571863 0.784746 0.784746 0.784746 0 0 0.784746 0 0 0.003589937 0.7644936 0.784746 0 0 0 0.7844943 0.875747 0 0 0 -0.05147222 0.7858806 0 0 0.7858806 0.8381103 -0.01486339 0 0 0 0.786326 0.7930036 0 0 0 0.8438902 0 0 0 0.7920107 0.8429395 0.6290247 0.1017973 0 0 0.7882632 0.7914963 0 0.7870644 0 0.8508184 -0.01486339 0.06874237 0 -0.01455964 0 0 0 0 0 0 0 0 0 0 0 0.07201308
0 0 0 0 0 0 0 0 0 0 0 0 0 0 1.01 0 0 0 0 0 0 0 0 0 0 0 0 0 0 0 0 0 0 0 0 0 0 0 0 0 0 0 0 0 0 0 0 0 0 0 0 0 0 0 0 0 0 0 0 0 0 0 0 0 0 0 0 0 0 0 0 0 0 0 0 0 0 0 0 0 0 0 0 0 0 0 0 0 0 0 0 0 0 0 0 0 0 0 0 0 0 0 0 0 0 0 0 0 0 0 0 0 0 0 0 0 0 0 0 0 0 0 0 0
0.8979285 0 0.9690477 0 0.9690477 0 0 0 0 -0.3911803 0 0 0 0.8979285 0 1.01 0.8979285 0.8979285 0 0.08184648 0.9995028 0.08133078 0 0 0.02472036 0.8058193 0.9116221 0 0.9107498 0.04291608 0 0.7614195 0 0.7935006 -0.404663 0.7877446 0 0 0 0.787756 0.906382 0 0.08646035 0 0.8844114 0 0.8216283 -0.3968168 0 0 0 0 0.8974123 0 0 0.8985514 0.747288 0.8682897 0.8985514 0.8985514 0.8985514 0 0 0.8985514 0 0 -0.3946944 0.8767005 0.8985514 0 0 0 0.8982664 0.787756 0 0 0 -0.02732565 0.8972697 0 0 0.8972697 0.8250294 -0.3270132 0 0 0 0.8435286 0.8504683 0 0 0 0.7723309 0 0 0 0.8496843 0.7715203 0.6749335 0.1185094 0 0 0.8451997 0.8491228 0 0.8456799 0 0.7646955 -0.3270132 0.07693824 0 -0.3261292 0 0 0 0 0 0 0 0 0 0 0 0.07721078
1 0 0.9277501 0 0.9277501 0 0 0 0 0.05381632 0 0 0 1 0 0.8979285 1.01 1 0 0.06910385 0.8975757 0.0686353 0 0 0.01960685 0.8956109 0.7823589 0 0.7817085 0.04133315 0 0.6521854 0 0.8821186 0.004821785 0.8756373 0 0 0 0.875747 0.7764354 0 0.08041251 0 0.7585016 0 0.7151417 0.002918371 0 0 0 0 0.7837401 0 0 0.784746 0.651832 0.7571863 0.784746 0.784746 0.784746 0 0 0.784746 0 0 0.003589937 0.7644936 0.784746 0 0 0 0.7844943 0.875747 0 0 0 -0.05147222 0.7858806 0 0 0.7858806 0.8381103 -0.01486339 0 0 0 0.786326 0.7930036 0 0 0 0.8438902 0 0 0 0.7920107 0.8429395 0.6290247 0.1017973 0 0 0.7882632 0.7914963 0 0.7870644 0 0.8508184 -0.01486339 0.06874237 0 -0.01455964 0 0 0 0 0 0 0 0 0 0 0 0.07201308
1 0 0.9277501 0 0.9277501 0 0 0 0 0.05381632 0 0 0 1 0 0.8979285 1 1.01 0 0.06910385 0.8975757 0.0686353 0 0 0.01960685 0.8956109 0.7823589 0 0.7817085 0.04133315 0 0.6521854 0 0.8821186 0.004821785 0.8756373 0 0 0 0.875747 0.7764354 0 0.08041251 0 0.7585016 0 0.7151417 0.002918371 0 0 0 0 0.7837401 0 0 0.784746 0.651832 0.7571863 0.784746 0.784746 0.784746 0 0 0.784746 0 0 0.003589937 0.7644936 0.784746 0 0 0 0.7844943 0.875747 0 0 0 -0.05147222 0.7858806 0 0 0.7858806 0.8381103 -0.01486339 0 0 0 0.786326 0.7930036 0 0 0 0.8438902 0 0 0 0.7920107 0.8429395 0.6290247 0.1017973 0 0 0.7882632 0.7914963 0 0.7870644 0 0.8508184 -0.01486339 0.06874237 0 -0.01455964 0 0 0 0 0 0 0 0 0 0 0 0.07201308
0 0 0 0 0 0 0 0 0 0 0 0 0 0 0 0 0 0 1.01 0 0 0 0 0 0 0 0 0 0 0 0 0 0 0 0 0 0 0 0 0 0 0 0 0 0 0 0 0 0 0 0 0 0 0 0 0 0 0 0 0 0 0 0 0 0 0 0 0 0 0 0 0 0 0 0 0 0 0 0 0 0 0 0 0 0 0 0 0 0 0 0 0 0 0 0 0 0 0 0 0 0 0 0 0 0 0 0 0 0 0 0 0 0 0 0 0 0 0 0 0 0 0 0 0
0.06910385 0 0.0781508 0 0.0781508 0 0 0 0 -0.04119273 0 0 0 0.06910385 0 0.08184648 0.06910385 0.06910385 0 1.01 0.08122486 0.9979896 0 0 -0.01242958 0.06377199 0.07635925 0 0.07593143 -0.0138546 0 0.09167418 0 0.06438638 -0.03898123 0.06586716 0 0 0 0.06475451 0.07667806 0 -0.05163658 0 0.07524241 0 0.08013958 -0.03727845 0 0 0 0 0.07628413 0 0 0.07601896 0.09128639 0.0760447 0.07601896 0.07601896 0.07601896 0 0 0.07601896 0 0 -0.03606661 0.07565679 0.07601896 0 0 0 0.07532068 0.06475451 0 0 0 0.5987592 0.07573128 0 0 0.07573128 0.06911428 -0.02882261 0 0 0 0.07624032 0.0758928 0 0 0 0.0690732 0 0 0 0.07569297 0.06886172 0.09369262 -0.07081367 0 0 0.07474753 0.07582621 0 0.07500342 0 0.06796833 -0.02882261 -0.05127825 0 -0.02897424 0 0 0 0 0 0 0 0 0 0 0 -0.05529218
0.8975757 0 0.9685939 0 0.9685939 0 0 0 0 -0.3907901 0 0 0 0.8975757 0 0.9995028 0.8975757 0.8975757 0 0.08122486 1.01 0.08070811 0 0 0.02476055 0.8056104 0.9123159 0 0.9114425 0.04294716 0 0.76198 0 0.793311 -0.4042601 0.7875531 0 0 0 0.7875718 0.9070811 0 0.08653379 0 0.8840765 0 0.821278 -0.3964215 0 0 0 0 0.8970566 0 0 0.8981955 0.7469373 0.8679365 0.8981955 0.8981955 0.8981955 0 0 0.8981955 0 0 -0.3943004 0.8763459 0.8981955 0 0 0 0.8979105 0.7875718 0 0 0 -0.02752432 0.8969158 0 0 0.8969158 0.824788 -0.326687 0 0 0 0.843215 0.8501545 0 0 0 0.7721336 0 0 0 0.8493717 0.7713243 0.6746199 0.1186082 0 0 0.8448848 0.8488102 0 0.8453724 0 0.7645102 -0.326687 0.07700839 0 -0.3258035 0 0 0 0 0 0 0 0 0 0 0 0.07728244
0.0686353 0 0.07764871 0 0.07764871 0 0 0 0 -0.04100249 0 0 0 0.0686353 0 0.08133078 0.0686353 0.0686353 0 0.9979896 0.08070811 1.01 0 0 -0.0122809 0.06335599 0.07589274 0 0.07546324 -0.01369434 0 0.09112152 0 0.06397872 -0.03878069 0.06545844 0 0 0 0.06434907 0.07621361 0 -0.05132068 0 0.07478961 0 0.0796353 -0.0370799 0 0 0 0 0.07582427 0 0 0.07555948 0.09074042 0.07556716 0.07555948 0.07555948 0.07555948 0 0 0.07555948 0 0 -0.03586511 0.07518396 0.07555948 0 0 0 0.07485989 0.06434907 0 0 0 0.5997508 0.07527202 0 0 0.07527202 0.06869226 -0.02865459 0 0 0 0.07578012 0.07543755 0 0 0 0.06865678 0 0 0 0.07523801 0.06844559 0.09312282 -0.07119646 0 0 0.07428838 0.07537105 0 0.07454924 0 0.06755566 -0.02865459 -0.05099195 0 -0.02880606 0 0 0 0 0 0 0 0 0 0 0 -0.05500741
0 0 0 0 0 0 0 0 0 0 0 0 0 0 0 0 0 0 0 0 0 0 1.01 0 0 0 0 0 0 0 0 0 0 0 0 0 0 0 0 0 0 0 0 0 0 0 0 0 0 0 0 0 0 0 0 0 0 0 0 0 0 0 0 0 0 0 0 0 0 0 0 0 0 0 0 0 0 0 0 0 0 0 0 0 0 0 0 0 0 0 0 0 0 0 0 0 0 0 0 0 0 0 0 0 0 0 0 0 0 0 0 0 0 0 0 0 0 0 0 0 0 0 0 0
0 0 0 0 0 0 0 0 0 0 0 0 0 0 0 0 0 0 0 0 0 0 0 1.01 0 0 0 0 0 0 0 0 0 0 0 0 0 0 0 0 0 0 0 0 0 0 0 0 0 0 0 0 0 0 0 0 0 0 0 0 0 0 0 0 0 0 0 0 0 0 0 0 0 0 0 0 0 0 0 0 0 0 0 0 0 0 0 0 0 0 0 0 0 0 0 0 0 0 0 0 0 0 0 0 0 0 0 0 0 0 0 0 0 0 0 0 0 0 0 0 0 0 0 0
0.01960685 0 0.02334302 0 0.02334302 0 0 0 0 -0.01508624 0 0 0 0.01960685 0 0.02472036 0.01960685 0.01960685 0 -0.01242958 0.02476055 -0.0122809 0 0 1.01 0.01948276 0.02475702 0 0.02489394 -0.0135995 0 0.0315549 0 0.01829388 -0.01611199 0.01894975 0 0 0 0.01809448 0.02457839 0 -0.008625665 0 0.02232253 0 0.0331869 -0.01927665 0 0 0 0 0.02561467 0 0 0.02550512 0.03218189 0.02472025 0.02550512 0.02550512 0.02550512 0 0 0.02550512 0 0 -0.01940897 0.0275566 0.02550512 0 0 0 0.02553252 0.01809448 0 0 0 -0.0171519 0.02538282 0 0 0.02538282 0.01975744 -0.01767191 0 0 0 0.0237378 0.02294341 0 0 0 0.01705986 0 0 0 0.02285941 0.01696797 -0.08525023 -0.02121728 0 0 0.02346126 0.02291542 0 0.02256416 0 0.01822088 -0.01767191 -0.01338351 0 -0.01772173 0 0 0 0 0 0 0 0 0 0 0 -0.01690738
0.8956109 0 0.8331556 0 0.8331556 0 0 0 0 0.04451251 0 0 0 0.8956109 0 0.8058193 0.8956109 0.8956109 0 0.06377199 0.8056104 0.06335599 0 0 0.01948276 1.01 0.8809449 0 0.879687 0.03589017 0 0.741595 0 0.985875 -0.00717168 0.9777572 0 0 0 0.9794723 0.8749674 0 0.07601919 0 0.8545519 0 0.8103486 -0.008813353 0 0 0 0 0.8824618 0 0 0.8834925 0.7411125 0.8550856 0.8834925 0.8834925 0.8834925 0 0 0.8834925 0 0 -0.008173442 0.8619709 0.8834925 0 0 0 0.8832346 0.9794723 0 0 0 0.1113082 0.88466 0 0 0.88466 0.9384409 -0.02851928 0 0 0 0.8852873 0.8927424 0 0 0 0.9450009 0 0 0 0.8916004 0.9439011 0.7180081 0.09079164 0 0 0.8852855 0.8910725 0 0.8872887 0 0.9527617 -0.02851928 0.06511647 0 -0.02822085 0 0 0 0 0 0 0 0 0 0 0 0.06817996
0.7823589 0 0.8736381 0 0.8736381 0 0 0 0 -0.4323274 0 0 0 0.7823589 0 0.9116221 0.7823589 0.7823589 0 0.07635925 0.9123159 0.07589274 0 0 0.02475702 0.8809449 1.01 0 0.9985715 0.03759406 0 0.8416965 0 0.8683461 -0.4449639 0.8612539 0 0 0 0.8627118 0.9948475 0 0.08192264 0 0.9694804 0 0.9050957 -0.4361532 0 0 0 0 0.9836309 0 0 0.9847883 0.8254712 0.9539444 0.9847883 0.9847883 0.9847883 0 0 0.9847883 0 0 -0.433964 0.9619542 0.9847883 0 0 0 0.9844986 0.8627118 0 0 0 0.1216767 0.9833467 0 0 0.9833467 0.9028382 -0.3615302 0 0 0 0.9258561 0.9334246 0 0 0 0.8465479 0 0 0 0.9325361 0.8456275 0.7495874 0.1085235 0 0 0.9257319 0.9319661 0 0.9292454 0 0.8385198 -0.3615302 0.07340463 0 -0.3606133 0 0 0 0 0 0 0 0 0 0 0 0.07322877
0 0 0 0 0 0 0 0 0 0 0 0 0 0 0 0 0 0 0 0 0 0 0 0 0 0 0 1.01 0 0 0 0 0 0 0 0 0 0 0 0 0 0 0 0 0 0 0 0 0 0 0 0 0 0 0 0 0 0 0 0 0 0 0 0 0 0 0 0 0 0 0 0 0 0 0 0 0 0 0 0 0 0 0 0 0 0 0 0 0 0 0 0 0 0 0 0 0 0 0 0 0 0 0 0 0 0 0 0 0 0 0 0 0 0 0 0 0 0 0 0 0 0 0 0
0.7817085 0 0.8728311 0 0.8728311 0 0 0 0 -0.4317083 0 0 0 0.7817085 0 0.9107498 0.7817085 0.7817085 0 0.07593143 0.9114425 0.07546324 0 0 0.02489394 0.879687 0.9985715 0 1.01 0.03773277 0 0.8403025 0 0.8671061 -0.4443274 0.8600169 0 0 0 0.8614783 0.993425 0 0.08143512 0 0.9680932 0 0.903709 -0.4355288 0 0 0 0 0.982223 0 0 0.9833802 0.8240983 0.9525463 0.9833802 0.9833802 0.9833802 0 0 0.9833802 0 0 -0.4333406 0.960554 0.9833802 0 0 0 0.9830906 0.8614783 0 0 0 0.1212312 0.9819405 0 0 0.9819405 0.9015474 -0.3610125 0 0 0 0.9244986 0.9320656 0 0 0 0.8453118 0 0 0 0.9311785 0.8443927 0.7482548 0.1058867 0 0 0.9243777 0.9306086 0 0.9278924 0 0.8372958 -0.3610125 0.07368674 0 -0.3600961 0 0 0 0 0 0 0 0 0 0 0 0.07351561
0.04133315 0 0.04319345 0 0.04319345 0 0 0 0 -0.01093833 0 0 0 0.04133315 0 0.04291608 0.04133315 0.04133315 0 -0.0138546 0.04294716 -0.01369434 0 0 -0.0135995 0.03589017 0.03759406 0 0.03773277 1.01 0 0.04502005 0 0.03478341 -0.01569578 0.03347195 0 0 0 0.03457958 0.03740595 0 -0.02621265 0 0.03693824 0 0.03941433 -0.01494038 0 0 0 0 0.03831875 0 0 0.03820786 0.04550515 0.03429913 0.03820786 0.03820786 0.03820786 0 0 0.03820786 0 0 -0.01510389 0.04021165 0.03820786 0 0 0 0.03823559 0.03457958 0 0 0 -0.03766543 0.03809131 0 0 0.03809131 0.03433129 -0.0155124 0 0 0 0.03830791 0.03752278 0 0 0 0.03361266 0 0 0 0.03743893 0.03352375 0.02884327 -0.03931993 0 0 0.0379806 0.03749484 0 0.03888497 0 0.03280193 -0.0155124 -0.0003087171 0 -0.01557266 0 0 0 0 0 0 0 0 0 0 0 -0.001285961
0 0 0 0 0 0 0 0 0 0 0 0 0 0 0 0 0 0 0 0 0 0 0 0 0 0 0 0 0 0 1.01 0 0 0 0 0 0 0 0 0 0 0 0 0 0 0 0 0 0 0 0 0 0 0 0 0 0 0 0 0 0 0 0 0 0 0 0 0 0 0 0 0 0 0 0 0 0 0 0 0 0 0 0 0 0 0 0 0 0 0 0 0 0 0 0 0 0 0 0 0 0 0 0 0 0 0 0 0 0 0 0 0 0 0 0 0 0 0 0 0 0 0 0 0
0.6521854 0 0.7294469 0 0.7294469 0 0 0 0 -0.3637485 0 0 0 0.6521854 0 0.7614195 0.6521854 0.6521854 0 0.09167418 0.76198 0.09112152 0 0 0.0315549 0.741595 0.8416965 0 0.8403025 0.04502005 0 1.01 0 0.7313883 -0.374475 0.7245188 0 0 0 0.7267127 0.8374189 0 0.09345786 0 0.8168828 0 0.9016733 -0.3676611 0 0 0 0 0.8285813 0 0 0.8297107 0.9885406 0.8001952 0.8297107 0.8297107 0.8297107 0 0 0.8297107 0 0 -0.3655767 0.808518 0.8297107 0 0 0 0.8294281 0.7267127 0 0 0 0.1438637 0.828598 0 0 0.828598 0.7602984 -0.3057197 0 0 0 0.7784139 0.7853723 0 0 0 0.7116215 0 0 0 0.7846938 0.7109207 0.7125032 0.122159 0 0 0.7781122 0.7841362 0 0.7821632 0 0.7044675 -0.3057197 0.08622691 0 -0.3048478 0 0 0 0 0 0 0 0 0 0 0 0.0861041
0 0 0 0 0 0 0 0 0 0 0 0 0 0 0 0 0 0 0 0 0 0 0 0 0 0 0 0 0 0 0 0 1.01 0 0 0 0 0 0 0 0 0 0 0 0 0 0 0 0 0 0 0 0 0 0 0 0 0 0 0 0 0 0 0 0 0 0 0 0 0 0 0 0 0 0 0 0 0 0 0 0 0 0 0 0 0 0 0 0 0 0 0 0 0 0 0 0 0 0 0 0 0 0 0 0 0 0 0 0 0 0 0 0 0 0 0 0 0 0 0 0 0 0 0
0.8821186 0 0.8209129 0 0.8209129 0 0 0 0 0.04424807 0 0 0 0.8821186 0 0.7935006 0.8821186 0.8821186 0 0.06438638 0.793311 0.06397872 0 0 0.01829388 0.985875 0.8683461 0 0.8671061 0.03478341 0 0.7313883 0 1.01 0.04474832 0.991831 0 0 0 0.9935039 0.8622694 0 0.07446209 0 0.8415294 0 0.7988996 0.0439913 0 0 0 0 0.8696047 0 0 0.8706206 0.7307098 0.8427736 0.8706206 0.8706206 0.8706206 0 0 0.8706206 0 0 0.04444139 0.849527 0.8706206 0 0 0 0.8703664 0.9935039 0 0 0 0.1117802 0.8717542 0 0 0.8717542 0.9515498 0.03490421 0 0 0 0.873072 0.8804063 0 0 0 0.9588326 0 0 0 0.8792297 0.9577127 0.7085824 0.08869421 0 0 0.873103 0.8787092 0 0.8747755 0 0.9666258 0.03490421 0.06669532 0 0.03508778 0 0 0 0 0 0 0 0 0 0 0 0.0697145
0.004821785 0 -0.275503 0 -0.275503 0 0 0 0 0.9281431 0 0 0 0.004821785 0 -0.404663 0.004821785 0.004821785 0 -0.03898123 -0.4042601 -0.03878069 0 0 -0.01611199 -0.00717168 -0.4449639 0 -0.4443274 -0.01569578 0 -0.374475 0 0.04474832 1.01 0.04432028 0 0 0 0.04445043 -0.4454751 0 -0.03227556 0 -0.4546998 0 -0.400979 0.9804394 0 0 0 0 -0.4324537 0 0 -0.4329656 -0.3627264 -0.420736 -0.4329656 -0.4329656 -0.4329656 0 0 -0.4329656 0 0 0.9767663 -0.4247856 -0.4329656 0 0 0 -0.4328375 0.04445043 0 0 0 -0.04213649 -0.4279111 0 0 -0.4279111 -0.1153406 0.8098325 0 0 0 -0.3059819 -0.3092459 0 0 0 0.01393225 0 0 0 -0.3095684 0.01378023 -0.2473496 -0.05783381 0 0 -0.306837 -0.3093533 0 -0.3109404 0 0.04480741 0.8098325 -0.02774696 0 0.8082849 0 0 0 0 0 0 0 0 0 0 0 -0.02179315
0.8756373 0 0.8151225 0 0.8151225 0 0 0 0 0.04375486 0 0 0 0.8756373 0 0.7877446 0.8756373 0.8756373 0 0.06586716 0.7875531 0.06545844 0 0 0.01894975 0.9777572 0.8612539 0 0.8600169 0.03347195 0 0.7245188 0 0.991831 0.04432028 1.01 0 0 0 0.9854007 0.8552382 0 0.07222144 0 0.8348125 0 0.7920068 0.04352615 0 0 0 0 0.8625591 0 0 0.8635724 0.7238955 0.835792 0.8635724 0.8635724 0.8635724 0 0 0.8635724 0 0 0.04398184 0.8425325 0.8635724 0 0 0 0.8633188 0.9854007 0 0 0 0.1125337 0.8647043 0 0 0.8647043 0.943595 0.0340115 0 0 0 0.8660002 0.8733172 0 0 0 0.950851 0 0 0 0.8721554 0.9497457 0.7017722 0.08918072 0 0 0.8660404 0.8716362 0 0.867757 0 0.9586241 0.0340115 0.06789863 0 0.03419827 0 0 0 0 0 0 0 0 0 0 0 0.06995841
0 0 0 0 0 0 0 0 0 0 0 0 0 0 0 0 0 0 0 0 0 0 0 0 0 0 0 0 0 0 0 0 0 0 0 0 1.01 0 0 0 0 0 0 0 0 0 0 0 0 0 0 0 0 0 0 0 0 0 0 0 0 0 0 0 0 0 0 0 0 0 0 0 0 0 0 0 0 0 0 0 0 0 0 0 0 0 0 0 0 0 0 0 0 0 0 0 0 0 0 0 0 0 0 0 0 0 0 0 0 0 0 0 0 0 0 0 0 0 0 0 0 0 0 0
0 0 0 0 0 0 0 0 0 0 0 0 0 0 0 0 0 0 0 0 0 0 0 0 0 0 0 0 0 0 0 0 0 0 0 0 0 1.01 0 0 0 0 0 0 0 0 0 0 0 0 0 0 0 0 0 0 0 0 0 0 0 0 0 0 0 0 0 0 0 0 0 0 0 0 0 0 0 0 0 0 0 0 0 0 0 0 0 0 0 0 0 0 0 0 0 0 0 0 0 0 0 0 0 0 0 0 0 0 0 0 0 0 0 0 0 0 0 0 0 0 0 0 0 0
0 0 0 0 0 0 0 0 0 0 0 0 0 0 0 0 0 0 0 0 0 0 0 0 0 0 0 0 0 0 0 0 0 0 0 0 0 0 1.01 0 0 0 0 0 0 0 0 0 0 0 0 0 0 0 0 0 0 0 0 0 0 0 0 0 0 0 0 0 0 0 0 0 0 0 0 0 0 0 0 0 0 0 0 0 0 0 0 0 0 0 0 0 0 0 0 0 0 0 0 0 0 0 0 0 0 0 0 0 0 0 0 0 0 0 0 0 0 0 0 0 0 0 0 0
0.875747 0 0.8149811 0 0.8149811 0 0 0 0 0.04395839 0 0 0 0.875747 0 0.787756 0.875747 0.875747 0 0.06475451 0.7875718 0.06434907 0 0 0.01809448 0.9794723 0.8627118 0 0.8614783 0.03457958 0 0.7267127 0 0.9935039 0.04445043 0.9854007 0 0 0 1.01 0.8682059 0 0.07490484 0 0.8475296 0 0.8045803 0.04369879 0 0 0 0 0.8755732 0 0 0.8765921 0.736102 0.8486262 0.8765921 0.8765921 0.8765921 0 0 0.8765921 0 0 0.04414794 0.8554054 0.8765921 0 0 0 0.8763371 1 0 0 0 0.1109793 0.8777325 0 0 0.8777325 0.9578698 0.03466033 0 0 0 0.8784014 0.8857576 0 0 0 0.964466 0 0 0 0.8845815 0.9633473 0.7128163 0.08670662 0 0 0.8784194 0.8840596 0 0.8801317 0 0.9722889 0.03466033 0.06725727 0 0.03484354 0 0 0 0 0 0 0 0 0 0 0 0.07026258
0.7764354 0 0.8681937 0 0.8681937 0 0 0 0 -0.4328248 0 0 0 0.7764354 0 0.906382 0.7764354 0.7764354 0 0.07667806 0.9070811 0.07621361 0 0 0.02457839 0.8749674 0.9948475 0 0.993425 0.03740595 0 0.8374189 0 0.8622694 -0.4454751 0.8552382 0 0 0 0.8682059 1.01 0 0.08230343 0 0.9746921 0 0.9100223 -0.4366548 0 0 0 0 0.9888012 0 0 0.9899612 0.830151 0.9590164 0.9899612 0.9899612 0.9899612 0 0 0.9899612 0 0 -0.4344657 0.9670481 0.9899612 0 0 0 0.9896709 0.8682059 0 0 0 0.1209427 0.9885241 0 0 0.9885241 0.9082245 -0.3619461 0 0 0 0.9304272 0.9380135 0 0 0 0.8512906 0 0 0 0.9371259 0.8503717 0.753215 0.1067429 0 0 0.9302913 0.9365548 0 0.9338407 0 0.8432795 -0.3619461 0.07389297 0 -0.3610293 0 0 0 0 0 0 0 0 0 0 0 0.07370254
0 0 0 0 0 0 0 0 0 0 0 0 0 0 0 0 0 0 0 0 0 0 0 0 0 0 0 0 0 0 0 0 0 0 0 0 0 0 0 0 0 1.01 0 0 0 0 0 0 0 0 0 0 0 0 0 0 0 0 0 0 0 0 0 0 0 0 0 0 0 0 0 0 0 0 0 0 0 0 0 0 0 0 0 0 0 0 0 0 0 0 0 0 0 0 0 0 0 0 0 0 0 0 0 0 0 0 0 0 0 0 0 0 0 0 0 0 0 0 0 0 0 0 0 0
0.08041251 0 0.08431712 0 0.08431712 0 0 0 0 -0.0280144 0 0 0 0.08041251 0 0.08646035 0.08041251 0.08041251 0 -0.05163658 0.08653379 -0.05132068 0 0 -0.008625665 0.07601919 0.08192264 0 0.08143512 -0.02621265 0 0.09345786 0 0.07446209 -0.03227556 0.07222144 0 0 0 0.07490484 0.08230343 0 1.01 0 0.08073496 0 0.08373022 -0.03059409 0 0 0 0 0.08215375 0 0 0.08191049 0.09332242 0.08566942 0.08191049 0.08191049 0.08191049 0 0 0.08191049 0 0 -0.03095812 0.07928183 0.08191049 0 0 0 0.08197133 0.07490484 0 0 0 -0.07769528 0.08165372 0 0 0.08165372 0.07729111 -0.02455976 0 0 0 0.08452364 0.08281429 0 0 0 0.07831283 0 0 0 0.08263165 0.07812208 0.09889083 -0.0675597 0 0 0.0830101 0.08275342 0 0.08281541 0 0.07744562 -0.02455976 -0.04281879 0 -0.02269233 0 0 0 0 0 0 0 0 0 0 0 -0.04095101
0 0 0 0 0 0 0 0 0 0 0 0 0 0 0 0 0 0 0 0 0 0 0 0 0 0 0 0 0 0 0 0 0 0 0 0 0 0 0 0 0 0 0 1.01 0 0 0 0 0 0 0 0 0 0 0 0 0 0 0 0 0 0 0 0 0 0 0 0 0 0 0 0 0 0 0 0 0 0 0 0 0 0 0 0 0 0 0 0 0 0 0 0 0 0 0 0 0 0 0 0 0 0 0 0 0 0 0 0 0 0 0 0 0 0 0 0 0 0 0 0 0 0 0 0
0.7585016 0 0.8442878 0 0.8442878 0 0 0 0 -0.4204787 0 0 0 0.7585016 0 0.8844114 0.7585016 0.7585016 0 0.07524241 0.8840765 0.07478961 0 0 0.02232253 0.8545519 0.9694804 0 0.9680932 0.03693824 0 0.8168828 0 0.8415294 -0.4546998 0.8348125 0 0 0 0.8475296 0.9746921 0 0.08073496 0 1.01 0 0.8978445 -0.4455328 0 0 0 0 0.9745425 0 0 0.9756815 0.8192978 0.9455612 0.9756815 0.9756815 0.9756815 0 0 0.9756815 0 0 -0.4433297 0.9534078 0.9756815 0 0 0 0.9753965 0.8475296 0 0 0 0.1170756 0.9741345 0 0 0.9741345 0.8898111 -0.3688857 0 0 0 0.9148337 0.9228193 0 0 0 0.8320393 0 0 0 0.9218773 0.8310576 0.7429048 0.104486 0 0 0.914739 0.9213171 0 0.91837 0 0.8234254 -0.3688857 0.07118199 0 -0.3679634 0 0 0 0 0 0 0 0 0 0 0 0.07088846
0 0 0 0 0 0 0 0 0 0 0 0 0 0 0 0 0 0 0 0 0 0 0 0 0 0 0 0 0 0 0 0 0 0 0 0 0 0 0 0 0 0 0 0 0 1.01 0 0 0 0 0 0 0 0 0 0 0 0 0 0 0 0 0 0 0 0 0 0 0 0 0 0 0 0 0 0 0 0 0 0 0 0 0 0 0 0 0 0 0 0 0 0 0 0 0 0 0 0 0 0 0 0 0 0 0 0 0 0 0 0 0 0 0 0 0 0 0 0 0 0 0 0 0 0
0.7151417 0 0.7845665 0 0.7845665 0 0 0 0 -0.3687059 0 0 0 0.7151417 0 0.8216283 0.7151417 0.7151417 0 0.08013958 0.821278 0.0796353 0 0 0.0331869 0.8103486 0.9050957 0 0.903709 0.03941433 0 0.9016733 0 0.7988996 -0.400979 0.7920068 0 0 0 0.8045803 0.9100223 0 0.08373022 0 0.8978445 0 1.01 -0.4097314 0 0 0 0 0.918734 0 0 0.9198778 0.9124255 0.8899443 0.9198778 0.9198778 0.9198778 0 0 0.9198778 0 0 -0.4075813 0.8978712 0.9198778 0 0 0 0.9195916 0.8045803 0 0 0 0.1348131 0.9185819 0 0 0.9185819 0.8430308 -0.3385305 0 0 0 0.8621439 0.8701938 0 0 0 0.7885663 0 0 0 0.8693963 0.7877408 0.7939384 0.1116431 0 0 0.8626957 0.8688329 0 0.8664362 0 0.7802055 -0.3385305 0.08201057 0 -0.337633 0 0 0 0 0 0 0 0 0 0 0 0.08213057
0.002918371 0 -0.2650323 0 -0.2650323 0 0 0 0 0.9063624 0 0 0 0.002918371 0 -0.3968168 0.002918371 0.002918371 0 -0.03727845 -0.3964215 -0.0370799 0 0 -0.01927665 -0.008813353 -0.4361532 0 -0.4355288 -0.01494038 0 -0.3676611 0 0.0439913 0.9804394 0.04352615 0 0 0 0.04369879 -0.4366548 0 -0.03059409 0 -0.4455328 0 -0.4097314 1.01 0 0 0 0 -0.4413505 0 0 -0.4418653 -0.371279 -0.4295724 -0.4418653 -0.4418653 -0.4418653 0 0 -0.4418653 0 0 0.9937709 -0.4324675 -0.4418653 0 0 0 -0.4417365 0.04369879 0 0 0 -0.0556635 -0.4367247 0 0 -0.4367247 -0.1188161 0.8239268 0 0 0 -0.3128616 -0.3161401 0 0 0 0.01255345 0 0 0 -0.3164637 0.01240337 -0.2511574 -0.05577601 0 0 -0.313714 -0.3162479 0 -0.317844 0 0.0439608 0.8239268 -0.02615971 0 0.8223567 0 0 0 0 0 0 0 0 0 0 0 -0.02188212
0 0 0 0 0 0 0 0 0 0 0 0 0 0 0 0 0 0 0 0 0 0 0 0 0 0 0 0 0 0 0 0 0 0 0 0 0 0 0 0 0 0 0 0 0 0 0 0 1.01 0 0 0 0 0 0 0 0 0 0 0 0 0 0 0 0 0 0 0 0 0 0 0 0 0 0 0 0 0 0 0 0 0 0 0 0 0 0 0 0 0 0 0 0 0 0 0 0 0 0 0 0 0 0 0 0 0 0 0 0 0 0 0 0 0 0 0 0 0 0 0 0 0 0 0
0 0 0 0 0 0 0 0 0 0 0 0 0 0 0 0 0 0 0 0 0 0 0 0 0 0 0 0 0 0 0 0 0 0 0 0 0 0 0 0 0 0 0 0 0 0 0 0 0 1.01 0 0 0 0 0 0 0 0 0 0 0 0 0 0 0 0 0 0 0 0 0 0 0 0 0 0 0 0 0 0 0 0 0 0 0 0 0 0 0 0 0 0 0 0 0 0 0 0 0 0 0 0 0 0 0 0 0 0 0 0 0 0 0 0 0 0 0 0 0 0 0 0 0 0
0 0 0 0 0 0 0 0 0 0 0 0 0 0 0 0 0 0 0 0 0 0 0 0 0 0 0 0 0 0 0 0 0 0 0 0 0 0 0 0 0 0 0 0 0 0 0 0 0 0 1.01 0 0 0 0 0 0 0 0 0 0 0 0 0 0 0 0 0 0 0 0 0 0 0 0 0 0 0 0 0 0 0 0 0 0 0 0 0 0 0 0 0 0 0 0 0 0 0 0 0 0 0 0 0 0 0 0 0 0 0 0 0 0 0 0 0 0 0 0 0 0 0 0 0
0 0 0 0 0 0 0 0 0 0 0 0 0 0 0 0 0 0 0 0 0 0 0 0 0 0 0 0 0 0 0 0 0 0 0 0 0 0 0 0 0 0 0 0 0 0 0 0 0 0 0 1.01 0 0 0 0 0 0 0 0 0 0 0 0 0 0 0 0 0 0 0 0 0 0 0 0 0 0 0 0 0 0 0 0 0 0 0 0 0 0 0 0 0 0 0 0 0 0 0 0 0 0 0 0 0 0 0 0 0 0 0 0 0 0 0 0 0 0 0 0 0 0 0 0
0.7837401 0 0.8583355 0 0.8583355 0 0 0 0 -0.3972013 0 0 0 0.7837401 0 0.8974123 0.7837401 0.7837401 0 0.07628413 0.8970566 0.07582427 0 0 0.02561467 0.8824618 0.9836309 0 0.982223 0.03831875 0 0.8285813 0 0.8696047 -0.4324537 0.8625591 0 0 0 0.8755732 0.9888012 0 0.08215375 0 0.9745425 0 0.918734 -0.4413505 0 0 0 0 1.01 0 0 0.9988374 0.8387503 0.9678199 0.9988374 0.9988374 0.9988374 0 0 0.9988374 0 0 -0.4391515 0.9752985 0.9988374 0 0 0 0.9985465 0.8755732 0 0 0 0.126763 0.9973833 0 0 0.9973833 0.9160879 -0.3658392 0 0 0 0.9382929 0.9464739 0 0 0 0.8587006 0 0 0 0.9455753 0.85777 0.7599627 0.1018784 0 0 0.9387218 0.945003 0 0.9422504 0 0.8505852 -0.3658392 0.07314038 0 -0.3649181 0 0 0 0 0 0 0 0 0 0 0 0.07377732
0 0 0 0 0 0 0 0 0 0 0 0 0 0 0 0 0 0 0 0 0 0 0 0 0 0 0 0 0 0 0 0 0 0 0 0 0 0 0 0 0 0 0 0 0 0 0 0 0 0 0 0 0 1.01 0 0 0 0 0 0 0 0 0 0 0 0 0 0 0 0 0 0 0 0 0 0 0 0 0 0 0 0 0 0 0 0 0 0 0 0 0 0 0 0 0 0 0 0 0 0 0 0 0 0 0 0 0 0 0 0 0 0 0 0 0 0 0 0 0 0 0 0 0 0
0 0 0 0 0 0 0 0 0 0 0 0 0 0 0 0 0 0 0 0 0 0 0 0 0 0 0 0 0 0 0 0 0 0 0 0 0 0 0 0 0 0 0 0 0 0 0 0 0 0 0 0 0 0 1.01 0 0 0 0 0 0 0 0 0 0 0 0 0 0 0 0 0 0 0 0 0 0 0 0 0 0 0 0 0 0 0 0 0 0 0 0 0 0 0 0 0 0 0 0 0 0 0 0 0 0 0 0 0 0 0 0 0 0 0 0 0 0 0 0 0 0 0 0 0
0.784746 0 0.8594316 0 0.8594316 0 0 0 0 -0.3976826 0 0 0 0.784746 0 0.8985514 0.784746 0.784746 0 0.07601896 0.8981955 0.07555948 0 0 0.02550512 0.8834925 0.9847883 0 0.9833802 0.03820786 0 0.8297107 0 0.8706206 -0.4329656 0.8635724 0 0 0 0.8765921 0.9899612 0 0.08191049 0 0.9756815 0 0.9198778 -0.4418653 0 0 0 0 0.9988374 0 0 1.01 0.8398815 0.9689739 1 1 1 0 0 1 0 0 -0.4396655 0.9764538 1 0 0 0 0.999709 0.8765921 0 0 0 0.126322 0.9985444 0 0 0.9985444 0.9171539 -0.366266 0 0 0 0.9394127 0.9475954 0 0 0 0.8597209 0 0 0 0.9466956 0.8587891 0.7610581 0.1046203 0 0 0.9398393 0.9461232 0 0.9433669 0 0.8515954 -0.366266 0.07291354 0 -0.3653445 0 0 0 0 0 0 0 0 0 0 0 0.07354724
0.651832 0 0.7144477 0 0.7144477 0 0 0 0 -0.3324271 0 0 0 0.651832 0 0.747288 0.651832 0.651832 0 0.09128639 0.7469373 0.09074042 0 0 0.03218189 0.7411125 0.8254712 0 0.8240983 0.04550515 0 0.9885406 0 0.7307098 -0.3627264 0.7238955 0 0 0 0.736102 0.830151 0 0.09332242 0 0.8192978 0 0.9124255 -0.371279 0 0 0 0 0.8387503 0 0 0.8398815 1.01 0.8102843 0.8398815 0.8398815 0.8398815 0 0 0.8398815 0 0 -0.3691908 0.8181318 0.8398815 0 0 0 0.8395985 0.736102 0 0 0 0.1477266 0.8387617 0 0 0.8387617 0.7699412 -0.3087244 0 0 0 0.7873226 0.7947928 0 0 0 0.72044 0 0 0 0.7941077 0.7197325 0.7205649 0.1186051 0 0 0.7874974 0.7935493 0 0.7915555 0 0.7132241 -0.3087244 0.08570242 0 -0.3078508 0 0 0 0 0 0 0 0 0 0 0 0.08628133
0.7571863 0 0.830242 0 0.830242 0 0 0 0 -0.3866535 0 0 0 0.7571863 0 0.8682897 0.7571863 0.7571863 0 0.0760447 0.8679365 0.07556716 0 0 0.02472025 0.8550856 0.9539444 0 0.9525463 0.03429913 0 0.8001952 0 0.8427736 -0.420736 0.835792 0 0 0 0.8486262 0.9590164 0 0.08566942 0 0.9455612 0 0.8899443 -0.4295724 0 0 0 0 0.9678199 0 0 0.9689739 0.8102843 1.01 0.9689739 0.9689739 0.9689739 0 0 0.9689739 0 0 -0.4273934 0.9456337 0.9689739 0 0 0 0.9686851 0.8486262 0 0 0 0.1296599 0.9675815 0 0 0.9675815 0.8880471 -0.3564786 0 0 0 0.9094003 0.9175216 0 0 0 0.8316524 0 0 0 0.9166619 0.830762 0.7357267 0.1094585 0 0 0.9098717 0.9160937 0 0.9134781 0 0.8238952 -0.3564786 0.07520316 0 -0.3555656 0 0 0 0 0 0 0 0 0 0 0 0.07595625
0.784746 0 0.8594316 0 0.8594316 0 0 0 0 -0.3976826 0 0 0 0.784746 0 0.8985514 0.784746 0.784746 0 0.07601896 0.8981955 0.07555948 0 0 0.02550512 0.8834925 0.9847883 0 0.9833802 0.03820786 0 0.8297107 0 0.8706206 -0.4329656 0.8635724 0 0 0 0.8765921 0.9899612 0 0.08191049 0 0.9756815 0 0.9198778 -0.4418653 0 0 0 0 0.9988374 0 0 1 0.8398815 0.9689739 1.01 1 1 0 0 1 0 0 -0.4396655 0.9764538 1 0 0 0 0.999709 0.8765921 0 0 0 0.126322 0.9985444 0 0 0.9985444 0.9171539 -0.366266 0 0 0 0.9394127 0.9475954 0 0 0 0.8597209 0 0 0 0.9466956 0.8587891 0.7610581 0.1046203 0 0 0.9398393 0.9461232 0 0.9433669 0 0.8515954 -0.366266 0.07291354 0 -0.3653445 0 0 0 0 0 0 0 0 0 0 0 0.07354724
0.784746 0 0.8594316 0 0.8594316 0 0 0 0 -0.3976826 0 0 0 0.784746 0 0.8985514 0.784746 0.784746 0 0.07601896 0.8981955 0.07555948 0 0 0.02550512 0.8834925 0.9847883 0 0.9833802 0.03820786 0 0.8297107 0 0.8706206 -0.4329656 0.8635724 0 0 0 0.8765921 0.9899612 0 0.08191049 0 0.9756815 0 0.9198778 -0.4418653 0 0 0 0 0.9988374 0 0 1 0.8398815 0.9689739 1 1.01 1 0 0 1 0 0 -0.4396655 0.9764538 1 0 0 0 0.999709 0.8765921 0 0 0 0.126322 0.9985444 0 0 0.9985444 0.9171539 -0.366266 0 0 0 0.9394127 0.9475954 0 0 0 0.8597209 0 0 0 0.9466956 0.8587891 0.7610581 0.1046203 0 0 0.9398393 0.9461232 0 0.9433669 0 0.8515954 -0.366266 0.07291354 0 -0.3653445 0 0 0 0 0 0 0 0 0 0 0 0.07354724
0.784746 0 0.8594316 0 0.8594316 0 0 0 0 -0.3976826 0 0 0 0.784746 0 0.8985514 0.784746 0.784746 0 0.07601896 0.8981955 0.07555948 0 0 0.02550512 0.8834925 0.9847883 0 0.9833802 0.03820786 0 0.8297107 0 0.8706206 -0.4329656 0.8635724 0 0 0 0.8765921 0.9899612 0 0.08191049 0 0.9756815 0 0.9198778 -0.4418653 0 0 0 0 0.9988374 0 0 1 0.8398815 0.9689739 1 1 1.01 0 0 1 0 0 -0.4396655 0.9764538 1 0 0 0 0.999709 0.8765921 0 0 0 0.126322 0.9985444 0 0 0.9985444 0.9171539 -0.366266 0 0 0 0.9394127 0.9475954 0 0 0 0.8597209 0 0 0 0.9466956 0.8587891 0.7610581 0.1046203 0 0 0.9398393 0.9461232 0 0.9433669 0 0.8515954 -0.366266 0.07291354 0 -0.3653445 0 0 0 0 0 0 0 0 0 0 0 0.07354724
0 0 0 0 0 0 0 0 0 0 0 0 0 0 0 0 0 0 0 0 0 0 0 0 0 0 0 0 0 0 0 0 0 0 0 0 0 0 0 0 0 0 0 0 0 0 0 0 0 0 0 0 0 0 0 0 0 0 0 0 0 1.01 0 0 0 0 0 0 0 0 0 0 0 0 0 0 0 0 0 0 0 0 0 0 0 0 0 0 0 0 0 0 0 0 0 0 0 0 0 0 0 0 0 0 0 0 0 0 0 0 0 0 0 0 0 0 0 0 0 0 0 0 0 0
0 0 0 0 0 0 0 0 0 0 0 0 0 0 0 0 0 0 0 0 0 0 0 0 0 0 0 0 0 0 0 0 0 0 0 0 0 0 0 0 0 0 0 0 0 0 0 0 0 0 0 0 0 0 0 0 0 0 0 0 0 0 1.01 0 0 0 0 0 0 0 0 0 0 0 0 0 0 0 0 0 0 0 0 0 0 0 0 0 0 0 0 0 0 0 0 0 0 0 0 0 0 0 0 0 0 0 0 0 0 0 0 0 0 0 0 0 0 0 0 0 0 0 0 0
0.784746 0 0.8594316 0 0.8594316 0 0 0 0 -0.3976826 0 0 0 0.784746 0 0.8985514 0.784746 0.784746 0 0.07601896 0.8981955 0.07555948 0 0 0.02550512 0.8834925 0.9847883 0 0.9833802 0.03820786 0 0.8297107 0 0.8706206 -0.4329656 0.8635724 0 0 0 0.8765921 0.9899612 0 0.08191049 0 0.9756815 0 0.9198778 -0.4418653 0 0 0 0 0.9988374 0 0 1 0.8398815 0.9689739 1 1 1 0 0 1.01 0 0 -0.4396655 0.9764538 1 0 0 0 0.999709 0.8765921 0 0 0 0.126322 0.9985444 0 0 0.9985444 0.9171539 -0.366266 0 0 0 0.9394127 0.9475954 0 0 0 0.8597209 0 0 0 0.9466956 0.8587891 0.7610581 0.1046203 0 0 0.9398393 0.9461232 0 0.9433669 0 0.8515954 -0.366266 0.07291354 0 -0.3653445 0 0 0 0 0 0 0 0 0 0 0 0.07354724
0 0 0 0 0 0 0 0 0 0 0 0 0 0 0 0 0 0 0 0 0 0 0 0 0 0 0 0 0 0 0 0 0 0 0 0 0 0 0 0 0 0 0 0 0 0 0 0 0 0 0 0 0 0 0 0 0 0 0 0 0 0 0 0 1.01 0 0 0 0 0 0 0 0 0 0 0 0 0 0 0 0 0 0 0 0 0 0 0 0 0 0 0 0 0 0 0 0 0 0 0 0 0 0 0 0 0 0 0 0 0 0 0 0 0 0 0 0 0 0 0 0 0 0 0
0 0 0 0 0 0 0 0 0 0 0 0 0 0 0 0 0 0 0 0 0 0 0 0 0 0 0 0 0 0 0 0 0 0 0 0 0 0 0 0 0 0 0 0 0 0 0 0 0 0 0 0 0 0 0 0 0 0 0 0 0 0 0 0 0 1.01 0 0 0 0 0 0 0 0 0 0 0 0 0 0 0 0 0 0 0 0 0 0 0 0 0 0 0 0 0 0 0 0 0 0 0 0 0 0 0 0 0 0 0 0 0 0 0 0 0 0 0 0 0 0 0 0 0 0
0.003589937 0 -0.2633849 0 -0.2633849 0 0 0 0 0.9029515 0 0 0 0.003589937 0 -0.3946944 0.003589937 0.003589937 0 -0.03606661 -0.3943004 -0.03586511 0 0 -0.01940897 -0.008173442 -0.433964 0 -0.4333406 -0.01510389 0 -0.3655767 0 0.04444139 0.9767663 0.04398184 0 0 0 0.04414794 -0.4344657 0 -0.03095812 0 -0.4433297 0 -0.4075813 0.9937709 0 0 0 0 -0.4391515 0 0 -0.4396655 -0.3691908 -0.4273934 -0.4396655 -0.4396655 -0.4396655 0 0 -0.4396655 0 0 1.01 -0.4302848 -0.4396655 0 0 0 -0.4395369 0.04414794 0 0 0 -0.05421509 -0.4345433 0 0 -0.4345433 -0.1177816 0.820848 0 0 0 -0.3111031 -0.3143769 0 0 0 0.0131305 0 0 0 -0.3147 0.01298019 -0.2494487 -0.05494851 0 0 -0.3119567 -0.3144845 0 -0.3160778 0 0.04442361 0.820848 -0.02650341 0 0.8192829 0 0 0 0 0 0 0 0 0 0 0 -0.02224623
0.7644936 0 0.837756 0 0.837756 0 0 0 0 -0.390456 0 0 0 0.7644936 0 0.8767005 0.7644936 0.7644936 0 0.07565679 0.8763459 0.07518396 0 0 0.0275566 0.8619709 0.9619542 0 0.960554 0.04021165 0 0.808518 0 0.849527 -0.4247856 0.8425325 0 0 0 0.8554054 0.9670481 0 0.07928183 0 0.9534078 0 0.8978712 -0.4324675 0 0 0 0 0.9752985 0 0 0.9764538 0.8181318 0.9456337 0.9764538 0.9764538 0.9764538 0 0 0.9764538 0 0 -0.4302848 1.01 0.9764538 0 0 0 0.9761647 0.8554054 0 0 0 0.126543 0.9750466 0 0 0.9750466 0.8958567 -0.3569763 0 0 0 0.9165191 0.9246494 0 0 0 0.8390823 0 0 0 0.9237801 0.8381825 0.7408667 0.1083202 0 0 0.916978 0.9232113 0 0.9205617 0 0.8306223 -0.3569763 0.07618497 0 -0.356065 0 0 0 0 0 0 0 0 0 0 0 0.07773829
0.784746 0 0.8594316 0 0.8594316 0 0 0 0 -0.3976826 0 0 0 0.784746 0 0.8985514 0.784746 0.784746 0 0.07601896 0.8981955 0.07555948 0 0 0.02550512 0.8834925 0.9847883 0 0.9833802 0.03820786 0 0.8297107 0 0.8706206 -0.4329656 0.8635724 0 0 0 0.8765921 0.9899612 0 0.08191049 0 0.9756815 0 0.9198778 -0.4418653 0 0 0 0 0.9988374 0 0 1 0.8398815 0.9689739 1 1 1 0 0 1 0 0 -0.4396655 0.9764538 1.01 0 0 0 0.999709 0.8765921 0 0 0 0.126322 0.9985444 0 0 0.9985444 0.9171539 -0.366266 0 0 0 0.9394127 0.9475954 0 0 0 0.8597209 0 0 0 0.9466956 0.8587891 0.7610581 0.1046203 0 0 0.9398393 0.9461232 0 0.9433669 0 0.8515954 -0.366266 0.07291354 0 -0.3653445 0 0 0 0 0 0 0 0 0 0 0 0.07354724
0 0 0 0 0 0 0 0 0 0 0 0 0 0 0 0 0 0 0 0 0 0 0 0 0 0 0 0 0 0 0 0 0 0 0 0 0 0 0 0 0 0 0 0 0 0 0 0 0 0 0 0 0 0 0 0 0 0 0 0 0 0 0 0 0 0 0 0 0 1.01 0 0 0 0 0 0 0 0 0 0 0 0 0 0 0 0 0 0 0 0 0 0 0 0 0 0 0 0 0 0 0 0 0 0 0 0 0 0 0 0 0 0 0 0 0 0 0 0 0 0 0 0 0 0
0 0 0 0 0 0 0 0 0 0 0 0 0 0 0 0 0 0 0 0 0 0 0 0 0 0 0 0 0 0 0 0 0 0 0 0 0 0 0 0 0 0 0 0 0 0 0 0 0 0 0 0 0 0 0 0 0 0 0 0 0 0 0 0 0 0 0 0 0 0 1.01 0 0 0 0 0 0 0 0 0 0 0 0 0 0 0 0 0 0 0 0 0 0 0 0 0 0 0 0 0 0 0 0 0 0 0 0 0 0 0 0 0 0 0 0 0 0 0 0 0 0 0 0 0
0 0 0 0 0 0 0 0 0 0 0 0 0 0 0 0 0 0 0 0 0 0 0 0 0 0 0 0 0 0 0 0 0 0 0 0 0 0 0 0 0 0 0 0 0 0 0 0 0 0 0 0 0 0 0 0 0 0 0 0 0 0 0 0 0 0 0 0 0 0 0 1.01 0 0 0 0 0 0 0 0 0 0 0 0 0 0 0 0 0 0 0 0 0 0 0 0 0 0 0 0 0 0 0 0 0 0 0 0 0 0 0 0 0 0 0 0 0 0 0 0 0 0 0 0
0.7844943 0 0.8591573 0 0.8591573 0 0 0 0 -0.3975622 0 0 0 0.7844943 0 0.8982664 0.7844943 0.7844943 0 0.07532068 0.8979105 0.07485989 0 0 0.02553252 0.8832346 0.9844986 0 0.9830906 0.03823559 0 0.8294281 0 0.8703664 -0.4328375 0.8633188 0 0 0 0.8763371 0.9896709 0 0.08197133 0 0.9753965 0 0.9195916 -0.4417365 0 0 0 0 0.9985465 0 0 0.999709 0.8395985 0.9686851 0.999709 0.999709 0.999709 0 0 0.999709 0 0 -0.4395369 0.9761647 0.999709 0 0 0 1.01 0.8763371 0 0 0 0.1259284 0.9982538 0 0 0.9982538 0.9168871 -0.3661592 0 0 0 0.9391324 0.9473147 0 0 0 0.8594656 0 0 0 0.9464153 0.8585341 0.760784 0.1040883 0 0 0.9395596 0.9458429 0 0.9430875 0 0.8513426 -0.3661592 0.07297027 0 -0.3652378 0 0 0 0 0 0 0 0 0 0 0 0.07360479
0.875747 0 0.8149811 0 0.8149811 0 0 0 0 0.04395839 0 0 0 0.875747 0 0.787756 0.875747 0.875747 0 0.06475451 0.7875718 0.06434907 0 0 0.01809448 0.9794723 0.8627118 0 0.8614783 0.03457958 0 0.7267127 0 0.9935039 0.04445043 0.9854007 0 0 0 1 0.8682059 0 0.07490484 0 0.8475296 0 0.8045803 0.04369879 0 0 0 0 0.8755732 0 0 0.8765921 0.736102 0.8486262 0.8765921 0.8765921 0.8765921 0 0 0.8765921 0 0 0.04414794 0.8554054 0.8765921 0 0 0 0.8763371 1.01 0 0 0 0.1109793 0.8777325 0 0 0.8777325 0.9578698 0.03466033 0 0 0 0.8784014 0.8857576 0 0 0 0.964466 0 0 0 0.8845815 0.9633473 0.7128163 0.08670662 0 0 0.8784194 0.8840596 0 0.8801317 0 0.9722889 0.03466033 0.06725727 0 0.03484354 0 0 0 0 0 0 0 0 0 0 0 0.07026258
0 0 0 0 0 0 0 0 0 0 0 0 0 0 0 0 0 0 0 0 0 0 0 0 0 0 0 0 0 0 0 0 0 0 0 0 0 0 0 0 0 0 0 0 0 0 0 0 0 0 0 0 0 0 0 0 0 0 0 0 0 0 0 0 0 0 0 0 0 0 0 0 0 0 1.01 0 0 0 0 0 0 0 0 0 0 0 0 0 0 0 0 0 0 0 0 0 0 0 0 0 0 0 0 0 0 0 0 0 0 0 0 0 0 0 0 0 0 0 0 0 0 0 0 0
0 0 0 0 0 0 0 0 0 0 0 0 0 0 0 0 0 0 0 0 0 0 0 0 0 0 0 0 0 0 0 0 0 0 0 0 0 0 0 0 0 0 0 0 0 0 0 0 0 0 0 0 0 0 0 0 0 0 0 0 0 0 0 0 0 0 0 0 0 0 0 0 0 0 0 1.01 0 0 0 0 0 0 0 0 0 0 0 0 0 0 0 0 0 0 0 0 0 0 0 0 0 0 0 0 0 0 0 0 0 0 0 0 0 0 0 0 0 0 0 0 0 0 0 0
0 0 0 0 0 0 0 0 0 0 0 0 0 0 0 0 0 0 0 0 0 0 0 0 0 0 0 0 0 0 0 0 0 0 0 0 0 0 0 0 0 0 0 0 0 0 0 0 0 0 0 0 0 0 0 0 0 0 0 0 0 0 0 0 0 0 0 0 0 0 0 0 0 0 0 0 1.01 0 0 0 0 0 0 0 0 0 0 0 0 0 0 0 0 0 0 0 0 0 0 0 0 0 0 0 0 0 0 0 0 0 0 0 0 0 0 0 0 0 0 0 0 0 0 0
-0.05147222 0 -0.03460348 0 -0.03460348 0 0 0 0 -0.04563205 0 0 0 -0.05147222 0 -0.02732565 -0.05147222 -0.05147222 0 0.5987592 -0.02752432 0.5997508 0 0 -0.0171519 0.1113082 0.1216767 0 0.1212312 -0.03766543 0 0.1438637 0 0.1117802 -0.04213649 0.1125337 0 0 0 0.1109793 0.1209427 0 -0.07769528 0 0.1170756 0 0.1348131 -0.0556635 0 0 0 0 0.126763 0 0 0.126322 0.1477266 0.1296599 0.126322 0.126322 0.126322 0 0 0.126322 0 0 -0.05421509 0.126543 0.126322 0 0 0 0.1259284 0.1109793 0 0 0 1.01 0.1268529 0 0 0.1268529 0.1146553 -0.05089781 0 0 0 0.1312293 0.1306539 0 0 0 0.1183684 0 0 0 0.1303241 0.1180191 0.1630387 -0.1164446 0 0 0.1284972 0.130544 0 0.1302071 0 0.1162697 -0.05089781 -0.07648297 0 -0.05114473 0 0 0 0 0 0 0 0 0 0 0 -0.0779589
0.7858806 0 0.8579902 0 0.8579902 0 0 0 0 -0.3924021 0 0 0 0.7858806 0 0.8972697 0.7858806 0.7858806 0 0.07573128 0.8969158 0.07527202 0 0 0.02538282 0.88466 0.9833467 0 0.9819405 0.03809131 0 0.828598 0 0.8717542 -0.4279111 0.8647043 0 0 0 0.8777325 0.9885241 0 0.08165372 0 0.9741345 0 0.9185819 -0.4367247 0 0 0 0 0.9973833 0 0 0.9985444 0.8387617 0.9675815 0.9985444 0.9985444 0.9985444 0 0 0.9985444 0 0 -0.4345433 0.9750466 0.9985444 0 0 0 0.9982538 0.8777325 0 0 0 0.1268529 1.01 0 0 1 0.9183993 -0.3670153 0 0 0 0.9407822 0.9489684 0 0 0 0.8608734 0 0 0 0.9480665 0.8599392 0.7623807 0.1042621 0 0 0.9412075 0.9474938 0 0.9447295 0 0.852726 -0.3670153 0.07267207 0 -0.3660928 0 0 0 0 0 0 0 0 0 0 0 0.07330209
0 0 0 0 0 0 0 0 0 0 0 0 0 0 0 0 0 0 0 0 0 0 0 0 0 0 0 0 0 0 0 0 0 0 0 0 0 0 0 0 0 0 0 0 0 0 0 0 0 0 0 0 0 0 0 0 0 0 0 0 0 0 0 0 0 0 0 0 0 0 0 0 0 0 0 0 0 0 0 1.01 0 0 0 0 0 0 0 0 0 0 0 0 0 0 0 0 0 0 0 0 0 0 0 0 0 0 0 0 0 0 0 0 0 0 0 0 0 0 0 0 0 0 0 0
0 0 0 0 0 0 0 0 0 0 0 0 0 0 0 0 0 0 0 0 0 0 0 0 0 0 0 0 0 0 0 0 0 0 0 0 0 0 0 0 0 0 0 0 0 0 0 0 0 0 0 0 0 0 0 0 0 0 0 0 0 0 0 0 0 0 0 0 0 0 0 0 0 0 0 0 0 0 0 0 1.01 0 0 0 0 0 0 0 0 0 0 0 0 0 0 0 0 0 0 0 0 0 0 0 0 0 0 0 0 0 0 0 0 0 0 0 0 0 0 0 0 0 0 0
