1.01 0 -0.09220102 0 0.7685479 0 0.7976326 -0.3685558 0.7976326 0.7976326 0.03371137 -0.07813823 0.1151069 0 0.1240775 0 0 0 0 0.7976326 0 0.3046934 0.04047617 -0.07813823 0.1178546 0 0 0.3152827 0.1147221 0 0 0.7976326 0 0 0.07578968 0.7976326 0.7896745 0.1147221 0.1147221 0.7976326 0 0 0.1147221 0 0 0.7976326 0.05403572 0 0 0.1147221 0.5557791 0.09202396 0.7976326 0.11482 0 0.0719652 0.1147221 0.1250709 0 0 0.7976326 0.1149179 0 0.03885577 0.7969026 0.3056517 0.01719786 0 0.6843701 0.5575449 0 0.1144281 0.1140281 0.1146241 0.1133481 0.1134464 0.18419 0.2570023 0 0.162839 0.1141262 0 0 0.02234539 0 0 0 0.128146 0 -0.1449516 0.2039659 0 0 0 0 0 0.204004 0 0 0.2209284 0.03839257 0 0 0 0.1138319 0 0.2134042 0.6243629 0 0 0 0 0 0
0 1.01 0 0 0 0 0 0 0 0 0 0 0 0 0 0 0 0 0 0 0 0 0 0 0 0 0 0 0 0 0 0 0 0 0 0 0 0 0 0 0 0 0 0 0 0 0 0 0 0 0 0 0 0 0 0 0 0 0 0 0 0 0 0 0 0 0 0 0 0 0 0 0 0 0 0 0 0 0 0 0 0 0 0 0 0 0 0 0 0 0 0 0 0 0 0 0 0 0 0 0 0 0 0 0 0 0 0 0 0 0 0 0 0
-0.09220102 0 1.01 0 0.1027491 0 0.1052618 -0.05784028 0.1052618 0.1052618 -0.04205012 0.9574627 -0.1380949 0 -0.1321475 0 0 0 0 0.1052618 0 -0.4581172 0.6307845 0.9574627 -0.1155616 0 0 -0.4735213 -0.1093597 0 0 0.1052618 0 0 -0.1100447 0.1052618 0.1057047 -0.1093597 -0.1093597 0.1052618 0 0 -0.1093597 0 0 0.1052618 -0.100284 0 0 -0.1093597 0.1366415 -0.07921781 0.1052618 -0.1094768 0 -0.1101021 -0.1093597 -0.1298964 0 0 0.1052618 -0.1095939 0 0.6394764 0.1055106 -0.08782822 -0.0299858 0 0.08649951 -0.744155 0 -0.1090081 -0.1092425 -0.1092425 -0.10826 -0.1083775 -0.1806576 -0.4662075 0 -0.1050166 -0.1088173 0 0 -0.05162735 0 0 0 -0.1326502 0 0.9151086 -0.4714583 0 0 0 0 0 -0.3797263 0 0 0.1678563 0.3538351 0 0 0 -0.1090081 0 0.1720582 0.08178937 0 0 0 0 0 0
0 0 0 1.01 0 0 0 0 0 0 0 0 0 0 0 0 0 0 0 0 0 0 0 0 0 0 0 0 0 0 0 0 0 0 0 0 0 0 0 0 0 0 0 0 0 0 0 0 0 0 0 0 0 0 0 0 0 0 0 0 0 0 0 0 0 0 0 0 0 0 0 0 0 0 0 0 0 0 0 0 0 0 0 0 0 0 0 0 0 0 0 0 0 0 0 0 0 0 0 0 0 0 0 0 0 0 0 0 0 0 0 0 0 0
0.7685479 0 0.1027491 0 1.01 0 0.9651687 -0.4837613 0.9651687 0.9651687 0.03089462 0.1083968 0.07536516 0 0.1003297 0 0 0 0 0.9651687 0 0.2905464 0.1649086 0.1083968 0.0937797 0 0 0.3010382 0.09022022 0 0 0.9651687 0 0 0.05800326 0.9651687 0.956187 0.09022022 0.09022022 0.9651687 0 0 0.09022022 0 0 0.9651687 0.06587262 0 0 0.09022022 0.6976587 0.07506188 0.9651687 0.09029596 0 0.05469096 0.09022022 0.09863362 0 0 0.9651687 0.09037167 0 0.1623681 0.9644025 0.3501909 0.01109653 0 0.8798456 0.502965 0 0.08999288 0.08940618 0.09014447 0.08915752 0.08923358 0.1454543 0.2311292 0 0.283447 0.09022022 0 0 0.02109007 0 0 0 0.09884512 0 0.01704751 0.1956736 0 0 0 0 0 0.1388783 0 0 0.337425 0.03194873 0 0 0 0.08925427 0 0.3292379 0.8036547 0 0 0 0 0 0
0 0 0 0 0 1.01 0 0 0 0 0 0 0 0 0 0 0 0 0 0 0 0 0 0 0 0 0 0 0 0 0 0 0 0 0 0 0 0 0 0 0 0 0 0 0 0 0 0 0 0 0 0 0 0 0 0 0 0 0 0 0 0 0 0 0 0 0 0 0 0 0 0 0 0 0 0 0 0 0 0 0 0 0 0 0 0 0 0 0 0 0 0 0 0 0 0 0 0 0 0 0 0 0 0 0 0 0 0 0 0 0 0 0 0
0.7976326 0 0.1052618 0 0.9651687 0 1.01 -0.4704217 1 1 0.03224219 0.1113507 0.08742533 0 0.1044232 0 0 0 0 1 0 0.3020654 0.1701689 0.1113507 0.09667956 0 0 0.3119895 0.09274678 0 0 1 0 0 0.06001319 1 0.99063 0.09274678 0.09274678 1 0 0 0.09274678 0 0 1 0.06346964 0 0 0.09274678 0.7231093 0.07737614 1 0.09282435 0 0.05648086 0.09274678 0.1037515 0 0 1 0.09290189 0 0.1683194 0.9992085 0.3664119 0.01221802 0 0.8574151 0.521726 0 0.09251395 0.09194653 0.0926692 0.09165841 0.09173631 0.1513186 0.2432974 0 0.2682749 0.09274678 0 0 0.01903898 0 0 0 0.104721 0 0.02192962 0.1785473 0 0 0 0 0 0.1233078 0 0 0.3211896 0.03321059 0 0 0 0.09179096 0 0.3134493 0.783487 0 0 0 0 0 0
-0.3685558 0 -0.05784028 0 -0.4837613 0 -0.4704217 1.01 -0.4704217 -0.4704217 -0.02108829 -0.06117668 -0.0355263 0 -0.03441868 0 0 0 0 -0.4704217 0 -0.1505338 -0.07680155 -0.06117668 -0.03342957 0 0 -0.1562565 -0.03378635 0 0 -0.4704217 0 0 -0.0341895 -0.4704217 -0.4652653 -0.03378635 -0.03378635 -0.4704217 0 0 -0.03378635 0 0 -0.4704217 -0.03252793 0 0 -0.03378635 -0.3448754 -0.02960228 -0.4704217 -0.03382536 0 -0.03439591 -0.03378635 -0.03161698 0 0 -0.4704217 -0.03386436 0 -0.07399072 -0.4700485 -0.1673496 7.037772e-05 0 -0.547539 -0.2388217 0 -0.03366924 -0.03374733 -0.03374733 -0.03323881 -0.03327801 -0.05168617 -0.1559773 0 -0.251655 -0.03378635 0 0 -0.007684139 0 0 0 -0.0336691 0 -0.0578982 -0.1604266 0 0 0 0 0 -0.1310007 0 0 -0.2881876 -0.01243359 0 0 0 -0.03366924 0 -0.2833399 -0.6010376 0 0 0 0 0 0
0.7976326 0 0.1052618 0 0.9651687 0 1 -0.4704217 1.01 1 0.03224219 0.1113507 0.08742533 0 0.1044232 0 0 0 0 1 0 0.3020654 0.1701689 0.1113507 0.09667956 0 0 0.3119895 0.09274678 0 0 1 0 0 0.06001319 1 0.99063 0.09274678 0.09274678 1 0 0 0.09274678 0 0 1 0.06346964 0 0 0.09274678 0.7231093 0.07737614 1 0.09282435 0 0.05648086 0.09274678 0.1037515 0 0 1 0.09290189 0 0.1683194 0.9992085 0.3664119 0.01221802 0 0.8574151 0.521726 0 0.09251395 0.09194653 0.0926692 0.09165841 0.09173631 0.1513186 0.2432974 0 0.2682749 0.09274678 0 0 0.01903898 0 0 0 0.104721 0 0.02192962 0.1785473 0 0 0 0 0 0.1233078 0 0 0.3211896 0.03321059 0 0 0 0.09179096 0 0.3134493 0.783487 0 0 0 0 0 0
0.7976326 0 0.1052618 0 0.9651687 0 1 -0.4704217 1 1.01 0.03224219 0.1113507 0.08742533 0 0.1044232 0 0 0 0 1 0 0.3020654 0.1701689 0.1113507 0.09667956 0 0 0.3119895 0.09274678 0 0 1 0 0 0.06001319 1 0.99063 0.09274678 0.09274678 1 0 0 0.09274678 0 0 1 0.06346964 0 0 0.09274678 0.7231093 0.07737614 1 0.09282435 0 0.05648086 0.09274678 0.1037515 0 0 1 0.09290189 0 0.1683194 0.9992085 0.3664119 0.01221802 0 0.8574151 0.521726 0 0.09251395 0.09194653 0.0926692 0.09165841 0.09173631 0.1513186 0.2432974 0 0.2682749 0.09274678 0 0 0.01903898 0 0 0 0.104721 0 0.02192962 0.1785473 0 0 0 0 0 0.1233078 0 0 0.3211896 0.03321059 0 0 0 0.09179096 0 0.3134493 0.783487 0 0 0 0 0 0
0.03371137 0 -0.04205012 0 0.03089462 0 0.03224219 -0.02108829 0.03224219 0.03224219 1.01 -0.04375549 -0.02747863 0 -0.02722181 0 0 0 0 0.03224219 0 0.07902419 -0.05767131 -0.04375549 -0.01979684 0 0 0.07542941 -0.01846379 0 0 0.03224219 0 0 -0.01900227 0.03224219 0.03275256 -0.01846379 -0.01846379 0.03224219 0 0 -0.01846379 0 0 0.03224219 0.1186007 0 0 -0.01846379 0.03653397 -0.01658595 0.03224219 -0.01848964 0 -0.0194645 -0.01846379 -0.02547307 0 0 0.03224219 -0.01851548 0 -0.05453924 0.03228917 -0.02982978 0.001874701 0 0.02422594 0.05852935 0 -0.01838618 -0.01843793 -0.01843793 -0.01810092 -0.0181269 0.00412308 0.04561056 0 0.008828177 -0.01846379 0 0 -0.0163515 0 0 0 0.02001825 0 -0.04730036 0.04374637 0 0 0 0 0 -0.008686265 0 0 -0.00516391 -0.01853771 0 0 0 -0.01838618 0 -0.002739335 0.0227051 0 0 0 0 0 0
-0.07813823 0 0.9574627 0 0.1083968 0 0.1113507 -0.06117668 0.1113507 0.1113507 -0.04375549 1.01 -0.1425817 0 -0.1378629 0 0 0 0 0.1113507 0 -0.4773006 0.6598204 1 -0.1237571 0 0 -0.4480354 -0.1166768 0 0 0.1113507 0 0 -0.1092958 0.1113507 0.1119769 -0.1166768 -0.1166768 0.1113507 0 0 -0.1166768 0 0 0.1113507 -0.1040517 0 0 -0.1166768 0.1455091 -0.08519099 0.1113507 -0.1167985 0 -0.1091035 -0.1166768 -0.1359556 0 0 0.1113507 -0.1169201 0 0.6683793 0.1116094 -0.05999362 -0.02969387 0 0.09070937 -0.7760173 0 -0.1163115 -0.1165551 -0.1165551 -0.1154963 -0.1156184 -0.1821647 -0.4842077 0 -0.09491893 -0.1161513 0 0 -0.05636655 0 0 0 -0.1280551 0 0.9458721 -0.4907021 0 0 0 0 0 -0.3953905 0 0 0.1669196 0.3378565 0 0 0 -0.1163115 0 0.1710219 0.08725883 0 0 0 0 0 0
0.1151069 0 -0.1380949 0 0.07536516 0 0.08742533 -0.0355263 0.08742533 0.08742533 -0.02747863 -0.1425817 1.01 0 -0.138933 0 0 0 0 0.08742533 0 0.3075511 -0.2226818 -0.1425817 -0.1139513 0 0 0.2993324 -0.1094404 0 0 0.08742533 0 0 -0.1032115 0.08742533 0.08818809 -0.1094404 -0.1094404 0.08742533 0 0 -0.1094404 0 0 0.08742533 -0.1021141 0 0 -0.1094404 0.124435 -0.08159558 0.08742533 -0.1095452 0 -0.1001335 -0.1094404 -0.1379323 0 0 0.08742533 -0.1085043 0 -0.2099835 0.08765757 0.003352366 -0.01123604 0 0.07345208 0.1690572 0 -0.1096991 -0.1087622 -0.1099087 -0.1102683 -0.1097983 -0.1578477 0.2697882 0 0.1156269 -0.1094404 0 0 -0.03894564 0 0 0 -0.06393606 0 -0.1378344 0.2404511 0 0 0 0 0 0.3092436 0 0 0.1001069 -0.04616223 0 0 0 -0.1091255 0 0.09104257 0.06751991 0 0 0 0 0 0
0 0 0 0 0 0 0 0 0 0 0 0 0 1.01 0 0 0 0 0 0 0 0 0 0 0 0 0 0 0 0 0 0 0 0 0 0 0 0 0 0 0 0 0 0 0 0 0 0 0 0 0 0 0 0 0 0 0 0 0 0 0 0 0 0 0 0 0 0 0 0 0 0 0 0 0 0 0 0 0 0 0 0 0 0 0 0 0 0 0 0 0 0 0 0 0 0 0 0 0 0 0 0 0 0 0 0 0 0 0 0 0 0 0 0
0.1240775 0 -0.1321475 0 0.1003297 0 0.1044232 -0.03441868 0.1044232 0.1044232 -0.02722181 -0.1378629 -0.138933 0 1.01 0 0 0 0 0.1044232 0 -0.4432472 0.6173259 -0.1378629 -0.04499057 0 0 -0.4096796 -0.114886 0 0 0.1044232 0 0 -0.1052334 0.1044232 0.1065522 -0.114886 -0.114886 0.1044232 0 0 -0.114886 0 0 0.1044232 -0.09542268 0 0 -0.114886 0.144293 -0.09120212 0.1044232 -0.1149988 0 -0.1012215 -0.114886 0.9440708 0 0 0.1044232 -0.1151115 0 0.5721048 0.1034578 0.2064358 -0.02334751 0 0.0907274 0.1653069 0 -0.1145473 -0.1147731 -0.1147731 -0.1133029 -0.1134162 0.6560502 -0.4020533 0 -0.6434521 -0.1126819 0 0 -0.04865452 0 0 0 0.8977373 0 -0.1257054 -0.3990658 0 0 0 0 0 -0.3190263 0 0 -0.7283527 -0.05302285 0 0 0 -0.1145473 0 -0.7143553 0.08211563 0 0 0 0 0 0
0 0 0 0 0 0 0 0 0 0 0 0 0 0 0 1.01 0 0 0 0 0 0 0 0 0 0 0 0 0 0 0 0 0 0 0 0 0 0 0 0 0 0 0 0 0 0 0 0 0 0 0 0 0 0 0 0 0 0 0 0 0 0 0 0 0 0 0 0 0 0 0 0 0 0 0 0 0 0 0 0 0 0 0 0 0 0 0 0 0 0 0 0 0 0 0 0 0 0 0 0 0 0 0 0 0 0 0 0 0 0 0 0 0 0
0 0 0 0 0 0 0 0 0 0 0 0 0 0 0 0 1.01 0 0 0 0 0 0 0 0 0 0 0 0 0 0 0 0 0 0 0 0 0 0 0 0 0 0 0 0 0 0 0 0 0 0 0 0 0 0 0 0 0 0 0 0 0 0 0 0 0 0 0 0 0 0 0 0 0 0 0 0 0 0 0 0 0 0 0 0 0 0 0 0 0 0 0 0 0 0 0 0 0 0 0 0 0 0 0 0 0 0 0 0 0 0 0 0 0
0 0 0 0 0 0 0 0 0 0 0 0 0 0 0 0 0 1.01 0 0 0 0 0 0 0 0 0 0 0 0 0 0 0 0 0 0 0 0 0 0 0 0 0 0 0 0 0 0 0 0 0 0 0 0 0 0 0 0 0 0 0 0 0 0 0 0 0 0 0 0 0 0 0 0 0 0 0 0 0 0 0 0 0 0 0 0 0 0 0 0 0 0 0 0 0 0 0 0 0 0 0 0 0 0 0 0 0 0 0 0 0 0 0 0
0 0 0 0 0 0 0 0 0 0 0 0 0 0 0 0 0 0 1.01 0 0 0 0 0 0 0 0 0 0 0 0 0 0 0 0 0 0 0 0 0 0 0 0 0 0 0 0 0 0 0 0 0 0 0 0 0 0 0 0 0 0 0 0 0 0 0 0 0 0 0 0 0 0 0 0 0 0 0 0 0 0 0 0 0 0 0 0 0 0 0 0 0 0 0 0 0 0 0 0 0 0 0 0 0 0 0 0 0 0 0 0 0 0 0
0.7976326 0 0.1052618 0 0.9651687 0 1 -0.4704217 1 1 0.03224219 0.1113507 0.08742533 0 0.1044232 0 0 0 0 1.01 0 0.3020654 0.1701689 0.1113507 0.09667956 0 0 0.3119895 0.09274678 0 0 1 0 0 0.06001319 1 0.99063 0.09274678 0.09274678 1 0 0 0.09274678 0 0 1 0.06346964 0 0 0.09274678 0.7231093 0.07737614 1 0.09282435 0 0.05648086 0.09274678 0.1037515 0 0 1 0.09290189 0 0.1683194 0.9992085 0.3664119 0.01221802 0 0.8574151 0.521726 0 0.09251395 0.09194653 0.0926692 0.09165841 0.09173631 0.1513186 0.2432974 0 0.2682749 0.09274678 0 0 0.01903898 0 0 0 0.104721 0 0.02192962 0.1785473 0 0 0 0 0 0.1233078 0 0 0.3211896 0.03321059 0 0 0 0.09179096 0 0.3134493 0.783487 0 0 0 0 0 0
0 0 0 0 0 0 0 0 0 0 0 0 0 0 0 0 0 0 0 0 1.01 0 0 0 0 0 0 0 0 0 0 0 0 0 0 0 0 0 0 0 0 0 0 0 0 0 0 0 0 0 0 0 0 0 0 0 0 0 0 0 0 0 0 0 0 0 0 0 0 0 0 0 0 0 0 0 0 0 0 0 0 0 0 0 0 0 0 0 0 0 0 0 0 0 0 0 0 0 0 0 0 0 0 0 0 0 0 0 0 0 0 0 0 0
0.3046934 0 -0.4581172 0 0.2905464 0 0.3020654 -0.1505338 0.3020654 0.3020654 0.07902419 -0.4773006 0.3075511 0 -0.4432472 0 0 0 0 0.3020654 0 1.01 -0.7202669 -0.4773006 -0.3600308 0 0 0.968524 -0.3457682 0 0 0.3020654 0 0 0.2253911 0.3020654 0.2949368 -0.3457682 -0.3457682 0.3020654 0 0 -0.3457682 0 0 0.3020654 0.2177213 0 0 -0.3457682 0.4223924 -0.2710312 0.3020654 -0.3457456 0 0.2182476 -0.3457682 -0.4332992 0 0 0.3020654 -0.3449889 0 -0.6959003 0.3020082 0.0223148 0.05100118 0 0.2614706 0.5977833 0 -0.3439992 -0.3435873 -0.34322 -0.3438803 -0.3434892 -0.5629584 0.9504169 0 0.5470232 -0.3442994 0 0 0.1048118 0 0 0 -0.3825642 0 -0.4891812 0.9227485 0 0 0 0 0 0.7312758 0 0 0.4409317 -0.155864 0 0 0 -0.3439992 0 0.4425516 0.2370453 0 0 0 0 0 0
0.04047617 0 0.6307845 0 0.1649086 0 0.1701689 -0.07680155 0.1701689 0.1701689 -0.05767131 0.6598204 -0.2226818 0 0.6173259 0 0 0 0 0.1701689 0 -0.7202669 1.01 0.6598204 -0.1354575 0 0 -0.6734315 -0.1811306 0 0 0.1701689 0 0 -0.1684425 0.1701689 0.1719389 -0.1811306 -0.1811306 0.1701689 0 0 -0.1811306 0 0 0.1701689 -0.156906 0 0 -0.1811306 0.2266982 -0.1364374 0.1701689 -0.1809099 0 -0.1647849 -0.1811306 0.6055836 0 0 0.1701689 -0.1814981 0 0.9715538 0.1696742 0.1227939 -0.03869671 0 0.1426285 -0.4635995 0 -0.180579 -0.1809468 -0.1809468 -0.1789574 -0.1791419 0.3483159 -0.6933582 0 -0.5507504 -0.179108 0 0 -0.08095139 0 0 0 0.5495946 0 0.6259173 -0.6963873 0 0 0 0 0 -0.5596325 0 0 -0.3929396 0.2184363 0 0 0 -0.180579 0 -0.4007755 0.133326 0 0 0 0 0 0
-0.07813823 0 0.9574627 0 0.1083968 0 0.1113507 -0.06117668 0.1113507 0.1113507 -0.04375549 1 -0.1425817 0 -0.1378629 0 0 0 0 0.1113507 0 -0.4773006 0.6598204 1.01 -0.1237571 0 0 -0.4480354 -0.1166768 0 0 0.1113507 0 0 -0.1092958 0.1113507 0.1119769 -0.1166768 -0.1166768 0.1113507 0 0 -0.1166768 0 0 0.1113507 -0.1040517 0 0 -0.1166768 0.1455091 -0.08519099 0.1113507 -0.1167985 0 -0.1091035 -0.1166768 -0.1359556 0 0 0.1113507 -0.1169201 0 0.6683793 0.1116094 -0.05999362 -0.02969387 0 0.09070937 -0.7760173 0 -0.1163115 -0.1165551 -0.1165551 -0.1154963 -0.1156184 -0.1821647 -0.4842077 0 -0.09491893 -0.1161513 0 0 -0.05636655 0 0 0 -0.1280551 0 0.9458721 -0.4907021 0 0 0 0 0 -0.3953905 0 0 0.1669196 0.3378565 0 0 0 -0.1163115 0 0.1710219 0.08725883 0 0 0 0 0 0
0.1178546 0 -0.1155616 0 0.0937797 0 0.09667956 -0.03342957 0.09667956 0.09667956 -0.01979684 -0.1237571 -0.1139513 0 -0.04499057 0 0 0 0 0.09667956 0 -0.3600308 -0.1354575 -0.1237571 1.01 0 0 -0.371786 0.9547903 0 0 0.09667956 0 0 -0.07893809 0.09667956 0.09816988 0.9547903 0.9547903 0.09667956 0 0 0.9547903 0 0 0.09667956 -0.08327315 0 0 0.9547903 -0.4405212 0.7442348 0.09667956 0.9544658 0 -0.07624956 0.9547903 -0.04300038 0 0 0.09667956 0.9541417 0 -0.1344106 0.09687497 0.05726153 -0.01952381 0 0.0851728 0.1670369 0 0.9506888 0.9500409 0.9500409 0.9472734 0.946948 0.608324 -0.3693919 0 0.1078744 0.9516197 0 0 -0.04115536 0 0 0 -0.0435941 0 -0.1297225 -0.3722686 0 0 0 0 0 -0.2999919 0 0 0.08364796 -0.04861666 0 0 0 0.9500542 0 0.0867512 0.07567682 0 0 0 0 0 0
0 0 0 0 0 0 0 0 0 0 0 0 0 0 0 0 0 0 0 0 0 0 0 0 0 1.01 0 0 0 0 0 0 0 0 0 0 0 0 0 0 0 0 0 0 0 0 0 0 0 0 0 0 0 0 0 0 0 0 0 0 0 0 0 0 0 0 0 0 0 0 0 0 0 0 0 0 0 0 0 0 0 0 0 0 0 0 0 0 0 0 0 0 0 0 0 0 0 0 0 0 0 0 0 0 0 0 0 0 0 0 0 0 0 0
0 0 0 0 0 0 0 0 0 0 0 0 0 0 0 0 0 0 0 0 0 0 0 0 0 0 1.01 0 0 0 0 0 0 0 0 0 0 0 0 0 0 0 0 0 0 0 0 0 0 0 0 0 0 0 0 0 0 0 0 0 0 0 0 0 0 0 0 0 0 0 0 0 0 0 0 0 0 0 0 0 0 0 0 0 0 0 0 0 0 0 0 0 0 0 0 0 0 0 0 0 0 0 0 0 0 0 0 0 0 0 0 0 0 0
0.3152827 0 -0.4735213 0 0.3010382 0 0.3119895 -0.1562565 0.3119895 0.3119895 0.07542941 -0.4480354 0.2993324 0 -0.4096796 0 0 0 0 0.3119895 0 0.968524 -0.6734315 -0.4480354 -0.371786 0 0 1.01 -0.356521 0 0 0.3119895 0 0 0.2194473 0.3119895 0.3050559 -0.356521 -0.356521 0.3119895 0 0 -0.356521 0 0 0.3119895 0.2105265 0 0 -0.356521 0.4357785 -0.2792266 0.3119895 -0.3565079 0 0.2126524 -0.356521 -0.4484279 0 0 0.3119895 -0.3557569 0 -0.6844859 0.3119526 0.03239347 0.04953574 0 0.2721057 0.5794688 0 -0.3547138 -0.3543189 -0.3539497 -0.354488 -0.3541045 -0.5824116 0.9511755 0 0.5688405 -0.3550445 0 0 0.1003644 0 0 0 -0.3975835 0 -0.4618659 0.9233952 0 0 0 0 0 0.7374091 0 0 0.4595581 -0.1633805 0 0 0 -0.3547138 0 0.4608576 0.2472816 0 0 0 0 0 0
0.1147221 0 -0.1093597 0 0.09022022 0 0.09274678 -0.03378635 0.09274678 0.09274678 -0.01846379 -0.1166768 -0.1094404 0 -0.114886 0 0 0 0 0.09274678 0 -0.3457682 -0.1811306 -0.1166768 0.9547903 0 0 -0.356521 1.01 0 0 0.09274678 0 0 -0.07535557 0.09274678 0.09411049 1 1 0.09274678 0 0 1 0 0 0.09274678 -0.07723099 0 0 1 -0.4677238 0.7790899 0.09274678 0.9996707 0 -0.07171608 1 -0.1142235 0 0 0.09274678 0.9993417 0 -0.1802083 0.09293331 0.09409785 -0.01734551 0 0.08041822 0.1582118 0 0.9957151 0.9950575 0.9950575 0.9920805 0.9917503 0.5808131 -0.354217 0 0.1601115 0.9940703 0 0 -0.03885877 0 0 0 -0.1131852 0 -0.1216845 -0.3586834 0 0 0 0 0 -0.2882254 0 0 0.1417005 -0.04581183 0 0 0 0.9950558 0 0.1444979 0.07198075 0 0 0 0 0 0
0 0 0 0 0 0 0 0 0 0 0 0 0 0 0 0 0 0 0 0 0 0 0 0 0 0 0 0 0 1.01 0 0 0 0 0 0 0 0 0 0 0 0 0 0 0 0 0 0 0 0 0 0 0 0 0 0 0 0 0 0 0 0 0 0 0 0 0 0 0 0 0 0 0 0 0 0 0 0 0 0 0 0 0 0 0 0 0 0 0 0 0 0 0 0 0 0 0 0 0 0 0 0 0 0 0 0 0 0 0 0 0 0 0 0
0 0 0 0 0 0 0 0 0 0 0 0 0 0 0 0 0 0 0 0 0 0 0 0 0 0 0 0 0 0 1.01 0 0 0 0 0 0 0 0 0 0 0 0 0 0 0 0 0 0 0 0 0 0 0 0 0 0 0 0 0 0 0 0 0 0 0 0 0 0 0 0 0 0 0 0 0 0 0 0 0 0 0 0 0 0 0 0 0 0 0 0 0 0 0 0 0 0 0 0 0 0 0 0 0 0 0 0 0 0 0 0 0 0 0
0.7976326 0 0.1052618 0 0.9651687 0 1 -0.4704217 1 1 0.03224219 0.1113507 0.08742533 0 0.1044232 0 0 0 0 1 0 0.3020654 0.1701689 0.1113507 0.09667956 0 0 0.3119895 0.09274678 0 0 1.01 0 0 0.06001319 1 0.99063 0.09274678 0.09274678 1 0 0 0.09274678 0 0 1 0.06346964 0 0 0.09274678 0.7231093 0.07737614 1 0.09282435 0 0.05648086 0.09274678 0.1037515 0 0 1 0.09290189 0 0.1683194 0.9992085 0.3664119 0.01221802 0 0.8574151 0.521726 0 0.09251395 0.09194653 0.0926692 0.09165841 0.09173631 0.1513186 0.2432974 0 0.2682749 0.09274678 0 0 0.01903898 0 0 0 0.104721 0 0.02192962 0.1785473 0 0 0 0 0 0.1233078 0 0 0.3211896 0.03321059 0 0 0 0.09179096 0 0.3134493 0.783487 0 0 0 0 0 0
0 0 0 0 0 0 0 0 0 0 0 0 0 0 0 0 0 0 0 0 0 0 0 0 0 0 0 0 0 0 0 0 1.01 0 0 0 0 0 0 0 0 0 0 0 0 0 0 0 0 0 0 0 0 0 0 0 0 0 0 0 0 0 0 0 0 0 0 0 0 0 0 0 0 0 0 0 0 0 0 0 0 0 0 0 0 0 0 0 0 0 0 0 0 0 0 0 0 0 0 0 0 0 0 0 0 0 0 0 0 0 0 0 0 0
0 0 0 0 0 0 0 0 0 0 0 0 0 0 0 0 0 0 0 0 0 0 0 0 0 0 0 0 0 0 0 0 0 1.01 0 0 0 0 0 0 0 0 0 0 0 0 0 0 0 0 0 0 0 0 0 0 0 0 0 0 0 0 0 0 0 0 0 0 0 0 0 0 0 0 0 0 0 0 0 0 0 0 0 0 0 0 0 0 0 0 0 0 0 0 0 0 0 0 0 0 0 0 0 0 0 0 0 0 0 0 0 0 0 0
0.07578968 0 -0.1100447 0 0.05800326 0 0.06001319 -0.0341895 0.06001319 0.06001319 -0.01900227 -0.1092958 -0.1032115 0 -0.1052334 0 0 0 0 0.06001319 0 0.2253911 -0.1684425 -0.1092958 -0.07893809 0 0 0.2194473 -0.07535557 0 0 0.06001319 0 0 1.01 0.06001319 0.06043824 -0.07535557 -0.07535557 0.06001319 0 0 -0.07535557 0 0 0.06001319 -0.07091957 0 0 -0.07535557 0.0877902 -0.05943467 0.06001319 -0.07543471 0 0.9693133 -0.07535557 -0.1028892 0 0 0.06001319 -0.07407061 0 -0.1671863 0.06018841 0.05192694 -0.01870776 0 0.05257212 0.1326668 0 -0.07511799 -0.0752764 -0.0752764 -0.07569314 -0.07577234 -0.1328167 0.2206969 0 0.1406762 -0.07535557 0 0 -0.03955232 0 0 0 -0.1031511 0 -0.1159086 0.2206458 0 0 0 0 0 0.2755287 0 0 0.04636594 -0.03733764 0 0 0 -0.07511799 0 0.04822307 0.04763016 0 0 0 0 0 0
0.7976326 0 0.1052618 0 0.9651687 0 1 -0.4704217 1 1 0.03224219 0.1113507 0.08742533 0 0.1044232 0 0 0 0 1 0 0.3020654 0.1701689 0.1113507 0.09667956 0 0 0.3119895 0.09274678 0 0 1 0 0 0.06001319 1.01 0.99063 0.09274678 0.09274678 1 0 0 0.09274678 0 0 1 0.06346964 0 0 0.09274678 0.7231093 0.07737614 1 0.09282435 0 0.05648086 0.09274678 0.1037515 0 0 1 0.09290189 0 0.1683194 0.9992085 0.3664119 0.01221802 0 0.8574151 0.521726 0 0.09251395 0.09194653 0.0926692 0.09165841 0.09173631 0.1513186 0.2432974 0 0.2682749 0.09274678 0 0 0.01903898 0 0 0 0.104721 0 0.02192962 0.1785473 0 0 0 0 0 0.1233078 0 0 0.3211896 0.03321059 0 0 0 0.09179096 0 0.3134493 0.783487 0 0 0 0 0 0
0.7896745 0 0.1057047 0 0.956187 0 0.99063 -0.4652653 0.99063 0.99063 0.03275256 0.1119769 0.08818809 0 0.1065522 0 0 0 0 0.99063 0 0.2949368 0.1719389 0.1119769 0.09816988 0 0 0.3050559 0.09411049 0 0 0.99063 0 0 0.06043824 0.99063 1.01 0.09411049 0.09411049 0.99063 0 0 0.09411049 0 0 0.99063 0.06379309 0 0 0.09411049 0.7153563 0.07806201 0.99063 0.09418865 0 0.05681279 0.09411049 0.1058015 0 0 0.99063 0.09426679 0 0.1700034 0.9898419 0.3696598 0.009088818 0 0.8489277 0.5153326 0 0.09387587 0.0933157 0.09403231 0.09301374 0.09309223 0.1539062 0.2364594 0 0.2625639 0.09411049 0 0 0.02009939 0 0 0 0.1068232 0 0.02298088 0.1723522 0 0 0 0 0 0.1168736 0 0 0.314648 0.03281196 0 0 0 0.09315894 0 0.3068801 0.7749127 0 0 0 0 0 0
0.1147221 0 -0.1093597 0 0.09022022 0 0.09274678 -0.03378635 0.09274678 0.09274678 -0.01846379 -0.1166768 -0.1094404 0 -0.114886 0 0 0 0 0.09274678 0 -0.3457682 -0.1811306 -0.1166768 0.9547903 0 0 -0.356521 1 0 0 0.09274678 0 0 -0.07535557 0.09274678 0.09411049 1.01 1 0.09274678 0 0 1 0 0 0.09274678 -0.07723099 0 0 1 -0.4677238 0.7790899 0.09274678 0.9996707 0 -0.07171608 1 -0.1142235 0 0 0.09274678 0.9993417 0 -0.1802083 0.09293331 0.09409785 -0.01734551 0 0.08041822 0.1582118 0 0.9957151 0.9950575 0.9950575 0.9920805 0.9917503 0.5808131 -0.354217 0 0.1601115 0.9940703 0 0 -0.03885877 0 0 0 -0.1131852 0 -0.1216845 -0.3586834 0 0 0 0 0 -0.2882254 0 0 0.1417005 -0.04581183 0 0 0 0.9950558 0 0.1444979 0.07198075 0 0 0 0 0 0
0.1147221 0 -0.1093597 0 0.09022022 0 0.09274678 -0.03378635 0.09274678 0.09274678 -0.01846379 -0.1166768 -0.1094404 0 -0.114886 0 0 0 0 0.09274678 0 -0.3457682 -0.1811306 -0.1166768 0.9547903 0 0 -0.356521 1 0 0 0.09274678 0 0 -0.07535557 0.09274678 0.09411049 1 1.01 0.09274678 0 0 1 0 0 0.09274678 -0.07723099 0 0 1 -0.4677238 0.7790899 0.09274678 0.9996707 0 -0.07171608 1 -0.1142235 0 0 0.09274678 0.9993417 0 -0.1802083 0.09293331 0.09409785 -0.01734551 0 0.08041822 0.1582118 0 0.9957151 0.9950575 0.9950575 0.9920805 0.9917503 0.5808131 -0.354217 0 0.1601115 0.9940703 0 0 -0.03885877 0 0 0 -0.1131852 0 -0.1216845 -0.3586834 0 0 0 0 0 -0.2882254 0 0 0.1417005 -0.04581183 0 0 0 0.9950558 0 0.1444979 0.07198075 0 0 0 0 0 0
0.7976326 0 0.1052618 0 0.9651687 0 1 -0.4704217 1 1 0.03224219 0.1113507 0.08742533 0 0.1044232 0 0 0 0 1 0 0.3020654 0.1701689 0.1113507 0.09667956 0 0 0.3119895 0.09274678 0 0 1 0 0 0.06001319 1 0.99063 0.09274678 0.09274678 1.01 0 0 0.09274678 0 0 1 0.06346964 0 0 0.09274678 0.7231093 0.07737614 1 0.09282435 0 0.05648086 0.09274678 0.1037515 0 0 1 0.09290189 0 0.1683194 0.9992085 0.3664119 0.01221802 0 0.8574151 0.521726 0 0.09251395 0.09194653 0.0926692 0.09165841 0.09173631 0.1513186 0.2432974 0 0.2682749 0.09274678 0 0 0.01903898 0 0 0 0.104721 0 0.02192962 0.1785473 0 0 0 0 0 0.1233078 0 0 0.3211896 0.03321059 0 0 0 0.09179096 0 0.3134493 0.783487 0 0 0 0 0 0
0 0 0 0 0 0 0 0 0 0 0 0 0 0 0 0 0 0 0 0 0 0 0 0 0 0 0 0 0 0 0 0 0 0 0 0 0 0 0 0 1.01 0 0 0 0 0 0 0 0 0 0 0 0 0 0 0 0 0 0 0 0 0 0 0 0 0 0 0 0 0 0 0 0 0 0 0 0 0 0 0 0 0 0 0 0 0 0 0 0 0 0 0 0 0 0 0 0 0 0 0 0 0 0 0 0 0 0 0 0 0 0 0 0 0
0 0 0 0 0 0 0 0 0 0 0 0 0 0 0 0 0 0 0 0 0 0 0 0 0 0 0 0 0 0 0 0 0 0 0 0 0 0 0 0 0 1.01 0 0 0 0 0 0 0 0 0 0 0 0 0 0 0 0 0 0 0 0 0 0 0 0 0 0 0 0 0 0 0 0 0 0 0 0 0 0 0 0 0 0 0 0 0 0 0 0 0 0 0 0 0 0 0 0 0 0 0 0 0 0 0 0 0 0 0 0 0 0 0 0
0.1147221 0 -0.1093597 0 0.09022022 0 0.09274678 -0.03378635 0.09274678 0.09274678 -0.01846379 -0.1166768 -0.1094404 0 -0.114886 0 0 0 0 0.09274678 0 -0.3457682 -0.1811306 -0.1166768 0.9547903 0 0 -0.356521 1 0 0 0.09274678 0 0 -0.07535557 0.09274678 0.09411049 1 1 0.09274678 0 0 1.01 0 0 0.09274678 -0.07723099 0 0 1 -0.4677238 0.7790899 0.09274678 0.9996707 0 -0.07171608 1 -0.1142235 0 0 0.09274678 0.9993417 0 -0.1802083 0.09293331 0.09409785 -0.01734551 0 0.08041822 0.1582118 0 0.9957151 0.9950575 0.9950575 0.9920805 0.9917503 0.5808131 -0.354217 0 0.1601115 0.9940703 0 0 -0.03885877 0 0 0 -0.1131852 0 -0.1216845 -0.3586834 0 0 0 0 0 -0.2882254 0 0 0.1417005 -0.04581183 0 0 0 0.9950558 0 0.1444979 0.07198075 0 0 0 0 0 0
0 0 0 0 0 0 0 0 0 0 0 0 0 0 0 0 0 0 0 0 0 0 0 0 0 0 0 0 0 0 0 0 0 0 0 0 0 0 0 0 0 0 0 1.01 0 0 0 0 0 0 0 0 0 0 0 0 0 0 0 0 0 0 0 0 0 0 0 0 0 0 0 0 0 0 0 0 0 0 0 0 0 0 0 0 0 0 0 0 0 0 0 0 0 0 0 0 0 0 0 0 0 0 0 0 0 0 0 0 0 0 0 0 0 0
0 0 0 0 0 0 0 0 0 0 0 0 0 0 0 0 0 0 0 0 0 0 0 0 0 0 0 0 0 0 0 0 0 0 0 0 0 0 0 0 0 0 0 0 1.01 0 0 0 0 0 0 0 0 0 0 0 0 0 0 0 0 0 0 0 0 0 0 0 0 0 0 0 0 0 0 0 0 0 0 0 0 0 0 0 0 0 0 0 0 0 0 0 0 0 0 0 0 0 0 0 0 0 0 0 0 0 0 0 0 0 0 0 0 0
0.7976326 0 0.1052618 0 0.9651687 0 1 -0.4704217 1 1 0.03224219 0.1113507 0.08742533 0 0.1044232 0 0 0 0 1 0 0.3020654 0.1701689 0.1113507 0.09667956 0 0 0.3119895 0.09274678 0 0 1 0 0 0.06001319 1 0.99063 0.09274678 0.09274678 1 0 0 0.09274678 0 0 1.01 0.06346964 0 0 0.09274678 0.7231093 0.07737614 1 0.09282435 0 0.05648086 0.09274678 0.1037515 0 0 1 0.09290189 0 0.1683194 0.9992085 0.3664119 0.01221802 0 0.8574151 0.521726 0 0.09251395 0.09194653 0.0926692 0.09165841 0.09173631 0.1513186 0.2432974 0 0.2682749 0.09274678 0 0 0.01903898 0 0 0 0.104721 0 0.02192962 0.1785473 0 0 0 0 0 0.1233078 0 0 0.3211896 0.03321059 0 0 0 0.09179096 0 0.3134493 0.783487 0 0 0 0 0 0
0.05403572 0 -0.100284 0 0.06587262 0 0.06346964 -0.03252793 0.06346964 0.06346964 0.1186007 -0.1040517 -0.1021141 0 -0.09542268 0 0 0 0 0.06346964 0 0.2177213 -0.156906 -0.1040517 -0.08327315 0 0 0.2105265 -0.07723099 0 0 0.06346964 0 0 -0.07091957 0.06346964 0.06379309 -0.07723099 -0.07723099 0.06346964 0 0 -0.07723099 0 0 0.06346964 1.01 0 0 -0.07723099 0.09211217 -0.06179792 0.06346964 -0.07730892 0 -0.07142887 -0.07723099 -0.09375624 0 0 0.06346964 -0.07738682 0 -0.1525444 0.0636411 -0.2155205 -0.01440605 0 0.06142242 0.1292374 0 -0.07848939 -0.07789887 -0.07864471 -0.07912927 -0.07920689 -0.1296337 0.2108129 0 0.1305171 -0.07872233 0 0 -0.03967697 0 0 0 -0.09643952 0 -0.1064537 0.2147346 0 0 0 0 0 -0.2459737 0 0 0.1170291 -0.03101192 0 0 0 -0.07848939 0 0.1210712 0.05577532 0 0 0 0 0 0
0 0 0 0 0 0 0 0 0 0 0 0 0 0 0 0 0 0 0 0 0 0 0 0 0 0 0 0 0 0 0 0 0 0 0 0 0 0 0 0 0 0 0 0 0 0 0 1.01 0 0 0 0 0 0 0 0 0 0 0 0 0 0 0 0 0 0 0 0 0 0 0 0 0 0 0 0 0 0 0 0 0 0 0 0 0 0 0 0 0 0 0 0 0 0 0 0 0 0 0 0 0 0 0 0 0 0 0 0 0 0 0 0 0 0
0 0 0 0 0 0 0 0 0 0 0 0 0 0 0 0 0 0 0 0 0 0 0 0 0 0 0 0 0 0 0 0 0 0 0 0 0 0 0 0 0 0 0 0 0 0 0 0 1.01 0 0 0 0 0 0 0 0 0 0 0 0 0 0 0 0 0 0 0 0 0 0 0 0 0 0 0 0 0 0 0 0 0 0 0 0 0 0 0 0 0 0 0 0 0 0 0 0 0 0 0 0 0 0 0 0 0 0 0 0 0 0 0 0 0
0.1147221 0 -0.1093597 0 0.09022022 0 0.09274678 -0.03378635 0.09274678 0.09274678 -0.01846379 -0.1166768 -0.1094404 0 -0.114886 0 0 0 0 0.09274678 0 -0.3457682 -0.1811306 -0.1166768 0.9547903 0 0 -0.356521 1 0 0 0.09274678 0 0 -0.07535557 0.09274678 0.09411049 1 1 0.09274678 0 0 1 0 0 0.09274678 -0.07723099 0 0 1.01 -0.4677238 0.7790899 0.09274678 0.9996707 0 -0.07171608 1 -0.1142235 0 0 0.09274678 0.9993417 0 -0.1802083 0.09293331 0.09409785 -0.01734551 0 0.08041822 0.1582118 0 0.9957151 0.9950575 0.9950575 0.9920805 0.9917503 0.5808131 -0.354217 0 0.1601115 0.9940703 0 0 -0.03885877 0 0 0 -0.1131852 0 -0.1216845 -0.3586834 0 0 0 0 0 -0.2882254 0 0 0.1417005 -0.04581183 0 0 0 0.9950558 0 0.1444979 0.07198075 0 0 0 0 0 0
0.5557791 0 0.1366415 0 0.6976587 0 0.7231093 -0.3448754 0.7231093 0.7231093 0.03653397 0.1455091 0.124435 0 0.144293 0 0 0 0 0.7231093 0 0.4223924 0.2266982 0.1455091 -0.4405212 0 0 0.4357785 -0.4677238 0 0 0.7231093 0 0 0.0877902 0.7231093 0.7153563 -0.4677238 -0.4677238 0.7231093 0 0 -0.4677238 0 0 0.7231093 0.09211217 0 0 -0.4677238 1.01 -0.6327113 0.7231093 -0.4674861 0 0.0830153 -0.4677238 0.1423378 0 0 0.7231093 -0.4672486 0 0.2244593 0.7223965 0.1697977 0.02201692 0 0.6217895 0.3213727 0 -0.4684379 -0.468523 -0.4679617 -0.4710683 -0.4708283 -0.2003329 0.3827716 0 0.1205257 -0.4677238 0 0 0.03201388 0 0 0 0.1454948 0 0.07986883 0.3345547 0 0 0 0 0 0.2539121 0 0 0.1685876 0.04506717 0 0 0 -0.4689994 0 0.1608547 0.569049 0 0 0 0 0 0
0.09202396 0 -0.07921781 0 0.07506188 0 0.07737614 -0.02960228 0.07737614 0.07737614 -0.01658595 -0.08519099 -0.08159558 0 -0.09120212 0 0 0 0 0.07737614 0 -0.2710312 -0.1364374 -0.08519099 0.7442348 0 0 -0.2792266 0.7790899 0 0 0.07737614 0 0 -0.05943467 0.07737614 0.07806201 0.7790899 0.7790899 0.07737614 0 0 0.7790899 0 0 0.07737614 -0.06179792 0 0 0.7790899 -0.6327113 1.01 0.07737614 0.7788338 0 -0.05650274 0.7790899 -0.08913303 0 0 0.07737614 0.7785778 0 -0.1352791 0.07751759 0.1657024 -0.0180814 0 0.06376749 0.1210438 0 0.7798595 0.7793462 0.7793462 0.782697 0.7824381 0.4588043 -0.2797281 0 0.1267992 0.7790899 0 0 -0.02486392 0 0 0 -0.09260291 0 -0.09069685 -0.282724 0 0 0 0 0 -0.2282541 0 0 0.11675 -0.02781707 0 0 0 0.7798595 0 0.1192339 0.05701144 0 0 0 0 0 0
0.7976326 0 0.1052618 0 0.9651687 0 1 -0.4704217 1 1 0.03224219 0.1113507 0.08742533 0 0.1044232 0 0 0 0 1 0 0.3020654 0.1701689 0.1113507 0.09667956 0 0 0.3119895 0.09274678 0 0 1 0 0 0.06001319 1 0.99063 0.09274678 0.09274678 1 0 0 0.09274678 0 0 1 0.06346964 0 0 0.09274678 0.7231093 0.07737614 1.01 0.09282435 0 0.05648086 0.09274678 0.1037515 0 0 1 0.09290189 0 0.1683194 0.9992085 0.3664119 0.01221802 0 0.8574151 0.521726 0 0.09251395 0.09194653 0.0926692 0.09165841 0.09173631 0.1513186 0.2432974 0 0.2682749 0.09274678 0 0 0.01903898 0 0 0 0.104721 0 0.02192962 0.1785473 0 0 0 0 0 0.1233078 0 0 0.3211896 0.03321059 0 0 0 0.09179096 0 0.3134493 0.783487 0 0 0 0 0 0
0.11482 0 -0.1094768 0 0.09029596 0 0.09282435 -0.03382536 0.09282435 0.09282435 -0.01848964 -0.1167985 -0.1095452 0 -0.1149988 0 0 0 0 0.09282435 0 -0.3457456 -0.1809099 -0.1167985 0.9544658 0 0 -0.3565079 0.9996707 0 0 0.09282435 0 0 -0.07543471 0.09282435 0.09418865 0.9996707 0.9996707 0.09282435 0 0 0.9996707 0 0 0.09282435 -0.07730892 0 0 0.9996707 -0.4674861 0.7788338 0.09282435 1.01 0 -0.07179304 0.9996707 -0.1137765 0 0 0.09282435 0.9990124 0 -0.1799817 0.09301092 0.09434622 -0.01736197 0 0.08048475 0.1583658 0 0.9953869 0.9947294 0.9947294 0.9917535 0.9914233 0.580949 -0.3542009 0 0.1598215 0.9937423 0 0 -0.03889697 0 0 0 -0.1132975 0 -0.1218114 -0.3586709 0 0 0 0 0 -0.2881515 0 0 0.1418368 -0.0458525 0 0 0 0.9947277 0 0.1441632 0.07204174 0 0 0 0 0 0
0 0 0 0 0 0 0 0 0 0 0 0 0 0 0 0 0 0 0 0 0 0 0 0 0 0 0 0 0 0 0 0 0 0 0 0 0 0 0 0 0 0 0 0 0 0 0 0 0 0 0 0 0 0 1.01 0 0 0 0 0 0 0 0 0 0 0 0 0 0 0 0 0 0 0 0 0 0 0 0 0 0 0 0 0 0 0 0 0 0 0 0 0 0 0 0 0 0 0 0 0 0 0 0 0 0 0 0 0 0 0 0 0 0 0
0.0719652 0 -0.1101021 0 0.05469096 0 0.05648086 -0.03439591 0.05648086 0.05648086 -0.0194645 -0.1091035 -0.1001335 0 -0.1012215 0 0 0 0 0.05648086 0 0.2182476 -0.1647849 -0.1091035 -0.07624956 0 0 0.2126524 -0.07171608 0 0 0.05648086 0 0 0.9693133 0.05648086 0.05681279 -0.07171608 -0.07171608 0.05648086 0 0 -0.07171608 0 0 0.05648086 -0.07142887 0 0 -0.07171608 0.0830153 -0.05650274 0.05648086 -0.07179304 0 1.01 -0.07171608 -0.0991246 0 0 0.05648086 -0.07038557 0 -0.163846 0.05665157 0.04258813 -0.01748224 0 0.05049282 0.1301158 0 -0.07148506 -0.0716391 -0.0716391 -0.07212564 -0.07220263 -0.1271137 0.2136701 0 0.1363618 -0.07171608 0 0 -0.03824529 0 0 0 -0.0991665 0 -0.1150852 0.2139587 0 0 0 0 0 0.267766 0 0 0.03910012 -0.03699379 0 0 0 -0.07148506 0 0.04065499 0.04536015 0 0 0 0 0 0
0.1147221 0 -0.1093597 0 0.09022022 0 0.09274678 -0.03378635 0.09274678 0.09274678 -0.01846379 -0.1166768 -0.1094404 0 -0.114886 0 0 0 0 0.09274678 0 -0.3457682 -0.1811306 -0.1166768 0.9547903 0 0 -0.356521 1 0 0 0.09274678 0 0 -0.07535557 0.09274678 0.09411049 1 1 0.09274678 0 0 1 0 0 0.09274678 -0.07723099 0 0 1 -0.4677238 0.7790899 0.09274678 0.9996707 0 -0.07171608 1.01 -0.1142235 0 0 0.09274678 0.9993417 0 -0.1802083 0.09293331 0.09409785 -0.01734551 0 0.08041822 0.1582118 0 0.9957151 0.9950575 0.9950575 0.9920805 0.9917503 0.5808131 -0.354217 0 0.1601115 0.9940703 0 0 -0.03885877 0 0 0 -0.1131852 0 -0.1216845 -0.3586834 0 0 0 0 0 -0.2882254 0 0 0.1417005 -0.04581183 0 0 0 0.9950558 0 0.1444979 0.07198075 0 0 0 0 0 0
0.1250709 0 -0.1298964 0 0.09863362 0 0.1037515 -0.03161698 0.1037515 0.1037515 -0.02547307 -0.1359556 -0.1379323 0 0.9440708 0 0 0 0 0.1037515 0 -0.4332992 0.6055836 -0.1359556 -0.04300038 0 0 -0.4484279 -0.1142235 0 0 0.1037515 0 0 -0.1028892 0.1037515 0.1058015 -0.1142235 -0.1142235 0.1037515 0 0 -0.1142235 0 0 0.1037515 -0.09375624 0 0 -0.1142235 0.1423378 -0.08913303 0.1037515 -0.1137765 0 -0.0991246 -0.1142235 1.01 0 0 0.1037515 -0.1144434 0 0.6148687 0.1027667 0.223676 -0.02221631 0 0.08595855 0.1632435 0 -0.1138935 -0.1141135 -0.1141135 -0.1126804 -0.1127909 0.6991092 -0.4408802 0 -0.6888854 -0.1119952 0 0 -0.04720532 0 0 0 0.9160956 0 -0.1243354 -0.4395437 0 0 0 0 0 -0.3603484 0 0 -0.7458224 -0.05013204 0 0 0 -0.1138935 0 -0.7611654 0.07851842 0 0 0 0 0 0
0 0 0 0 0 0 0 0 0 0 0 0 0 0 0 0 0 0 0 0 0 0 0 0 0 0 0 0 0 0 0 0 0 0 0 0 0 0 0 0 0 0 0 0 0 0 0 0 0 0 0 0 0 0 0 0 0 0 1.01 0 0 0 0 0 0 0 0 0 0 0 0 0 0 0 0 0 0 0 0 0 0 0 0 0 0 0 0 0 0 0 0 0 0 0 0 0 0 0 0 0 0 0 0 0 0 0 0 0 0 0 0 0 0 0
0 0 0 0 0 0 0 0 0 0 0 0 0 0 0 0 0 0 0 0 0 0 0 0 0 0 0 0 0 0 0 0 0 0 0 0 0 0 0 0 0 0 0 0 0 0 0 0 0 0 0 0 0 0 0 0 0 0 0 1.01 0 0 0 0 0 0 0 0 0 0 0 0 0 0 0 0 0 0 0 0 0 0 0 0 0 0 0 0 0 0 0 0 0 0 0 0 0 0 0 0 0 0 0 0 0 0 0 0 0 0 0 0 0 0
0.7976326 0 0.1052618 0 0.9651687 0 1 -0.4704217 1 1 0.03224219 0.1113507 0.08742533 0 0.1044232 0 0 0 0 1 0 0.3020654 0.1701689 0.1113507 0.09667956 0 0 0.3119895 0.09274678 0 0 1 0 0 0.06001319 1 0.99063 0.09274678 0.09274678 1 0 0 0.09274678 0 0 1 0.06346964 0 0 0.09274678 0.7231093 0.07737614 1 0.09282435 0 0.05648086 0.09274678 0.1037515 0 0 1.01 0.09290189 0 0.1683194 0.9992085 0.3664119 0.01221802 0 0.8574151 0.521726 0 0.09251395 0.09194653 0.0926692 0.09165841 0.09173631 0.1513186 0.2432974 0 0.2682749 0.09274678 0 0 0.01903898 0 0 0 0.104721 0 0.02192962 0.1785473 0 0 0 0 0 0.1233078 0 0 0.3211896 0.03321059 0 0 0 0.09179096 0 0.3134493 0.783487 0 0 0 0 0 0
0.1149179 0 -0.1095939 0 0.09037167 0 0.09290189 -0.03386436 0.09290189 0.09290189 -0.01851548 -0.1169201 -0.1085043 0 -0.1151115 0 0 0 0 0.09290189 0 -0.3449889 -0.1814981 -0.1169201 0.9541417 0 0 -0.3557569 0.9993417 0 0 0.09290189 0 0 -0.07407061 0.09290189 0.09426679 0.9993417 0.9993417 0.09290189 0 0 0.9993417 0 0 0.09290189 -0.07738682 0 0 0.9993417 -0.4672486 0.7785778 0.09290189 0.9990124 0 -0.07038557 0.9993417 -0.1144434 0 0 0.09290189 1.01 0 -0.1805698 0.09308851 0.09344461 -0.01737842 0 0.08055127 0.1585197 0 0.9950589 0.9944014 0.9944014 0.9914268 0.9910967 0.5801877 -0.3534484 0 0.160417 0.9934145 0 0 -0.03893515 0 0 0 -0.1134097 0 -0.1219383 -0.3579196 0 0 0 0 0 -0.2873531 0 0 0.141973 -0.04589314 0 0 0 0.9943999 0 0.1447758 0.07210271 0 0 0 0 0 0
0 0 0 0 0 0 0 0 0 0 0 0 0 0 0 0 0 0 0 0 0 0 0 0 0 0 0 0 0 0 0 0 0 0 0 0 0 0 0 0 0 0 0 0 0 0 0 0 0 0 0 0 0 0 0 0 0 0 0 0 0 0 1.01 0 0 0 0 0 0 0 0 0 0 0 0 0 0 0 0 0 0 0 0 0 0 0 0 0 0 0 0 0 0 0 0 0 0 0 0 0 0 0 0 0 0 0 0 0 0 0 0 0 0 0
0.03885577 0 0.6394764 0 0.1623681 0 0.1683194 -0.07399072 0.1683194 0.1683194 -0.05453924 0.6683793 -0.2099835 0 0.5721048 0 0 0 0 0.1683194 0 -0.6959003 0.9715538 0.6683793 -0.1344106 0 0 -0.6844859 -0.1802083 0 0 0.1683194 0 0 -0.1671863 0.1683194 0.1700034 -0.1802083 -0.1802083 0.1683194 0 0 -0.1802083 0 0 0.1683194 -0.1525444 0 0 -0.1802083 0.2244593 -0.1352791 0.1683194 -0.1799817 0 -0.163846 -0.1802083 0.6148687 0 0 0.1683194 -0.1805698 0 1.01 0.1678125 0.1283889 -0.0375068 0 0.1380667 -0.4783705 0 -0.1796655 -0.1800274 -0.1800274 -0.1780796 -0.1782611 0.3561573 -0.7125329 0 -0.568568 -0.1781712 0 0 -0.07992742 0 0 0 0.5586744 0 0.6415189 -0.7164521 0 0 0 0 0 -0.5818862 0 0 -0.4028279 0.2228494 0 0 0 -0.1796655 0 -0.4104311 0.1292769 0 0 0 0 0 0
0.7969026 0 0.1055106 0 0.9644025 0 0.9992085 -0.4700485 0.9992085 0.9992085 0.03228917 0.1116094 0.08765757 0 0.1034578 0 0 0 0 0.9992085 0 0.3020082 0.1696742 0.1116094 0.09687497 0 0 0.3119526 0.09293331 0 0 0.9992085 0 0 0.06018841 0.9992085 0.9898419 0.09293331 0.09293331 0.9992085 0 0 0.09293331 0 0 0.9992085 0.0636411 0 0 0.09293331 0.7223965 0.07751759 0.9992085 0.09301092 0 0.05665157 0.09293331 0.1027667 0 0 0.9992085 0.09308851 0 0.1678125 1.01 0.3656107 0.01225541 0 0.8567359 0.5210113 0 0.09270034 0.09213343 0.09285568 0.09184429 0.09192223 0.1506536 0.2432924 0 0.2686789 0.09293331 0 0 0.01913047 0 0 0 0.1037512 0 0.02225393 0.1785898 0 0 0 0 0 0.1232134 0 0 0.3216877 0.03330266 0 0 0 0.09197777 0 0.3139328 0.7828666 0 0 0 0 0 0
0.3056517 0 -0.08782822 0 0.3501909 0 0.3664119 -0.1673496 0.3664119 0.3664119 -0.02982978 -0.05999362 0.003352366 0 0.2064358 0 0 0 0 0.3664119 0 0.0223148 0.1227939 -0.05999362 0.05726153 0 0 0.03239347 0.09409785 0 0 0.3664119 0 0 0.05192694 0.3664119 0.3696598 0.09409785 0.09409785 0.3664119 0 0 0.09409785 0 0 0.3664119 -0.2155205 0 0 0.09409785 0.1697977 0.1657024 0.3664119 0.09434622 0 0.04258813 0.09409785 0.223676 0 0 0.3664119 0.09344461 0 0.1283889 0.3656107 1.01 -0.07515329 0 0.3104 0.2752307 0 0.0918173 0.09078103 0.09193166 0.09061028 0.09047548 0.2179893 0.01291048 0 0.1288447 0.09064671 0 0 0.08378778 0 0 0 0.1702951 0 -0.08993962 -0.001412621 0 0 0 0 0 0.04437274 0 0 -0.01145965 -0.009209403 0 0 0 0.09143359 0 -0.02241471 0.2782184 0 0 0 0 0 0
0.01719786 0 -0.0299858 0 0.01109653 0 0.01221802 7.037772e-05 0.01221802 0.01221802 0.001874701 -0.02969387 -0.01123604 0 -0.02334751 0 0 0 0 0.01221802 0 0.05100118 -0.03869671 -0.02969387 -0.01952381 0 0 0.04953574 -0.01734551 0 0 0.01221802 0 0 -0.01870776 0.01221802 0.009088818 -0.01734551 -0.01734551 0.01221802 0 0 -0.01734551 0 0 0.01221802 -0.01440605 0 0 -0.01734551 0.02201692 -0.0180814 0.01221802 -0.01736197 0 -0.01748224 -0.01734551 -0.02221631 0 0 0.01221802 -0.01737842 0 -0.0375068 0.01225541 -0.07515329 1.01 0 0.009492855 0.03375874 0 -0.0009351902 -0.0009753356 -0.0009753356 -0.0007137628 -0.0007339367 -0.01911269 0.0395081 0 0.02707854 -0.0009953952 0 0 0.007031999 0 0 0 -0.02029652 0 -0.03209528 0.03827282 0 0 0 0 0 0.05003363 0 0 0.02060311 -0.002428749 0 0 0 -0.0009351902 0 0.02197414 0.005802487 0 0 0 0 0 0
0 0 0 0 0 0 0 0 0 0 0 0 0 0 0 0 0 0 0 0 0 0 0 0 0 0 0 0 0 0 0 0 0 0 0 0 0 0 0 0 0 0 0 0 0 0 0 0 0 0 0 0 0 0 0 0 0 0 0 0 0 0 0 0 0 0 0 1.01 0 0 0 0 0 0 0 0 0 0 0 0 0 0 0 0 0 0 0 0 0 0 0 0 0 0 0 0 0 0 0 0 0 0 0 0 0 0 0 0 0 0 0 0 0 0
0.6843701 0 0.08649951 0 0.8798456 0 0.8574151 -0.547539 0.8574151 0.8574151 0.02422594 0.09070937 0.07345208 0 0.0907274 0 0 0 0 0.8574151 0 0.2614706 0.1426285 0.09070937 0.0851728 0 0 0.2721057 0.08041822 0 0 0.8574151 0 0 0.05257212 0.8574151 0.8489277 0.08041822 0.08041822 0.8574151 0 0 0.08041822 0 0 0.8574151 0.06142242 0 0 0.08041822 0.6217895 0.06376749 0.8574151 0.08048475 0 0.05049282 0.08041822 0.08595855 0 0 0.8574151 0.08055127 0 0.1380667 0.8567359 0.3104 0.009492855 0 1.01 0.4515107 0 0.08021849 0.07952406 0.08035166 0.07948461 0.07955142 0.1273821 0.1945884 0 0.3508787 0.08041822 0 0 0.01099203 0 0 0 0.08665035 0 0.09134369 0.200896 0 0 0 0 0 0.1502705 0 0 0.4063994 0.02817123 0 0 0 0.08021849 0 0.3981219 0.9118053 0 0 0 0 0 0
0.5575449 0 -0.744155 0 0.502965 0 0.521726 -0.2388217 0.521726 0.521726 0.05852935 -0.7760173 0.1690572 0 0.1653069 0 0 0 0 0.521726 0 0.5977833 -0.4635995 -0.7760173 0.1670369 0 0 0.5794688 0.1582118 0 0 0.521726 0 0 0.1326668 0.521726 0.5153326 0.1582118 0.1582118 0.521726 0 0 0.1582118 0 0 0.521726 0.1292374 0 0 0.1582118 0.3213727 0.1210438 0.521726 0.1583658 0 0.1301158 0.1582118 0.1632435 0 0 0.521726 0.1585197 0 -0.4783705 0.5210113 0.2752307 0.03375874 0 0.4515107 1.01 0 0.1577497 0.1576121 0.1580578 0.1564983 0.1566528 0.2530773 0.5730676 0 0.2476801 0.1577662 0 0 0.05999953 0 0 0 0.1779945 0 -0.8121124 0.5386562 0 0 0 0 0 0.4223238 0 0 0.05184027 -0.2643106 0 0 0 0.1573037 0 0.04337279 0.4089483 0 0 0 0 0 0
0 0 0 0 0 0 0 0 0 0 0 0 0 0 0 0 0 0 0 0 0 0 0 0 0 0 0 0 0 0 0 0 0 0 0 0 0 0 0 0 0 0 0 0 0 0 0 0 0 0 0 0 0 0 0 0 0 0 0 0 0 0 0 0 0 0 0 0 0 0 1.01 0 0 0 0 0 0 0 0 0 0 0 0 0 0 0 0 0 0 0 0 0 0 0 0 0 0 0 0 0 0 0 0 0 0 0 0 0 0 0 0 0 0 0
0.1144281 0 -0.1090081 0 0.08999288 0 0.09251395 -0.03366924 0.09251395 0.09251395 -0.01838618 -0.1163115 -0.1096991 0 -0.1145473 0 0 0 0 0.09251395 0 -0.3439992 -0.180579 -0.1163115 0.9506888 0 0 -0.3547138 0.9957151 0 0 0.09251395 0 0 -0.07511799 0.09251395 0.09387587 0.9957151 0.9957151 0.09251395 0 0 0.9957151 0 0 0.09251395 -0.07848939 0 0 0.9957151 -0.4684379 0.7798595 0.09251395 0.9953869 0 -0.07148506 0.9957151 -0.1138935 0 0 0.09251395 0.9950589 0 -0.1796655 0.09270034 0.0918173 -0.0009351902 0 0.08021849 0.1577497 0 1.01 0.9993408 0.9993408 0.9963696 0.9960386 0.5808546 -0.3546343 0 0.1627551 0.9983523 0 0 -0.03874411 0 0 0 -0.1167154 0 -0.1213034 -0.3590909 0 0 0 0 0 -0.2877225 0 0 0.1446482 -0.04568978 0 0 0 0.9993403 0 0.1473995 0.07179766 0 0 0 0 0 0
