1.01 -0.2128862 0.7758182 0.776228 0.7760691 -0.5444443 -0.5447048 0 -0.1269083 0.3351715 -0.2128862 0 0.7723607 0.32285 0.6527092 -0.1269083 0.01854699 0.7758231 0 -0.5360247 0 -0.544569 0 0 0 0.47615 -0.544569 0.32285 0 -0.5401369 0.1597165 0 0.6585061 -0.2128862 -0.1267636 0.3191374 -0.2704677 -0.2653118 -0.1226524 -0.2704449 0 0.3191374 -0.2711906 0 0 -0.5397067 0 0 -0.1267636 0 0.3191374 0 -0.5397067 0.4089235 0.9315292 0 0.9315292 0 -0.2711906 -0.5397198 -0.5397198 -0.1269083 0.28142 -0.1636821 0 0 -0.5233247 0.28142 0.28142 -0.1122405 0.9156827 0.2575087 0 0 0.2725815 0 -0.1267636 0 0 -0.5238254 -0.502314 0 0 0 -0.4079638 0.1508753 0 0.9246891 0.6182358 -0.1269083 0 -0.1919665 -0.5322928 0.2620057 -0.3252748 -0.2132363 -0.01006773 0 0.5888217 0.2392489 0 -0.1945365 0.1750105 -0.1957051 0.09761585 0 0.06886192 0 -0.1316542 0 0.4633832 0 0.4992635 -0.1008172 0.3943413 0 -0.1927988 -0.5444768 0 -0.1024371 0 -0.2677567 -0.2677234 0.03095194 0.3501311 -0.06995647 0.3501311 0.3501311 0 0 0 0 0 -0.1927988 -0.1449653 0.2750708 -0.06995647 0.5304111 0.3803417 0 0 0.3462456 0 -0.5412935 0 0 0 -0.195927 -0.05389268 -0.05389268 0 0.2060937 0.2079887 0.08070058 0.3566573 -0.2723794 0.1692403 0.1363315 0.4981305 -0.1927988 0 0.1812255 0.1363315 0.4536397 0
-0.2128862 1.01 -0.1662308 -0.1670128 -0.1668913 -0.1176466 -0.1177389 0 -0.02575378 0.06512916 1 0 -0.1673619 -0.07390408 0.2162053 -0.02575378 -0.01470965 -0.1671002 0 -0.1140016 0 -0.1175868 0 0 0 0.09224528 -0.1175868 -0.07390408 0 -0.1179274 -0.03125444 0 0.2243933 1 -0.02587786 -0.06827566 -0.06119444 -0.06188469 0.5610485 -0.06038012 0 -0.06827566 -0.06108025 0 0 -0.1180659 0 0 -0.02587786 0 -0.06827566 0 -0.1180659 -0.5062234 -0.2057062 0 -0.2057062 0 -0.06108025 -0.1181121 -0.1181121 -0.02575378 0.06565346 -0.02581852 0 0 -0.1157925 0.06565346 0.06565346 0.5158414 -0.1993559 -0.04911913 0 0 -0.05861537 0 -0.02587786 0 0 -0.1157643 -0.1134098 0 0 0 0.498714 -0.03571477 0 -0.1966024 -0.1344478 -0.02575378 0 0.9612758 -0.1192608 0.05982511 -0.06360262 -0.04312899 -0.09848298 0 -0.1449953 0.06743555 0 0.9444914 -0.03267357 0.9415753 -0.0286469 0 -0.01548741 0 -0.02571783 0 -0.1168022 0 -0.1201267 -0.04739808 0.1732174 0 0.9362194 -0.119836 0 -0.04803691 0 -0.06904182 -0.0691509 -0.0377426 0.152205 -0.06109289 0.152205 0.152205 0 0 0 0 0 0.9362194 -0.03025823 -0.06177678 -0.06109289 -0.125816 0.184109 0 0 0.1515617 0 -0.1193214 0 0 0 0.921968 -0.06366765 -0.06366765 0 0.2248801 0.2264311 0.01266152 0.150078 -0.06956093 0.1902108 -0.02759884 -0.1197941 0.9362194 0 0.1860081 -0.02759884 0.09514709 0
0.7758182 -0.1662308 1.01 0.9992841 0.9989777 -0.4709969 -0.4713859 0 -0.1051234 0.2860287 -0.1662308 0 0.9956099 -0.2869328 0.8963115 -0.1051234 0.02851606 0.998977 0 -0.4646969 0 -0.4712129 0 0 0 0.3857838 -0.4712129 -0.2869328 0 -0.4669262 0.1960737 0 0.8705104 -0.1662308 -0.1056512 -0.2570516 -0.1960649 -0.1998912 -0.09408524 -0.195974 0 -0.2570516 -0.1969313 0 0 -0.466561 0 0 -0.1056512 0 -0.2570516 0 -0.466561 0.3401013 0.7730981 0 0.7730981 0 -0.1969313 -0.4667556 -0.4667556 -0.1051234 0.2054985 -0.1302059 0 0 -0.4629156 0.2054985 0.2054985 -0.0815217 0.7684089 0.3234211 0 0 0.3488172 0 -0.1056512 0 0 -0.4637351 -0.4474187 0 0 0 -0.3391017 -0.1415238 0 0.7752769 0.7742664 -0.1051234 0 -0.1675146 -0.4699654 0.1877642 -0.2771046 -0.1836527 0.08057558 0 0.3853457 0.1907611 0 -0.1678958 -0.112514 -0.1690553 -0.1276033 0 0.089908 0 -0.1024317 0 0.5945689 0 0.6404653 -0.04067356 0.6257925 0 -0.1659355 -0.4785726 0 -0.04237525 0 -0.2229645 -0.2227893 0.07270066 0.6166732 0.004251491 0.6166732 0.6166732 0 0 0 0 0 -0.1659355 -0.1073106 -0.2435459 0.004251491 0.6826931 0.5972013 0 0 0.6128799 0 -0.4753854 0 0 0 -0.1690283 0.02327313 0.02327313 0 0.3776942 0.3756697 0.1046623 0.610998 -0.2265103 0.3669915 0.1799337 0.6395875 -0.1659355 0 0.3832122 0.1799337 0.4049619 0
0.776228 -0.1670128 0.9992841 1.01 0.999693 -0.4702748 -0.4706636 0 -0.1049637 0.2879741 -0.1670128 0 0.9963301 -0.2871403 0.896754 -0.1049637 0.02865782 0.9996931 0 -0.4639886 0 -0.470491 0 0 0 0.3869338 -0.470491 -0.2871403 0 -0.4662009 0.1963397 0 0.8708822 -0.1670128 -0.1054913 -0.2572663 -0.1956226 -0.1994452 -0.09483174 -0.1955315 0 -0.2572663 -0.1964894 0 0 -0.4658352 0 0 -0.1054913 0 -0.2572663 0 -0.4658352 0.3422206 0.7736399 0 0.7736399 0 -0.1964894 -0.4660297 -0.4660297 -0.1049637 0.2050419 -0.1299966 0 0 -0.4621984 0.2050419 0.2050419 -0.08138899 0.7689546 0.3234617 0 0 0.3492973 0 -0.1054913 0 0 -0.463018 -0.4467232 0 0 0 -0.3412295 -0.141937 0 0.7758142 0.7746844 -0.1049637 0 -0.1682687 -0.4692348 0.1873306 -0.2791124 -0.1838761 0.07949922 0 0.3855621 0.1902405 0 -0.1686301 -0.1128195 -0.1697862 -0.1274079 0 0.09002491 0 -0.1022714 0 0.5948192 0 0.6407962 -0.04029892 0.6250389 0 -0.1666762 -0.4778264 0 -0.04200188 0 -0.2247923 -0.2246161 0.0729375 0.6160973 0.004701213 0.6160973 0.6160973 0 0 0 0 0 -0.1666762 -0.1071415 -0.2438142 0.004701213 0.6830892 0.5963779 0 0 0.6123039 0 -0.4746369 0 0 0 -0.1697507 0.02373981 0.02373981 0 0.3765694 0.3745237 0.1048043 0.6104285 -0.2283042 0.3661279 0.1801675 0.6399169 -0.1666762 0 0.3823692 0.1801675 0.4042395 0
0.7760691 -0.1668913 0.9989777 0.999693 1.01 -0.469938 -0.4703266 0 -0.1048892 0.2881117 -0.1668913 0 0.9960255 -0.2869306 0.8965163 -0.1048892 0.02871692 0.9993864 0 -0.463658 0 -0.4701542 0 0 0 0.3871493 -0.4701542 -0.2869306 0 -0.4658629 0.1964424 0 0.8706138 -0.1668913 -0.1054166 -0.2570593 -0.1957637 -0.1995827 -0.09476246 -0.1956724 0 -0.2570593 -0.1966307 0 0 -0.465497 0 0 -0.1054166 0 -0.2570593 0 -0.465497 0.3422708 0.7734522 0 0.7734522 0 -0.1966307 -0.4656914 -0.4656914 -0.1048892 0.2051679 -0.1298993 0 0 -0.4618642 0.2051679 0.2051679 -0.08132737 0.7687684 0.3236289 0 0 0.3494828 0 -0.1054166 0 0 -0.4626837 -0.4463991 0 0 0 -0.3412812 -0.1418369 0 0.7756244 0.7742266 -0.1048892 0 -0.1681446 -0.4688944 0.1874819 -0.2792627 -0.1837472 0.0795448 0 0.3851433 0.1903117 0 -0.1685038 -0.1127056 -0.1696595 -0.1273167 0 0.09006979 0 -0.103038 0 0.5942695 0 0.6402937 -0.04054283 0.6247088 0 -0.1665504 -0.4774787 0 -0.04224696 0 -0.2249077 -0.2247313 0.07303477 0.6156362 0.004544041 0.6156362 0.6156362 0 0 0 0 0 -0.1665504 -0.1070628 -0.2436174 0.004544041 0.6826254 0.5960193 0 0 0.6118431 0 -0.4742885 0 0 0 -0.1696229 0.02359925 0.02359925 0 0.3760946 0.3740399 0.1014802 0.6099701 -0.2284135 0.3655626 0.1802573 0.6394136 -0.1665504 0 0.3818118 0.1802573 0.4038146 0
-0.5444443 -0.1176466 -0.4709969 -0.4702748 -0.469938 1.01 0.9997243 0 -0.06549747 0.1816083 -0.1176466 0 -0.4658177 -0.1901814 -0.5248808 -0.06549747 0.02096666 -0.4695653 0 0.9832867 0 0.9994485 0 0 0 0.2705949 0.9994485 -0.1901814 0 0.996152 -0.09814795 0 -0.4975349 -0.1176466 -0.06585088 -0.1922931 -0.1894701 -0.1897308 -0.06025371 -0.1896248 0 -0.1922931 -0.1891605 0 0 0.9957409 0 0 -0.06585088 0 -0.1922931 0 0.9957409 0.2233189 -0.5663673 0 -0.5663673 0 -0.1891605 0.995604 0.995604 -0.06549747 0.1526118 -0.09968054 0 0 0.9728267 0.1526118 0.1526118 -0.06528717 -0.5682956 -0.1421759 0 0 -0.1742029 0 -0.06585088 0 0 0.9730909 0.9383246 0 0 0 -0.2225219 -0.09289358 0 -0.5646278 -0.3730048 -0.06549747 0 -0.1223342 0.9892335 0.1834941 -0.1780683 -0.1107466 -0.2742084 0 -0.3744488 0.1810896 0 -0.1242016 -0.1057656 -0.1252601 -0.03751165 0 -0.04829696 0 -0.06732073 0 -0.2900459 0 -0.3098009 -0.1596844 -0.5394047 0 -0.1232391 0.8189715 0 -0.1586274 0 -0.1808271 -0.1807526 0.05462887 -0.6311704 -0.1077816 -0.6311704 -0.6311704 0 0 0 0 0 -0.1232391 0.2369704 -0.1557518 -0.1077816 -0.3315401 -0.551761 0 0 -0.6263984 0 0.8164018 0 0 0 -0.1109981 -0.1129548 -0.1129548 0 -0.4367513 -0.4446546 -0.05306262 -0.635135 -0.1479602 -0.504846 -0.09132222 -0.3091257 -0.1232391 0 -0.5135993 -0.09132222 -0.6721488 0
-0.5447048 -0.1177389 -0.4713859 -0.4706636 -0.4703266 0.9997243 1.01 0 -0.06458275 0.1817621 -0.1177389 0 -0.4662081 -0.1899592 -0.5250796 -0.06458275 0.02092063 -0.4699542 0 0.9832938 0 0.9994486 0 0 0 0.2708186 0.9994486 -0.1899592 0 0.9961508 -0.09822584 0 -0.4979481 -0.1177389 -0.06396793 -0.1920658 -0.1896228 -0.1898849 -0.06030643 -0.1897776 0 -0.1920658 -0.1893131 0 0 0.9957396 0 0 -0.06396793 0 -0.1920658 0 0.9957396 0.2235038 -0.5666039 0 -0.5666039 0 -0.1893131 0.995878 0.995878 -0.06458275 0.1527702 -0.09975436 0 0 0.9728295 0.1527702 0.1527702 -0.06533389 -0.5685339 -0.142303 0 0 -0.1743437 0 -0.06396793 0 0 0.9733702 0.9383424 0 0 0 -0.2227063 -0.0922413 0 -0.5648628 -0.3733197 -0.06458275 0 -0.1224284 0.9892298 0.1836436 -0.178218 -0.1108448 -0.2744374 0 -0.374533 0.1809137 0 -0.1242975 -0.1058521 -0.1253563 -0.03758167 0 -0.04833094 0 -0.06737752 0 -0.2903259 0 -0.3100994 -0.1598081 -0.5396943 0 -0.1233346 0.8189601 0 -0.1587508 0 -0.1809885 -0.1809141 0.05530526 -0.6315287 -0.1075232 -0.6315287 -0.6315287 0 0 0 0 0 -0.1233346 0.2369059 -0.1554989 -0.1075232 -0.3318533 -0.5522594 0 0 -0.6267566 0 0.8163896 0 0 0 -0.1110953 -0.1127132 -0.1127132 0 -0.437168 -0.4450658 -0.05310418 -0.635497 -0.1481236 -0.505107 -0.09139027 -0.309424 -0.1233346 0 -0.5138664 -0.09139027 -0.6723064 0
0 0 0 0 0 0 0 1.01 0 0 0 0 0 0 0 0 0 0 0 0 0 0 0 0 0 0 0 0 0 0 0 0 0 0 0 0 0 0 0 0 0 0 0 0 0 0 0 0 0 0 0 0 0 0 0 0 0 0 0 0 0 0 0 0 0 0 0 0 0 0 0 0 0 0 0 0 0 0 0 0 0 0 0 0 0 0 0 0 0 0 0 0 0 0 0 0 0 0 0 0 0 0 0 0 0 0 0 0 0 0 0 0 0 0 0 0 0 0 0 0 0 0 0 0 0 0 0 0 0 0 0 0 0 0 0 0 0 0 0 0 0 0 0 0 0 0 0 0 0 0 0 0 0 0 0 0 0 0 0 0 0 0 0 0 0
-0.1269083 -0.02575378 -0.1051234 -0.1049637 -0.1048892 -0.06549747 -0.06458275 0 1.01 0.04856539 -0.02575378 0 -0.1049798 -0.0324706 0.1277166 1 -0.01092999 -0.1050168 0 -0.06344524 0 -0.06448706 0 0 0 0.06806602 -0.06448706 -0.0324706 0 -0.06507873 -0.01101867 0 -0.1137798 -0.02575378 0.9982929 -0.03099054 -0.04221862 -0.04314875 -0.006086964 -0.04225282 0 -0.03099054 -0.0421502 0 0 -0.06516385 0 0 0.9982929 0 -0.03099054 0 -0.06516385 0.05649406 -0.1220558 0 -0.1220558 0 -0.0421502 -0.06519222 -0.06519222 1 0.04315348 -0.02332057 0 0 -0.06337739 0.04315348 0.04315348 -0.0208745 -0.1228945 -0.03546707 0 0 -0.0305864 0 0.9982929 0 0 -0.06335576 -0.05953807 0 0 0 -0.0573129 0.0005122248 0 -0.1220301 -0.09278882 1 0 -0.02940945 -0.06435398 0.03982824 -0.04706261 -0.02975425 -0.06236781 0 -0.08941457 -0.3209744 0 -0.0305635 -0.01883341 -0.03078988 -0.0144244 0 -0.006835096 0 -0.0130414 0 -0.08026535 0 -0.0873056 -0.02936041 -0.1528203 0 -0.0302372 -0.06468356 0 -0.02911582 0 -0.05238554 -0.05244947 -0.02876343 -0.1706947 -0.04074731 -0.1706947 -0.1706947 0 0 0 0 0 -0.0302372 -0.01604491 -0.02715743 -0.04074731 -0.09039443 -0.142364 0 0 -0.1697886 0 -0.06510586 0 0 0 -0.03132969 -0.0415759 -0.0415759 0 -0.1261175 -0.1239771 -0.008342013 -0.1709021 -0.0522613 -0.1491817 -0.01659413 -0.08710901 -0.0302372 0 -0.149938 -0.01659413 -0.1830466 0
0.3351715 0.06512916 0.2860287 0.2879741 0.2881117 0.1816083 0.1817621 0 0.04856539 1.01 0.06512916 0 0.2862107 0.1179403 0.3213464 0.04856539 0.03501709 0.2881175 0 0.1773844 0 0.1815045 0 0 0 0.6878628 0.1815045 0.1179403 0 0.1819181 0.05796368 0 0.3034747 0.06512916 0.04876277 0.1174565 0.09191116 0.09229723 0.04490345 0.09200789 0 0.1174565 0.09171764 0 0 0.1821489 0 0 0.04876277 0 0.1174565 0 0.1821489 0.8271149 0.3481265 0 0.3481265 0 0.09171764 0.1822258 0.1822258 0.04856539 -0.09686853 0.04379907 0 0 0.1804761 -0.09686853 -0.09686853 0.03127711 0.346729 0.1018881 0 0 0.1079564 0 0.04876277 0 0 0.1804222 0.1729435 0 0 0 -0.8293268 0.05375756 0 0.3458146 0.2298211 0.04856539 0 0.06609266 0.1843989 -0.09254105 -0.9728261 -0.6002127 -0.6285798 0 0.2036522 -0.1168709 0 0.06775611 0.06974054 0.06424483 0.0488065 0 0.01709034 0 0.02898438 0 0.1583508 0 0.1716592 0.07765886 -0.2877638 0 0.0676284 0.1877317 0 0.0776682 0 -0.8900717 -0.8895912 0.05192556 -0.2534101 0.09475043 -0.2534101 -0.2534101 0 0 0 0 0 0.0676284 0.04021373 0.1101506 0.09475043 0.1842773 -0.30249 0 0 -0.2539123 0 0.189247 0 0 0 0.06831001 0.09486191 0.09486191 0 -0.3688684 -0.3736272 0.03581434 -0.2526402 -0.8539814 -0.3136946 0.05392615 0.17109 0.0676284 0 -0.3113746 0.05392615 -0.2029616 0
-0.2128862 1 -0.1662308 -0.1670128 -0.1668913 -0.1176466 -0.1177389 0 -0.02575378 0.06512916 1.01 0 -0.1673619 -0.07390408 0.2162053 -0.02575378 -0.01470965 -0.1671002 0 -0.1140016 0 -0.1175868 0 0 0 0.09224528 -0.1175868 -0.07390408 0 -0.1179274 -0.03125444 0 0.2243933 1 -0.02587786 -0.06827566 -0.06119444 -0.06188469 0.5610485 -0.06038012 0 -0.06827566 -0.06108025 0 0 -0.1180659 0 0 -0.02587786 0 -0.06827566 0 -0.1180659 -0.5062234 -0.2057062 0 -0.2057062 0 -0.06108025 -0.1181121 -0.1181121 -0.02575378 0.06565346 -0.02581852 0 0 -0.1157925 0.06565346 0.06565346 0.5158414 -0.1993559 -0.04911913 0 0 -0.05861537 0 -0.02587786 0 0 -0.1157643 -0.1134098 0 0 0 0.498714 -0.03571477 0 -0.1966024 -0.1344478 -0.02575378 0 0.9612758 -0.1192608 0.05982511 -0.06360262 -0.04312899 -0.09848298 0 -0.1449953 0.06743555 0 0.9444914 -0.03267357 0.9415753 -0.0286469 0 -0.01548741 0 -0.02571783 0 -0.1168022 0 -0.1201267 -0.04739808 0.1732174 0 0.9362194 -0.119836 0 -0.04803691 0 -0.06904182 -0.0691509 -0.0377426 0.152205 -0.06109289 0.152205 0.152205 0 0 0 0 0 0.9362194 -0.03025823 -0.06177678 -0.06109289 -0.125816 0.184109 0 0 0.1515617 0 -0.1193214 0 0 0 0.921968 -0.06366765 -0.06366765 0 0.2248801 0.2264311 0.01266152 0.150078 -0.06956093 0.1902108 -0.02759884 -0.1197941 0.9362194 0 0.1860081 -0.02759884 0.09514709 0
0 0 0 0 0 0 0 0 0 0 0 1.01 0 0 0 0 0 0 0 0 0 0 0 0 0 0 0 0 0 0 0 0 0 0 0 0 0 0 0 0 0 0 0 0 0 0 0 0 0 0 0 0 0 0 0 0 0 0 0 0 0 0 0 0 0 0 0 0 0 0 0 0 0 0 0 0 0 0 0 0 0 0 0 0 0 0 0 0 0 0 0 0 0 0 0 0 0 0 0 0 0 0 0 0 0 0 0 0 0 0 0 0 0 0 0 0 0 0 0 0 0 0 0 0 0 0 0 0 0 0 0 0 0 0 0 0 0 0 0 0 0 0 0 0 0 0 0 0 0 0 0 0 0 0 0 0 0 0 0 0 0 0 0 0 0
0.7723607 -0.1673619 0.9956099 0.9963301 0.9960255 -0.4658177 -0.4662081 0 -0.1049798 0.2862107 -0.1673619 0 1.01 -0.2872408 0.8935968 -0.1049798 0.0279376 0.9966356 0 -0.4601183 0 -0.4667435 0 0 0 0.3867431 -0.4667435 -0.2872408 0 -0.4624811 0.1950312 0 0.8678713 -0.1673619 -0.1055101 -0.2576605 -0.1972723 -0.2011184 -0.09473024 -0.1971822 0 -0.2576605 -0.1981369 0 0 -0.4621182 0 0 -0.1055101 0 -0.2576605 0 -0.4621182 0.3408966 0.7705407 0 0.7705407 0 -0.1981369 -0.4623135 -0.4623135 -0.1049798 0.2067848 -0.1311123 0 0 -0.458415 0.2067848 0.2067848 -0.08209597 0.7660353 0.3221151 0 0 0.3472967 0 -0.1055101 0 0 -0.4592304 -0.4426431 0 0 0 -0.340181 -0.1418272 0 0.772941 0.7731125 -0.1049798 0 -0.1691814 -0.4655663 0.1889211 -0.2771999 -0.1838526 0.07917679 0 0.384658 0.1920589 0 -0.1695752 -0.1130295 -0.1707373 -0.1277637 0 0.08945108 0 -0.1031267 0 0.593614 0 0.6396406 -0.04183066 0.6228299 0 -0.167613 -0.4741334 0 -0.0435269 0 -0.2229915 -0.2228183 0.07174191 0.6130634 0.002739913 0.6130634 0.6130634 0 0 0 0 0 -0.167613 -0.1080433 -0.243996 0.002739913 0.6816032 0.5945684 0 0 0.6092721 0 -0.4709649 0 0 0 -0.1707171 0.02168664 0.02168664 0 0.3761922 0.3742426 0.1041059 0.6073454 -0.2265803 0.3646569 0.1790196 0.6387685 -0.167613 0 0.380796 0.1790196 0.401693 0
0.32285 -0.07390408 -0.2869328 -0.2871403 -0.2869306 -0.1901814 -0.1899592 0 -0.0324706 0.1179403 -0.07390408 0 -0.2872408 1.01 -0.3200455 -0.0324706 -0.007731408 -0.2872913 0 -0.1878487 0 -0.1900744 0 0 0 0.1729404 -0.1900744 1 0 -0.1902002 -0.04587742 0 -0.270869 -0.07390408 -0.03136113 0.947083 -0.1162494 -0.1019306 -0.04294687 -0.116346 0 0.947083 -0.116056 0 0 -0.1900582 0 0 -0.03136113 0 0.947083 0 -0.1900582 0.143614 0.3364937 0 0.3364937 0 -0.116056 -0.1897567 -0.1897567 -0.0324706 0.1180382 -0.05080284 0 0 -0.1705235 0.1180382 0.1180382 -0.04294621 0.3192508 -0.09292171 0 0 -0.1021993 0 -0.03136113 0 0 -0.1700757 -0.1617638 0 0 0 -0.1439106 0.4758934 0 0.3222453 -0.1885831 -0.0324706 0 -0.03890352 -0.1726753 0.1139556 -0.1160132 -0.04256722 -0.1573647 0 0.3911354 0.07243414 0 -0.04198874 0.4759413 -0.04193197 0.3659583 0 -0.0332766 0 -0.04721757 0 -0.1552394 0 -0.1695343 -0.09140388 -0.3258309 0 -0.04245865 -0.1750986 0 -0.09138648 0 -0.1057677 -0.1059599 -0.06073543 -0.3786768 -0.1113153 -0.3786768 -0.3786768 0 0 0 0 0 -0.04245865 -0.05855915 0.8524018 -0.1113153 -0.1844762 -0.3045147 0 0 -0.3785686 0 -0.1751756 0 0 0 -0.04211906 -0.1160977 -0.1160977 0 -0.2428032 -0.2374907 -0.03156425 -0.35835 -0.1070842 -0.2824324 -0.0578703 -0.1696586 -0.04245865 0 -0.2879567 -0.0578703 0.1268372 0
0.6527092 0.2162053 0.8963115 0.896754 0.8965163 -0.5248808 -0.5250796 0 0.1277166 0.3213464 0.2162053 0 0.8935968 -0.3200455 1.01 0.1277166 0.01988763 0.8970103 0 -0.5174654 0 -0.5255304 0 0 0 0.4340575 -0.5255304 -0.3200455 0 -0.5215728 0.1788969 0 0.9191844 0.2162053 0.1267357 -0.2880233 -0.2268114 -0.2310793 0.1222042 -0.2264144 0 -0.2880233 -0.2276058 0 0 -0.5212863 0 0 0.1267357 0 -0.2880233 0 -0.5212863 0.1555144 0.6545359 0 0.6545359 0 -0.2276058 -0.5215031 -0.5215031 0.1277166 0.238075 -0.1440171 0 0 -0.5163809 0.238075 0.238075 0.1143976 0.6521679 0.2914669 0 0 0.314445 0 0.1267357 0 0 -0.5171735 -0.4992435 0 0 0 -0.1576422 -0.153885 0 0.6602163 0.6904997 0.1277166 0 0.1990807 -0.5249116 0.2175108 -0.3116416 -0.2054793 0.02495768 0 0.3031716 0.1363288 0 0.1919418 -0.1286541 0.1896162 -0.1404048 0 0.08115085 0 -0.1141133 0 0.5229424 0 0.5652826 -0.06497611 0.6471789 0 0.1907451 -0.5337039 0 -0.066844 0 -0.2614406 -0.2613246 0.05032255 0.6260265 -0.02870497 0.6260265 0.6260265 0 0 0 0 0 0.1907451 -0.1214072 -0.2712948 -0.02870497 0.6040334 0.6256662 0 0 0.6222522 0 -0.5304599 0 0 0 0.1819248 -0.01112984 -0.01112984 0 0.4285683 0.4276752 0.1062667 0.619555 -0.2650794 0.3993584 0.1630199 0.5645921 0.1907451 0 0.4135683 0.1630199 0.3918229 0
-0.1269083 -0.02575378 -0.1051234 -0.1049637 -0.1048892 -0.06549747 -0.06458275 0 1 0.04856539 -0.02575378 0 -0.1049798 -0.0324706 0.1277166 1.01 -0.01092999 -0.1050168 0 -0.06344524 0 -0.06448706 0 0 0 0.06806602 -0.06448706 -0.0324706 0 -0.06507873 -0.01101867 0 -0.1137798 -0.02575378 0.9982929 -0.03099054 -0.04221862 -0.04314875 -0.006086964 -0.04225282 0 -0.03099054 -0.0421502 0 0 -0.06516385 0 0 0.9982929 0 -0.03099054 0 -0.06516385 0.05649406 -0.1220558 0 -0.1220558 0 -0.0421502 -0.06519222 -0.06519222 1 0.04315348 -0.02332057 0 0 -0.06337739 0.04315348 0.04315348 -0.0208745 -0.1228945 -0.03546707 0 0 -0.0305864 0 0.9982929 0 0 -0.06335576 -0.05953807 0 0 0 -0.0573129 0.0005122248 0 -0.1220301 -0.09278882 1 0 -0.02940945 -0.06435398 0.03982824 -0.04706261 -0.02975425 -0.06236781 0 -0.08941457 -0.3209744 0 -0.0305635 -0.01883341 -0.03078988 -0.0144244 0 -0.006835096 0 -0.0130414 0 -0.08026535 0 -0.0873056 -0.02936041 -0.1528203 0 -0.0302372 -0.06468356 0 -0.02911582 0 -0.05238554 -0.05244947 -0.02876343 -0.1706947 -0.04074731 -0.1706947 -0.1706947 0 0 0 0 0 -0.0302372 -0.01604491 -0.02715743 -0.04074731 -0.09039443 -0.142364 0 0 -0.1697886 0 -0.06510586 0 0 0 -0.03132969 -0.0415759 -0.0415759 0 -0.1261175 -0.1239771 -0.008342013 -0.1709021 -0.0522613 -0.1491817 -0.01659413 -0.08710901 -0.0302372 0 -0.149938 -0.01659413 -0.1830466 0
0.01854699 -0.01470965 0.02851606 0.02865782 0.02871692 0.02096666 0.02092063 0 -0.01092999 0.03501709 -0.01470965 0 0.0279376 -0.007731408 0.01988763 -0.01092999 1.01 0.02859288 0 0.02263734 0 0.02101849 0 0 0 0.04296982 0.02101849 -0.007731408 0 0.02043797 -0.01360271 0 0.02524885 -0.01470965 -0.01099285 -0.006419686 -0.0255497 -0.02456893 -0.008331839 -0.02557817 0 -0.006419686 -0.02549274 0 0 0.02036906 0 0 -0.01099285 0 -0.006419686 0 0.02036906 0.03856766 0.02686845 0 0.02686845 0 -0.02549274 0.02034609 0.02034609 -0.01092999 0.0269204 -0.007483289 0 0 0.02075073 0.0269204 0.0269204 -0.004290998 0.027378 0.04814135 0 0 0.00616304 0 -0.01099285 0 0 0.0208084 0.02075549 0 0 0 -0.03824671 0.05228781 0 0.02752507 0.03184096 -0.01092999 0 -0.01607144 0.01926048 0.02351771 -0.03442327 -0.02845461 -0.02784313 0 -0.0006960255 0.02616083 0 -0.009285616 -0.02790732 -0.009503225 0.0525999 0 -0.01438478 0 -0.006552426 0 0.04469658 0 0.03627649 -0.02279519 0.001318844 0 -0.008946446 0.01602661 0 -0.02260057 0 -0.01043108 -0.01049098 -0.01106802 -0.01031801 -0.02556111 -0.01031801 -0.01031801 0 0 0 0 0 -0.008946446 -0.009233501 -0.003868088 -0.02556111 0.02998233 0.003935113 0 0 -0.01140931 0 0.01680494 0 0 0 -0.007441458 -0.02861644 -0.02861644 0 0.08149838 0.0227824 -0.01172974 -0.01154612 0.004931675 0.004077097 -0.01451608 0.03533268 -0.008946446 0 0.003619576 -0.01451608 -0.07392644 0
0.7758231 -0.1671002 0.998977 0.9996931 0.9993864 -0.4695653 -0.4699542 0 -0.1050168 0.2881175 -0.1671002 0 0.9966356 -0.2872913 0.8970103 -0.1050168 0.02859288 1.01 0 -0.4639851 0 -0.470494 0 0 0 0.386894 -0.470494 -0.2872913 0 -0.4662063 0.196197 0 0.8709726 -0.1671002 -0.1055444 -0.2574207 -0.1954415 -0.1992669 -0.09488161 -0.1953505 0 -0.2574207 -0.1963079 0 0 -0.4658409 0 0 -0.1055444 0 -0.2574207 0 -0.4658409 0.3423937 0.7736695 0 0.7736695 0 -0.1963079 -0.4660354 -0.4660354 -0.1050168 0.204874 -0.1300673 0 0 -0.4622003 0.204874 0.204874 -0.08143396 0.7689835 0.3232285 0 0 0.3490405 0 -0.1055444 0 0 -0.4630196 -0.4467124 0 0 0 -0.3414022 -0.1420081 0 0.7758453 0.7749837 -0.1050168 0 -0.1683585 -0.4692427 0.187141 -0.2792521 -0.1839674 0.07918167 0 0.3859019 0.1901305 0 -0.1687218 -0.1129103 -0.1698781 -0.127473 0 0.08996164 0 -0.1023251 0 0.5952472 0 0.6411675 -0.04004682 0.625037 0 -0.1667678 -0.4778437 0 -0.04174826 0 -0.2249583 -0.2247823 0.07282533 0.6162243 0.004857391 0.6162243 0.6162243 0 0 0 0 0 -0.1667678 -0.1071983 -0.243961 0.004857391 0.6834133 0.5964119 0 0 0.6124315 0 -0.474656 0 0 0 -0.1698436 0.0238755 0.0238755 0 0.3767628 0.374726 0.1047281 0.6105535 -0.2284714 0.3664155 0.1800409 0.6402893 -0.1667678 0 0.3826455 0.1800409 0.4043678 0
0 0 0 0 0 0 0 0 0 0 0 0 0 0 0 0 0 0 1.01 0 0 0 0 0 0 0 0 0 0 0 0 0 0 0 0 0 0 0 0 0 0 0 0 0 0 0 0 0 0 0 0 0 0 0 0 0 0 0 0 0 0 0 0 0 0 0 0 0 0 0 0 0 0 0 0 0 0 0 0 0 0 0 0 0 0 0 0 0 0 0 0 0 0 0 0 0 0 0 0 0 0 0 0 0 0 0 0 0 0 0 0 0 0 0 0 0 0 0 0 0 0 0 0 0 0 0 0 0 0 0 0 0 0 0 0 0 0 0 0 0 0 0 0 0 0 0 0 0 0 0 0 0 0 0 0 0 0 0 0 0 0 0 0 0 0
-0.5360247 -0.1140016 -0.4646969 -0.4639886 -0.463658 0.9832867 0.9832938 0 -0.06344524 0.1773844 -0.1140016 0 -0.4601183 -0.1878487 -0.5174654 -0.06344524 0.02263734 -0.4639851 0 1.01 0 0.9838288 0 0 0 0.2649762 0.9838288 -0.1878487 0 0.9806242 -0.09766879 0 -0.4912489 -0.1140016 -0.06379342 -0.189372 -0.1857884 -0.1863418 -0.05952628 -0.1859403 0 -0.189372 -0.1854844 0 0 0.9802207 0 0 -0.06379342 0 -0.189372 0 0.9802207 0.2176152 -0.5597472 0 -0.5597472 0 -0.1854844 0.9800863 0.9800863 -0.06344524 0.1942706 -0.09888838 0 0 0.989392 0.1942706 0.1942706 -0.06286004 -0.5613596 -0.1413308 0 0 -0.1722556 0 -0.06379342 0 0 0.989657 0.9543198 0 0 0 -0.216855 -0.09252509 0 -0.5578575 -0.3692339 -0.06344524 0 -0.118572 0.9736119 0.1796378 -0.1741598 -0.1113238 -0.2695036 0 -0.3688792 0.1767528 0 -0.1203371 -0.1037756 -0.1213799 -0.03592022 0 -0.04653657 0 -0.06822982 0 -0.2877554 0 -0.3069677 -0.1584092 -0.5292332 0 -0.1193991 0.803409 0 -0.1573749 0 -0.1763803 -0.1762979 0.05879766 -0.6201565 -0.1044373 -0.6201565 -0.6201565 0 0 0 0 0 -0.1193991 0.2423008 -0.1520976 -0.1044373 -0.3276682 -0.543 0 0 -0.6153556 0 0.8009083 0 0 0 -0.1069635 -0.1092122 -0.1092122 0 -0.4297508 -0.4378228 -0.05087317 -0.6241815 -0.1431419 -0.4959293 -0.08776408 -0.3063133 -0.1193991 0 -0.5043695 -0.08776408 -0.6599488 0
0 0 0 0 0 0 0 0 0 0 0 0 0 0 0 0 0 0 0 0 1.01 0 0 0 0 0 0 0 0 0 0 0 0 0 0 0 0 0 0 0 0 0 0 0 0 0 0 0 0 0 0 0 0 0 0 0 0 0 0 0 0 0 0 0 0 0 0 0 0 0 0 0 0 0 0 0 0 0 0 0 0 0 0 0 0 0 0 0 0 0 0 0 0 0 0 0 0 0 0 0 0 0 0 0 0 0 0 0 0 0 0 0 0 0 0 0 0 0 0 0 0 0 0 0 0 0 0 0 0 0 0 0 0 0 0 0 0 0 0 0 0 0 0 0 0 0 0 0 0 0 0 0 0 0 0 0 0 0 0 0 0 0 0 0 0
-0.544569 -0.1175868 -0.4712129 -0.470491 -0.4701542 0.9994485 0.9994486 0 -0.06448706 0.1815045 -0.1175868 0 -0.4667435 -0.1900744 -0.5255304 -0.06448706 0.02101849 -0.470494 0 0.9838288 0 1.01 0 0 0 0.2707417 1 -0.1900744 0 0.9967035 -0.09809712 0 -0.498202 -0.1175868 -0.06484203 -0.1921888 -0.1897668 -0.1900241 -0.0602176 -0.1899214 0 -0.1921888 -0.1894573 0 0 0.9962925 0 0 -0.06484203 0 -0.1921888 0 0.9962925 0.2231956 -0.5669901 0 -0.5669901 0 -0.1894573 0.9961555 0.9961555 -0.06448706 0.1528828 -0.09963421 0 0 0.9733685 0.1528828 0.1528828 -0.06525846 -0.5689181 -0.1420879 0 0 -0.1741101 0 -0.06484203 0 0 0.9736328 0.9388485 0 0 0 -0.2223989 -0.09284308 0 -0.5652516 -0.3738054 -0.06448706 0 -0.1222736 0.9897849 0.1837992 -0.1779677 -0.110679 -0.2740549 0 -0.3752131 0.180961 0 -0.12414 -0.1057082 -0.1251984 -0.03745195 0 -0.0482763 0 -0.0672825 0 -0.2909109 0 -0.3106262 -0.1600771 -0.5399754 0 -0.1231776 0.8194789 0 -0.159021 0 -0.1807155 -0.180641 0.05472003 -0.6319526 -0.10807 -0.6319526 -0.6319526 0 0 0 0 0 -0.1231776 0.2371003 -0.1556448 -0.10807 -0.3323344 -0.5523562 0 0 -0.6271789 0 0.8169091 0 0 0 -0.1109315 -0.1132278 -0.1132278 0 -0.4374042 -0.445317 -0.05303569 -0.6359169 -0.1478377 -0.5056659 -0.09127936 -0.3099517 -0.1231776 0 -0.5144157 -0.09127936 -0.6729215 0
0 0 0 0 0 0 0 0 0 0 0 0 0 0 0 0 0 0 0 0 0 0 1.01 0 0 0 0 0 0 0 0 0 0 0 0 0 0 0 0 0 0 0 0 0 0 0 0 0 0 0 0 0 0 0 0 0 0 0 0 0 0 0 0 0 0 0 0 0 0 0 0 0 0 0 0 0 0 0 0 0 0 0 0 0 0 0 0 0 0 0 0 0 0 0 0 0 0 0 0 0 0 0 0 0 0 0 0 0 0 0 0 0 0 0 0 0 0 0 0 0 0 0 0 0 0 0 0 0 0 0 0 0 0 0 0 0 0 0 0 0 0 0 0 0 0 0 0 0 0 0 0 0 0 0 0 0 0 0 0 0 0 0 0 0 0
0 0 0 0 0 0 0 0 0 0 0 0 0 0 0 0 0 0 0 0 0 0 0 1.01 0 0 0 0 0 0 0 0 0 0 0 0 0 0 0 0 0 0 0 0 0 0 0 0 0 0 0 0 0 0 0 0 0 0 0 0 0 0 0 0 0 0 0 0 0 0 0 0 0 0 0 0 0 0 0 0 0 0 0 0 0 0 0 0 0 0 0 0 0 0 0 0 0 0 0 0 0 0 0 0 0 0 0 0 0 0 0 0 0 0 0 0 0 0 0 0 0 0 0 0 0 0 0 0 0 0 0 0 0 0 0 0 0 0 0 0 0 0 0 0 0 0 0 0 0 0 0 0 0 0 0 0 0 0 0 0 0 0 0 0 0
0 0 0 0 0 0 0 0 0 0 0 0 0 0 0 0 0 0 0 0 0 0 0 0 1.01 0 0 0 0 0 0 0 0 0 0 0 0 0 0 0 0 0 0 0 0 0 0 0 0 0 0 0 0 0 0 0 0 0 0 0 0 0 0 0 0 0 0 0 0 0 0 0 0 0 0 0 0 0 0 0 0 0 0 0 0 0 0 0 0 0 0 0 0 0 0 0 0 0 0 0 0 0 0 0 0 0 0 0 0 0 0 0 0 0 0 0 0 0 0 0 0 0 0 0 0 0 0 0 0 0 0 0 0 0 0 0 0 0 0 0 0 0 0 0 0 0 0 0 0 0 0 0 0 0 0 0 0 0 0 0 0 0 0 0 0
0.47615 0.09224528 0.3857838 0.3869338 0.3871493 0.2705949 0.2708186 0 0.06806602 0.6878628 0.09224528 0 0.3867431 0.1729404 0.4340575 0.06806602 0.04296982 0.386894 0 0.2649762 0 0.2707417 0 0 0 1.01 0.2707417 0.1729404 0 0.272165 0.08799254 0 0.4264266 0.09224528 0.0683572 0.1695097 -0.6205405 -0.6147588 0.05942086 -0.6202688 0 0.1695097 -0.6210844 0 0 0.2722051 0 0 0.0683572 0 0.1695097 0 0.2722051 0.5424973 0.4913592 0 0.4913592 0 -0.6210844 0.272317 0.272317 0.06806602 0.5950581 -0.3251698 0 0 0.267863 0.5950581 0.5950581 0.04133989 0.4730363 0.1469017 0 0 0.1336841 0 0.0683572 0 0 0.268677 0.259528 0 0 0 -0.5442386 0.0779562 0 0.4892557 0.333185 0.06806602 0 0.09290787 0.2742415 0.6008229 -0.6706956 -0.4088518 -0.379437 0 0.2926121 0.4565412 0 0.07964086 0.09474517 0.07564152 0.06777715 0 0.02338516 0 -0.2493538 0 0.2350834 0 0.2559264 -0.374903 -0.001394641 0 0.07876173 0.07906324 0 -0.3762363 0 -0.6013729 -0.6012879 0.08027499 -0.1932123 -0.2789245 -0.1932123 -0.1932123 0 0 0 0 0 0.07876173 0.05637092 0.1562182 -0.2789245 0.2696811 -0.02704749 0 0 -0.1930211 0 0.08038421 0 0 0 0.08115455 -0.2650884 -0.2650884 0 -0.1057678 -0.1116001 0.05518331 -0.1897373 -0.5715713 -0.2705248 0.06266406 0.2556592 0.07876173 0 -0.2661586 0.06266406 -0.1401226 0
-0.544569 -0.1175868 -0.4712129 -0.470491 -0.4701542 0.9994485 0.9994486 0 -0.06448706 0.1815045 -0.1175868 0 -0.4667435 -0.1900744 -0.5255304 -0.06448706 0.02101849 -0.470494 0 0.9838288 0 1 0 0 0 0.2707417 1.01 -0.1900744 0 0.9967035 -0.09809712 0 -0.498202 -0.1175868 -0.06484203 -0.1921888 -0.1897668 -0.1900241 -0.0602176 -0.1899214 0 -0.1921888 -0.1894573 0 0 0.9962925 0 0 -0.06484203 0 -0.1921888 0 0.9962925 0.2231956 -0.5669901 0 -0.5669901 0 -0.1894573 0.9961555 0.9961555 -0.06448706 0.1528828 -0.09963421 0 0 0.9733685 0.1528828 0.1528828 -0.06525846 -0.5689181 -0.1420879 0 0 -0.1741101 0 -0.06484203 0 0 0.9736328 0.9388485 0 0 0 -0.2223989 -0.09284308 0 -0.5652516 -0.3738054 -0.06448706 0 -0.1222736 0.9897849 0.1837992 -0.1779677 -0.110679 -0.2740549 0 -0.3752131 0.180961 0 -0.12414 -0.1057082 -0.1251984 -0.03745195 0 -0.0482763 0 -0.0672825 0 -0.2909109 0 -0.3106262 -0.1600771 -0.5399754 0 -0.1231776 0.8194789 0 -0.159021 0 -0.1807155 -0.180641 0.05472003 -0.6319526 -0.10807 -0.6319526 -0.6319526 0 0 0 0 0 -0.1231776 0.2371003 -0.1556448 -0.10807 -0.3323344 -0.5523562 0 0 -0.6271789 0 0.8169091 0 0 0 -0.1109315 -0.1132278 -0.1132278 0 -0.4374042 -0.445317 -0.05303569 -0.6359169 -0.1478377 -0.5056659 -0.09127936 -0.3099517 -0.1231776 0 -0.5144157 -0.09127936 -0.6729215 0
0.32285 -0.07390408 -0.2869328 -0.2871403 -0.2869306 -0.1901814 -0.1899592 0 -0.0324706 0.1179403 -0.07390408 0 -0.2872408 1 -0.3200455 -0.0324706 -0.007731408 -0.2872913 0 -0.1878487 0 -0.1900744 0 0 0 0.1729404 -0.1900744 1.01 0 -0.1902002 -0.04587742 0 -0.270869 -0.07390408 -0.03136113 0.947083 -0.1162494 -0.1019306 -0.04294687 -0.116346 0 0.947083 -0.116056 0 0 -0.1900582 0 0 -0.03136113 0 0.947083 0 -0.1900582 0.143614 0.3364937 0 0.3364937 0 -0.116056 -0.1897567 -0.1897567 -0.0324706 0.1180382 -0.05080284 0 0 -0.1705235 0.1180382 0.1180382 -0.04294621 0.3192508 -0.09292171 0 0 -0.1021993 0 -0.03136113 0 0 -0.1700757 -0.1617638 0 0 0 -0.1439106 0.4758934 0 0.3222453 -0.1885831 -0.0324706 0 -0.03890352 -0.1726753 0.1139556 -0.1160132 -0.04256722 -0.1573647 0 0.3911354 0.07243414 0 -0.04198874 0.4759413 -0.04193197 0.3659583 0 -0.0332766 0 -0.04721757 0 -0.1552394 0 -0.1695343 -0.09140388 -0.3258309 0 -0.04245865 -0.1750986 0 -0.09138648 0 -0.1057677 -0.1059599 -0.06073543 -0.3786768 -0.1113153 -0.3786768 -0.3786768 0 0 0 0 0 -0.04245865 -0.05855915 0.8524018 -0.1113153 -0.1844762 -0.3045147 0 0 -0.3785686 0 -0.1751756 0 0 0 -0.04211906 -0.1160977 -0.1160977 0 -0.2428032 -0.2374907 -0.03156425 -0.35835 -0.1070842 -0.2824324 -0.0578703 -0.1696586 -0.04245865 0 -0.2879567 -0.0578703 0.1268372 0
0 0 0 0 0 0 0 0 0 0 0 0 0 0 0 0 0 0 0 0 0 0 0 0 0 0 0 0 1.01 0 0 0 0 0 0 0 0 0 0 0 0 0 0 0 0 0 0 0 0 0 0 0 0 0 0 0 0 0 0 0 0 0 0 0 0 0 0 0 0 0 0 0 0 0 0 0 0 0 0 0 0 0 0 0 0 0 0 0 0 0 0 0 0 0 0 0 0 0 0 0 0 0 0 0 0 0 0 0 0 0 0 0 0 0 0 0 0 0 0 0 0 0 0 0 0 0 0 0 0 0 0 0 0 0 0 0 0 0 0 0 0 0 0 0 0 0 0 0 0 0 0 0 0 0 0 0 0 0 0 0 0 0 0 0 0
-0.5401369 -0.1179274 -0.4669262 -0.4662009 -0.4658629 0.996152 0.9961508 0 -0.06507873 0.1819181 -0.1179274 0 -0.4624811 -0.1902002 -0.5215728 -0.06507873 0.02043797 -0.4662063 0 0.9806242 0 0.9967035 0 0 0 0.272165 0.9967035 -0.1902002 0 1.01 -0.09889626 0 -0.4994111 -0.1179274 -0.06543437 -0.1926591 -0.1913371 -0.1916105 -0.06076695 -0.1914921 0 -0.1926591 -0.1910268 0 0 0.9995876 0 0 -0.06543437 0 -0.1926591 0 0.9995876 0.2237454 -0.5683473 0 -0.5683473 0 -0.1910268 0.9994501 0.9994501 -0.06507873 0.1545721 -0.1003824 0 0 0.9767574 0.1545721 0.1545721 -0.06572896 -0.570291 -0.1420494 0 0 -0.1755594 0 -0.06543437 0 0 0.9770254 0.9425752 0 0 0 -0.2229401 -0.0929006 0 -0.5665921 -0.3740343 -0.06507873 0 -0.1226443 0.9930452 0.1853397 -0.1783109 -0.1117037 -0.2755352 0 -0.375956 0.1824989 0 -0.1245359 -0.1066007 -0.1255982 -0.03744241 0 -0.0486174 0 -0.067871 0 -0.2912087 0 -0.3109273 -0.1608684 -0.5417592 0 -0.1235669 0.822535 0 -0.159809 0 -0.1808841 -0.1808113 0.05373343 -0.6341746 -0.1092822 -0.6341746 -0.6341746 0 0 0 0 0 -0.1235669 0.2369002 -0.1560217 -0.1092822 -0.3328424 -0.5538122 0 0 -0.6294073 0 0.8199519 0 0 0 -0.1113664 -0.1145012 -0.1145012 0 -0.4380076 -0.4458366 -0.05346111 -0.6381749 -0.1480944 -0.5071603 -0.09196985 -0.3102488 -0.1235669 0 -0.5157356 -0.09196985 -0.675128 0
0.1597165 -0.03125444 0.1960737 0.1963397 0.1964424 -0.09814795 -0.09822584 0 -0.01101867 0.05796368 -0.03125444 0 0.1950312 -0.04587742 0.1788969 -0.01101867 -0.01360271 0.196197 0 -0.09766879 0 -0.09809712 0 0 0 0.08799254 -0.09809712 -0.04587742 0 -0.09889626 1.01 0 0.1839292 -0.03125444 -0.01114055 -0.04586448 -0.05998673 -0.06022235 -0.01683033 -0.06003343 0 -0.04586448 -0.0598933 0 0 -0.0968515 0 0 -0.01114055 0 -0.04586448 0 -0.0968515 0.06773041 0.1669973 0 0.1669973 0 -0.0598933 -0.09689047 -0.09689047 -0.01101867 0.05991164 -0.03030341 0 0 -0.09730444 0.05991164 0.05991164 -0.007057384 0.1668056 -0.03210205 0 0 0.5384532 0 -0.01114055 0 0 -0.09728048 -0.09100486 0 0 0 -0.06717542 -0.03480086 0 0.1675066 -0.1107621 -0.01101867 0 -0.02884671 -0.0976581 0.05990377 -0.055864 -0.02631798 0.3340062 0 -0.1165939 0.06086469 0 -0.02907759 -0.01952388 -0.02942211 -0.02780787 0 -0.01656177 0 -0.01859807 0 -0.09658952 0 -0.1027162 -0.05364862 0.1400713 0 -0.02855886 -0.1003674 0 -0.05333592 0 -0.05941248 -0.05950417 -0.03642267 0.1152421 -0.06575319 0.1152421 0.1152421 0 0 0 0 0 -0.02855886 -0.01092068 -0.04316667 -0.06575319 -0.1086438 0.1507397 0 0 0.1151528 0 -0.1009331 0 0 0 -0.02872856 -0.06732747 -0.06732747 0 -0.1431085 -0.1414392 -0.02021311 0.1134172 -0.06220602 -0.1784191 -0.02692909 -0.1024363 -0.02855886 0 -0.180414 -0.02692909 -0.006972525 0
0 0 0 0 0 0 0 0 0 0 0 0 0 0 0 0 0 0 0 0 0 0 0 0 0 0 0 0 0 0 0 1.01 0 0 0 0 0 0 0 0 0 0 0 0 0 0 0 0 0 0 0 0 0 0 0 0 0 0 0 0 0 0 0 0 0 0 0 0 0 0 0 0 0 0 0 0 0 0 0 0 0 0 0 0 0 0 0 0 0 0 0 0 0 0 0 0 0 0 0 0 0 0 0 0 0 0 0 0 0 0 0 0 0 0 0 0 0 0 0 0 0 0 0 0 0 0 0 0 0 0 0 0 0 0 0 0 0 0 0 0 0 0 0 0 0 0 0 0 0 0 0 0 0 0 0 0 0 0 0 0 0 0 0 0 0
0.6585061 0.2243933 0.8705104 0.8708822 0.8706138 -0.4975349 -0.4979481 0 -0.1137798 0.3034747 0.2243933 0 0.8678713 -0.270869 0.9191844 -0.1137798 0.02524885 0.8709726 0 -0.4912489 0 -0.498202 0 0 0 0.4264266 -0.498202 -0.270869 0 -0.4994111 0.1839292 0 1.01 0.2243933 -0.1143369 -0.3044108 -0.2962961 -0.2997623 0.1250623 -0.2958687 0 -0.3044108 -0.2971513 0 0 -0.4997957 0 0 -0.1143369 0 -0.3044108 0 -0.4997957 0.1357376 0.7217414 0 0.7217414 0 -0.2971513 -0.5000023 -0.5000023 -0.1137798 0.3040835 -0.135705 0 0 -0.4972271 0.3040835 0.3040835 0.1219026 0.7197086 0.3072691 0 0 0.3457878 0 -0.1143369 0 0 -0.4973257 -0.479963 0 0 0 -0.1374495 -0.1511223 0 0.7277141 0.7552778 -0.1137798 0 0.2083702 -0.5039298 0.2897211 -0.2952099 -0.1938509 0.06114193 0 0.3473456 0.28164 0 0.2016999 -0.1618468 0.1994601 -0.1320084 0 0.08326695 0 -0.1077695 0 0.5847492 0 0.6283435 -0.1506424 0.7409796 0 0.2003498 -0.5134142 0 -0.1523855 0 -0.2421992 -0.2420572 0.05779379 0.6777543 -0.09830338 0.6777543 0.6777543 0 0 0 0 0 0.2003498 -0.1240429 -0.2901351 -0.09830338 0.6674062 0.7162883 0 0 0.6737407 0 -0.5102133 0 0 0 0.1919615 -0.07800093 -0.07800093 0 0.5033739 0.5013445 0.1021833 0.6715471 -0.2453828 0.4348954 0.1686743 0.6275856 0.2003498 0 0.4470402 0.1686743 0.431133 0
-0.2128862 1 -0.1662308 -0.1670128 -0.1668913 -0.1176466 -0.1177389 0 -0.02575378 0.06512916 1 0 -0.1673619 -0.07390408 0.2162053 -0.02575378 -0.01470965 -0.1671002 0 -0.1140016 0 -0.1175868 0 0 0 0.09224528 -0.1175868 -0.07390408 0 -0.1179274 -0.03125444 0 0.2243933 1.01 -0.02587786 -0.06827566 -0.06119444 -0.06188469 0.5610485 -0.06038012 0 -0.06827566 -0.06108025 0 0 -0.1180659 0 0 -0.02587786 0 -0.06827566 0 -0.1180659 -0.5062234 -0.2057062 0 -0.2057062 0 -0.06108025 -0.1181121 -0.1181121 -0.02575378 0.06565346 -0.02581852 0 0 -0.1157925 0.06565346 0.06565346 0.5158414 -0.1993559 -0.04911913 0 0 -0.05861537 0 -0.02587786 0 0 -0.1157643 -0.1134098 0 0 0 0.498714 -0.03571477 0 -0.1966024 -0.1344478 -0.02575378 0 0.9612758 -0.1192608 0.05982511 -0.06360262 -0.04312899 -0.09848298 0 -0.1449953 0.06743555 0 0.9444914 -0.03267357 0.9415753 -0.0286469 0 -0.01548741 0 -0.02571783 0 -0.1168022 0 -0.1201267 -0.04739808 0.1732174 0 0.9362194 -0.119836 0 -0.04803691 0 -0.06904182 -0.0691509 -0.0377426 0.152205 -0.06109289 0.152205 0.152205 0 0 0 0 0 0.9362194 -0.03025823 -0.06177678 -0.06109289 -0.125816 0.184109 0 0 0.1515617 0 -0.1193214 0 0 0 0.921968 -0.06366765 -0.06366765 0 0.2248801 0.2264311 0.01266152 0.150078 -0.06956093 0.1902108 -0.02759884 -0.1197941 0.9362194 0 0.1860081 -0.02759884 0.09514709 0
-0.1267636 -0.02587786 -0.1056512 -0.1054913 -0.1054166 -0.06585088 -0.06396793 0 0.9982929 0.04876277 -0.02587786 0 -0.1055101 -0.03136113 0.1267357 0.9982929 -0.01099285 -0.1055444 0 -0.06379342 0 -0.06484203 0 0 0 0.0683572 -0.06484203 -0.03136113 0 -0.06543437 -0.01114055 0 -0.1143369 -0.02587786 1.01 -0.02986946 -0.04242442 -0.04335547 -0.006171496 -0.04245866 0 -0.02986946 -0.04235592 0 0 -0.06551963 0 0 1 0 -0.02986946 0 -0.06551963 0.05673442 -0.1218788 0 -0.1218788 0 -0.04235592 -0.06457939 -0.06457939 0.9982929 0.04336686 -0.02341558 0 0 -0.06373069 0.04336686 0.04336686 -0.02092486 -0.1227185 -0.03563747 0 0 -0.03078957 0 1 0 0 -0.06273729 -0.05988368 0 0 0 -0.05755103 0.002937233 0 -0.1218503 -0.09320355 0.9982929 0 -0.02953127 -0.06471411 0.04003214 -0.04725497 -0.029882 -0.06267773 0 -0.08899218 -0.3201403 0 -0.03068632 -0.01895818 -0.03091291 -0.01452539 0 -0.006885152 0 -0.01312212 0 -0.0806364 0 -0.08769867 -0.02953499 -0.1526814 0 -0.03035981 -0.06505298 0 -0.0292902 0 -0.05259006 -0.05265407 -0.02620284 -0.1706426 -0.03951637 -0.1706426 -0.1706426 0 0 0 0 0 -0.03035981 -0.0161263 -0.02596454 -0.03951637 -0.09080879 -0.1430264 0 0 -0.1697379 0 -0.06547568 0 0 0 -0.03145326 -0.04039464 -0.04039464 0 -0.1266592 -0.1245128 -0.008403105 -0.1708553 -0.05246857 -0.1490005 -0.01668957 -0.08750187 -0.03035981 0 -0.1497665 -0.01668957 -0.1821744 0
0.3191374 -0.06827566 -0.2570516 -0.2572663 -0.2570593 -0.1922931 -0.1920658 0 -0.03099054 0.1174565 -0.06827566 0 -0.2576605 0.947083 -0.2880233 -0.03099054 -0.006419686 -0.2574207 0 -0.189372 0 -0.1921888 0 0 0 0.1695097 -0.1921888 0.947083 0 -0.1926591 -0.04586448 0 -0.3044108 -0.06827566 -0.02986946 1.01 -0.1113735 -0.09690883 -0.04022041 -0.1114695 0 1 -0.1111814 0 0 -0.1925111 0 0 -0.02986946 0 1 0 -0.1925111 0.1400273 0.3328777 0 0.3328777 0 -0.1111814 -0.1922056 -0.1922056 -0.03099054 0.1141291 -0.05105898 0 0 -0.1717849 0.1141291 0.1141291 -0.04023224 0.3155359 -0.09294628 0 0 -0.1010337 0 -0.02986946 0 0 -0.171337 -0.1641657 0 0 0 -0.1403443 0.4798626 0 0.3181453 -0.2288024 -0.03099054 0 -0.03301385 -0.174532 0.1074497 -0.1157118 -0.0415196 -0.1549001 0 0.3842047 0.06706249 0 -0.03612325 0.5434756 -0.03606443 0.3675611 0 -0.03249278 0 -0.04584854 0 -0.1984142 0 -0.2117209 -0.08766965 -0.3582917 0 -0.03659154 -0.1770441 0 -0.08832116 0 -0.1048437 -0.1050333 -0.0557981 -0.4098335 -0.105443 -0.4098335 -0.4098335 0 0 0 0 0 -0.03659154 -0.05593047 0.9068374 -0.105443 -0.2248956 -0.3382833 0 0 -0.4097097 0 -0.1770917 0 0 0 -0.0362489 -0.1101871 -0.1101871 0 -0.2786461 -0.273215 -0.03418518 -0.3893276 -0.1066084 -0.3141529 -0.05511952 -0.2118827 -0.03659154 0 -0.3192101 -0.05511952 0.1269586 0
-0.2704677 -0.06119444 -0.1960649 -0.1956226 -0.1957637 -0.1894701 -0.1896228 0 -0.04221862 0.09191116 -0.06119444 0 -0.1972723 -0.1162494 -0.2268114 -0.04221862 -0.0255497 -0.1954415 0 -0.1857884 0 -0.1897668 0 0 0 -0.6205405 -0.1897668 -0.1162494 0 -0.1913371 -0.05998673 0 -0.2962961 -0.06119444 -0.04242442 -0.1113735 1.01 0.9909391 -0.03372952 0.9985711 0 -0.1113735 0.9994283 0 0 -0.1911697 0 0 -0.04242442 0 -0.1113735 0 -0.1911697 0.1134901 -0.3384694 0 -0.3384694 0 0.9994283 -0.191246 -0.191246 -0.04221862 -0.9672262 0.4786926 0 0 -0.1863962 -0.9672262 -0.9672262 -0.02892906 -0.3154059 -0.09950045 0 0 -0.1041846 0 -0.04242442 0 0 -0.1875403 -0.1832573 0 0 0 -0.1133337 -0.0537193 0 -0.3381977 -0.2257405 -0.04221862 0 -0.06132756 -0.1913875 -0.9747159 -0.086099 -0.06147942 -0.1531541 0 -0.1969126 -0.7925681 0 -0.04200605 -0.05648506 -0.04020426 -0.04781536 0 -0.01655639 0 0.3613303 0 -0.1663647 0 -0.1813461 0.6659218 -0.3230508 0 -0.04090832 0.07613723 0 0.6679105 0 -0.09738258 -0.09702087 -0.0541187 0.01158525 0.543154 0.01158525 0.01158525 0 0 0 0 0 -0.04090832 -0.02770095 -0.1010838 0.543154 -0.1879785 -0.3035573 0 0 0.01046873 0 0.07622045 0 0 0 -0.04358614 0.5218726 0.5218726 0 -0.2467247 -0.2432996 -0.02020653 0.007514374 -0.1011846 0.06942471 -0.03341652 -0.1815343 -0.04090832 0 0.06920835 -0.03341652 -0.01270843 0
