1.01 0 0 0 0 0 0 0 0 0 0 0 0 0 0 0 0 0 0 0 0 0 0 0 0 0 0 0 0 0 0 0 0 0 0 0 0 0 0 0 0 0 0 0 0 0 0 0 0 0 0 0 0 0 0 0 0 0 0 0 0 0 0 0 0 0 0 0 0 0 0 0 0 0 0 0 0 0 0 0 0 0 0 0 0 0 0 0 0 0 0 0 0 0 0 0 0 0 0 0 0 0 0 0 0 0 0 0 0 0 0 0 0 0 0 0 0 0 0 0 0 0 0 0 0 0 0 0 0 0 0 0 0 0 0 0 0 0 0 0 0 0 0 0 0 0 0 0 0 0 0 0 0 0 0 0 0 0 0 0 0 0 0 0 0 0 0 0 0 0 0
0 1.01 0 0 0 0 0 0 0 0 0 0 0 0 0 0 0 0 0 0 0 0 0 0 0 0 0 0 0 0 0 0 0 0 0 0 0 0 0 0 0 0 0 0 0 0 0 0 0 0 0 0 0 0 0 0 0 0 0 0 0 0 0 0 0 0 0 0 0 0 0 0 0 0 0 0 0 0 0 0 0 0 0 0 0 0 0 0 0 0 0 0 0 0 0 0 0 0 0 0 0 0 0 0 0 0 0 0 0 0 0 0 0 0 0 0 0 0 0 0 0 0 0 0 0 0 0 0 0 0 0 0 0 0 0 0 0 0 0 0 0 0 0 0 0 0 0 0 0 0 0 0 0 0 0 0 0 0 0 0 0 0 0 0 0 0 0 0 0 0 0
0 0 1.01 0 0 -0.02313763 -0.08361444 -0.1106411 0 -0.1130335 0 0.9650569 -0.1210788 0.9419475 0 -0.04418915 0 0 0 0 0.1317068 0 -0.02474697 0 0 0 0 -0.02664429 -0.1238363 -0.104916 0 0 -0.1225294 0 0 -0.00580487 0 0 0 -0.03358714 -0.06760818 -0.007567499 -0.03732466 -0.08874864 -0.03479432 0 -0.1129292 -0.0791772 0 -0.04051511 -0.08875023 0.01389671 0.03138949 0 0.382258 0.07702411 0 0 -0.09590356 -0.1238126 0 0 -0.1279976 -0.0424407 0 -0.03338794 0 -0.1083531 0 0 0 0 -0.04295621 0.1604039 -0.02157952 0 0 0 0 -0.04269251 0 0 0 -0.03111156 -0.0413435 -0.04190534 0 0 0 0 -0.06276265 0 0 0.03941781 0 -0.09212353 0 0 0 0 0 0 0 0.3835602 0 0.1602141 -0.03568569 -0.09050206 -0.06043631 0 0.01906551 0 0.2569413 0.2571433 0 0.2809854 0 0 -0.01643831 0 0.7576285 0 0 0.2150622 0.2150622 0.1390642 0.2146726 0.2150622 0.2150622 0 0.2150622 0.04813439 0 0 0.1390642 0 0.2150622 0 -0.07990083 0 0 0 0 0.2155 0 0.2148257 0 0 0 0 0.1458319 0.2150622 -0.06153163 0 0.3360062 0 0 -0.06153163 0 0 0 0.03232801 0 0 0.144476 0.1441674 0 0 0 0.1439318 -0.01640498
0 0 0 1.01 0 0 0 0 0 0 0 0 0 0 0 0 0 0 0 0 0 0 0 0 0 0 0 0 0 0 0 0 0 0 0 0 0 0 0 0 0 0 0 0 0 0 0 0 0 0 0 0 0 0 0 0 0 0 0 0 0 0 0 0 0 0 0 0 0 0 0 0 0 0 0 0 0 0 0 0 0 0 0 0 0 0 0 0 0 0 0 0 0 0 0 0 0 0 0 0 0 0 0 0 0 0 0 0 0 0 0 0 0 0 0 0 0 0 0 0 0 0 0 0 0 0 0 0 0 0 0 0 0 0 0 0 0 0 0 0 0 0 0 0 0 0 0 0 0 0 0 0 0 0 0 0 0 0 0 0 0 0 0 0 0 0 0 0 0 0 0
0 0 0 0 1.01 0 0 0 0 0 0 0 0 0 0 0 0 0 0 0 0 0 0 0 0 0 0 0 0 0 0 0 0 0 0 0 0 0 0 0 0 0 0 0 0 0 0 0 0 0 0 0 0 0 0 0 0 0 0 0 0 0 0 0 0 0 0 0 0 0 0 0 0 0 0 0 0 0 0 0 0 0 0 0 0 0 0 0 0 0 0 0 0 0 0 0 0 0 0 0 0 0 0 0 0 0 0 0 0 0 0 0 0 0 0 0 0 0 0 0 0 0 0 0 0 0 0 0 0 0 0 0 0 0 0 0 0 0 0 0 0 0 0 0 0 0 0 0 0 0 0 0 0 0 0 0 0 0 0 0 0 0 0 0 0 0 0 0 0 0 0
0 0 -0.02313763 0 0 1.01 -0.3013828 -0.452079 0 -0.4543513 0 -0.04273039 -0.4768447 -0.04804598 0 0.4854582 0 0 0 0 -0.0673851 0 -0.08639017 0 0 0 0 -0.08033902 0.1934248 -0.01227165 0 0 0.1993562 0 0 -0.03974497 0 0 0 0.150897 -0.2211024 -0.0001639028 0.3437402 -0.3251518 0.1325678 0 0.1704895 -0.2519965 0 0.4657884 -0.3301341 -0.0622346 0.2614507 0 -0.0603311 -0.02626866 0 0 -0.3200973 0.1893605 0 0 0.1656121 0.4570087 0 -0.09488426 0 -0.006098576 0 0 0 0 0.4489132 0.1376652 -0.01406038 0 0 0 0 0.4557657 0 0 0 -0.09140432 0.3809162 0.3774114 0 0 0 0 0.6158951 0 0 0.244004 0 -0.2978898 0 0 0 0 0 0 0 -0.05833965 0 0.1511263 -0.1013557 -0.2827782 0.6132294 0 0.04994459 0 0.4226226 0.4232789 0 0.3288777 0 0 -0.05307225 0 -0.01595849 0 0 0.3080242 0.3080242 0.07674387 0.307561 0.3080242 0.3080242 0 0.3080242 0.1960623 0 0 0.07674387 0 0.3080242 0 -0.2634897 0 0 0 0 0.3061295 0 0.3074867 0 0 0 0 0.1025386 0.3080242 0.4406748 0 -0.05194334 0 0 0.4406748 0 0 0 0.07527308 0 0 0.086546 0.08854736 0 0 0 0.08895291 -0.04657239
0 0 -0.08361444 0 0 -0.3013828 1.01 0.7092249 0 0.7056779 0 -0.07959994 0.6678584 -0.08215156 0 -0.09864339 0 0 0 0 0.5047133 0 -0.0839627 0 0 0 0 0.236132 0.6578609 0.7445657 0 0 0.6414962 0 0 0.03515374 0 0 0 0.2493726 0.6876813 0.092585 -0.09063229 0.8733185 -0.0697491 0 0.5150651 0.707204 0 -0.09325902 0.8871037 0.4139456 -0.09600647 0 -0.2063613 -0.07454883 0 0 -0.2876441 0.6341104 0 0 0.6229981 -0.09465442 0 -0.07802466 0 0.7178771 0 0 0 0 -0.09730593 0.4733995 0.04230731 0 0 0 0 -0.09550786 0 0 0 0.2612856 -0.09902193 -0.1004858 0 0 0 0 -0.1449162 0 0 -0.0906505 0 0.8014134 0 0 0 0 0 0 0 -0.2085069 0 0.4091026 0.292069 0.8062441 -0.141262 0 -0.05022529 0 -0.2729367 -0.272596 0 -0.2442137 0 0 -0.04550588 0 -0.08533079 0 0 -0.1243204 -0.1243204 0.4372934 -0.1245221 -0.1243204 -0.1243204 0 -0.1243204 -0.07661644 0 0 0.4372934 0 -0.1243204 0 0.7027287 0 0 0 0 -0.12729 0 -0.1245981 0 0 0 0 0.4622694 -0.1243204 0.03692109 0 -0.1957675 0 0 0.03692109 0 0 0 0.06970518 0 0 0.4429993 0.4415185 0 0 0 0.4419622 -0.04413993
0 0 -0.1106411 0 0 -0.452079 0.7092249 1.01 0 0.9914161 0 -0.1061332 0.9416688 -0.1079679 0 -0.2081528 0 0 0 0 0.6945174 0 -0.1076402 0 0 0 0 0.1742786 0.421473 0.5324019 0 0 0.4121938 0 0 0.05152971 0 0 0 0.1002803 0.5227849 0.1062398 -0.1335974 0.7130547 -0.1000123 0 0.354871 0.6023721 0 -0.2010063 0.7238463 0.515592 -0.1251394 0 0.2359323 0.09411333 0 0 -0.3051679 0.4074754 0 0 0.3926793 -0.2018361 0 -0.1056007 0 0.5109098 0 0 0 0 -0.2040944 0.5771944 0.009466876 0 0 0 0 -0.202524 0 0 0 0.1900783 -0.1559637 -0.1563554 0 0 0 0 -0.2680493 0 0 -0.1218846 0 0.652639 0 0 0 0 0 0 0 0.2332862 0 0.5213952 0.2138902 0.6588387 -0.262145 0 -0.06192105 0 -0.01672311 -0.01609519 0 0.02967482 0 0 -0.04886701 0 -0.115641 0 0 0.09943404 0.09943404 0.5551722 0.09920606 0.09943404 0.09943404 0 0.09943404 -0.1028198 0 0 0.5551722 0 0.09943404 0 0.5870376 0 0 0 0 0.1004116 0 0.09954932 0 0 0 0 0.4938729 0.09943404 -0.0942253 0 0.2217756 0 0 -0.0942253 0 0 0 0.09912844 0 0 0.5178279 0.5170648 0 0 0 0.5171555 0.1351654
0 0 0 0 0 0 0 0 1.01 0 0 0 0 0 0 0 0 0 0 0 0 0 0 0 0 0 0 0 0 0 0 0 0 0 0 0 0 0 0 0 0 0 0 0 0 0 0 0 0 0 0 0 0 0 0 0 0 0 0 0 0 0 0 0 0 0 0 0 0 0 0 0 0 0 0 0 0 0 0 0 0 0 0 0 0 0 0 0 0 0 0 0 0 0 0 0 0 0 0 0 0 0 0 0 0 0 0 0 0 0 0 0 0 0 0 0 0 0 0 0 0 0 0 0 0 0 0 0 0 0 0 0 0 0 0 0 0 0 0 0 0 0 0 0 0 0 0 0 0 0 0 0 0 0 0 0 0 0 0 0 0 0 0 0 0 0 0 0 0 0 0
0 0 -0.1130335 0 0 -0.4543513 0.7056779 0.9914161 0 1.01 0 -0.1084433 0.9479439 -0.1103399 0 -0.2096681 0 0 0 0 0.6989452 0 -0.1088952 0 0 0 0 0.1734531 0.4177683 0.5282212 0 0 0.4086181 0 0 0.05974786 0 0 0 0.09841139 0.5184168 0.09730252 -0.1347706 0.7095724 -0.09377289 0 0.3527445 0.5995149 0 -0.2023027 0.720173 0.5117428 -0.1269635 0 0.2480577 0.09259158 0 0 -0.3104513 0.4039787 0 0 0.3889089 -0.2032264 0 -0.1077712 0 0.5068226 0 0 0 0 -0.2055595 0.5724107 0.007893038 0 0 0 0 -0.203925 0 0 0 0.1875436 -0.1551495 -0.1555776 0 0 0 0 -0.268616 0 0 -0.1234868 0 0.6487779 0 0 0 0 0 0 0 0.2455334 0 0.5266858 0.2110133 0.6549155 -0.2625963 0 -0.06323997 0 -0.007376214 -0.006739442 0 0.03968787 0 0 -0.04881211 0 -0.117477 0 0 0.1076516 0.1076516 0.5608516 0.1074064 0.1076516 0.1076516 0 0.1076516 -0.1040922 0 0 0.5608516 0 0.1076516 0 0.5844607 0 0 0 0 0.1086485 0 0.1077555 0 0 0 0 0.4977458 0.1076516 -0.09633274 0 0.2343679 0 0 -0.09633274 0 0 0 0.1006535 0 0 0.523939 0.523163 0 0 0 0.5232416 0.1336058
0 0 0 0 0 0 0 0 0 0 1.01 0 0 0 0 0 0 0 0 0 0 0 0 0 0 0 0 0 0 0 0 0 0 0 0 0 0 0 0 0 0 0 0 0 0 0 0 0 0 0 0 0 0 0 0 0 0 0 0 0 0 0 0 0 0 0 0 0 0 0 0 0 0 0 0 0 0 0 0 0 0 0 0 0 0 0 0 0 0 0 0 0 0 0 0 0 0 0 0 0 0 0 0 0 0 0 0 0 0 0 0 0 0 0 0 0 0 0 0 0 0 0 0 0 0 0 0 0 0 0 0 0 0 0 0 0 0 0 0 0 0 0 0 0 0 0 0 0 0 0 0 0 0 0 0 0 0 0 0 0 0 0 0 0 0 0 0 0 0 0 0
0 0 0.9650569 0 0 -0.04273039 -0.07959994 -0.1061332 0 -0.1084433 0 1.01 -0.1158561 0.9762312 0 -0.04305151 0 0 0 0 0.1244461 0 -0.02693039 0 0 0 0 -0.02466838 -0.1187516 -0.09943259 0 0 -0.1168833 0 0 -0.00541388 0 0 0 -0.06228248 -0.06342436 -0.01344893 -0.03669 -0.08360569 -0.03291044 0 -0.1078072 -0.07388079 0 -0.03959629 -0.08341743 -0.0009536212 -0.03202649 0 0.3662737 0.07759624 0 0 -0.09309902 -0.1182945 0 0 -0.1215596 -0.04144944 0 -0.03105951 0 -0.1030182 0 0 0 0 -0.04186515 0.1540482 -0.02013693 0 0 0 0 -0.04169188 0 0 0 -0.02842019 -0.0405501 -0.04108954 0 0 0 0 -0.06140125 0 0 -0.02879807 0 -0.08548383 0 0 0 0 0 0 0 0.367398 0 0.1554373 -0.03283221 -0.08404759 -0.05916467 0 0.02182999 0 0.245134 0.2453294 0 0.2683234 0 0 -0.01507817 0 0.7877245 0 0 0.2023845 0.2023845 0.1319422 0.202012 0.2023845 0.2023845 0 0.2023845 -0.02702623 0 0 0.1319422 0 0.2023845 0 -0.07382849 0 0 0 0 0.2028083 0 0.2021577 0 0 0 0 0.1385188 0.2023845 -0.06121627 0 0.3195366 0 0 -0.06121627 0 0 0 0.02990917 0 0 0.1367811 0.1364818 0 0 0 0.1362558 -0.01408082
0 0 -0.1210788 0 0 -0.4768447 0.6678584 0.9416688 0 0.9479439 0 -0.1158561 1.01 -0.1182078 0 -0.2220587 0 0 0 0 0.6400221 0 -0.1117983 0 0 0 0 0.1646289 0.3717731 0.4844976 0 0 0.3620001 0 0 0.05180026 0 0 0 0.07917141 0.4913028 0.02042515 -0.1475736 0.6695585 -0.1020134 0 0.3121783 0.5642062 0 -0.2135998 0.6797359 0.4669245 -0.1324657 0 0.2246388 0.08541961 0 0 -0.2128483 0.357541 0 0 0.3436092 -0.2150011 0 0.2030493 0 0.4639754 0 0 0 0 -0.2173336 0.5104091 0.001454152 0 0 0 0 -0.2157542 0 0 0 0.1758869 -0.1665204 -0.1670849 0 0 0 0 -0.2856082 0 0 -0.1274441 0 0.6095663 0 0 0 0 0 0 0 0.2222904 0 0.4645082 0.1973191 0.6158721 -0.2796701 0 -0.0671963 0 -0.03883738 -0.03813583 0 0.0105071 0 0 -0.05055239 0 -0.1248744 0 0 0.07598412 0.07598412 0.5027222 0.07569544 0.07598412 0.07598412 0 0.07598412 -0.1018882 0 0 0.5027222 0 0.07598412 0 0.5477727 0 0 0 0 0.07688595 0 0.07604692 0 0 0 0 0.4434455 0.07598412 -0.1130734 0 0.2108813 0 0 -0.1130734 0 0 0 0.1081168 0 0 0.4669542 0.4662604 0 0 0 0.4663172 0.1296654
0 0 0.9419475 0 0 -0.04804598 -0.08215156 -0.1079679 0 -0.1103399 0 0.9762312 -0.1182078 1.01 0 -0.04681215 0 0 0 0 0.1151391 0 -0.02623793 0 0 0 0 -0.02603043 -0.1231656 -0.1036916 0 0 -0.1212524 0 0 -0.007278297 0 0 0 -0.06441811 -0.06632129 -0.008345281 -0.03845566 -0.0856921 -0.03421987 0 -0.1116085 -0.07702888 0 -0.04328942 -0.08564097 -0.006106324 -0.02834086 0 0.356988 0.07647586 0 0 -0.09310047 -0.1225795 0 0 -0.1260449 -0.04516435 0 -0.03266685 0 -0.1071827 0 0 0 0 -0.04561658 0.1431391 -0.0211338 0 0 0 0 -0.04541022 0 0 0 -0.0283309 -0.04113233 -0.04168751 0 0 0 0 -0.06471669 0 0 -0.02461667 0 -0.08832679 0 0 0 0 0 0 0 0.3581215 0 0.144015 -0.03300477 -0.0867504 -0.06243938 0 0.01998928 0 0.2352846 0.2354882 0 0.2588921 0 0 -0.01601356 0 0.7683192 0 0 0.2109517 0.2109517 0.1366931 0.2105673 0.2109517 0.2109517 0 0.2109517 -0.02634304 0 0 0.1366931 0 0.2109517 0 -0.07801205 0 0 0 0 0.2113855 0 0.2107181 0 0 0 0 0.1438215 0.2109517 -0.06149966 0 0.330737 0 0 -0.06149966 0 0 0 0.03157621 0 0 0.1413011 0.1409947 0 0 0 0.1407623 -0.01312287
0 0 0 0 0 0 0 0 0 0 0 0 0 0 1.01 0 0 0 0 0 0 0 0 0 0 0 0 0 0 0 0 0 0 0 0 0 0 0 0 0 0 0 0 0 0 0 0 0 0 0 0 0 0 0 0 0 0 0 0 0 0 0 0 0 0 0 0 0 0 0 0 0 0 0 0 0 0 0 0 0 0 0 0 0 0 0 0 0 0 0 0 0 0 0 0 0 0 0 0 0 0 0 0 0 0 0 0 0 0 0 0 0 0 0 0 0 0 0 0 0 0 0 0 0 0 0 0 0 0 0 0 0 0 0 0 0 0 0 0 0 0 0 0 0 0 0 0 0 0 0 0 0 0 0 0 0 0 0 0 0 0 0 0 0 0 0 0 0 0 0 0
0 0 -0.04418915 0 0 0.4854582 -0.09864339 -0.2081528 0 -0.2096681 0 -0.04305151 -0.2220587 -0.04681215 0 1.01 0 0 0 0 0.3325255 0 -0.04658126 0 0 0 0 -0.0314058 0.3800433 0.4428293 0 0 0.3840036 0 0 -0.02416111 0 0 0 0.07494045 -0.09714728 -0.1263058 0.6129248 -0.1577857 -0.03726453 0 0.2668815 -0.1445783 0 0.962728 -0.1608308 0.1728001 -0.04828986 0 -0.1304514 -0.03280712 0 0 -0.1461065 0.3600244 0 0 0.3371562 0.9515972 0 -0.04910423 0 0.4182402 0 0 0 0 0.9409166 0.260018 -0.02359943 0 0 0 0 0.9500315 0 0 0 -0.03194694 -0.07861548 -0.07966875 0 0 0 0 0.6829698 0 0 -0.04263723 0 -0.1637056 0 0 0 0 0 0 0 -0.128492 0 0.2592529 -0.03783727 -0.1601983 0.6916033 0 -0.03444164 0 0.4252749 0.4256659 0 0.2139939 0 0 -0.03285846 0 -0.003058755 0 0 0.1696639 0.1696639 0.05080497 0.1694624 0.1696639 0.1696639 0 0.1696639 -0.04049875 0 0 0.05080497 0 0.1696639 0 -0.1388045 0 0 0 0 0.1652874 0 0.1696603 0 0 0 0 0.06312918 0.1696639 0.3233556 0 -0.1098776 0 0 0.3233556 0 0 0 0.04881022 0 0 0.06186417 0.06080648 0 0 0 0.06151892 -0.04090805
0 0 0 0 0 0 0 0 0 0 0 0 0 0 0 0 1.01 0 0 0 0 0 0 0 0 0 0 0 0 0 0 0 0 0 0 0 0 0 0 0 0 0 0 0 0 0 0 0 0 0 0 0 0 0 0 0 0 0 0 0 0 0 0 0 0 0 0 0 0 0 0 0 0 0 0 0 0 0 0 0 0 0 0 0 0 0 0 0 0 0 0 0 0 0 0 0 0 0 0 0 0 0 0 0 0 0 0 0 0 0 0 0 0 0 0 0 0 0 0 0 0 0 0 0 0 0 0 0 0 0 0 0 0 0 0 0 0 0 0 0 0 0 0 0 0 0 0 0 0 0 0 0 0 0 0 0 0 0 0 0 0 0 0 0 0 0 0 0 0 0 0
0 0 0 0 0 0 0 0 0 0 0 0 0 0 0 0 0 1.01 0 0 0 0 0 0 0 0 0 0 0 0 0 0 0 0 0 0 0 0 0 0 0 0 0 0 0 0 0 0 0 0 0 0 0 0 0 0 0 0 0 0 0 0 0 0 0 0 0 0 0 0 0 0 0 0 0 0 0 0 0 0 0 0 0 0 0 0 0 0 0 0 0 0 0 0 0 0 0 0 0 0 0 0 0 0 0 0 0 0 0 0 0 0 0 0 0 0 0 0 0 0 0 0 0 0 0 0 0 0 0 0 0 0 0 0 0 0 0 0 0 0 0 0 0 0 0 0 0 0 0 0 0 0 0 0 0 0 0 0 0 0 0 0 0 0 0 0 0 0 0 0 0
0 0 0 0 0 0 0 0 0 0 0 0 0 0 0 0 0 0 1.01 0 0 0 0 0 0 0 0 0 0 0 0 0 0 0 0 0 0 0 0 0 0 0 0 0 0 0 0 0 0 0 0 0 0 0 0 0 0 0 0 0 0 0 0 0 0 0 0 0 0 0 0 0 0 0 0 0 0 0 0 0 0 0 0 0 0 0 0 0 0 0 0 0 0 0 0 0 0 0 0 0 0 0 0 0 0 0 0 0 0 0 0 0 0 0 0 0 0 0 0 0 0 0 0 0 0 0 0 0 0 0 0 0 0 0 0 0 0 0 0 0 0 0 0 0 0 0 0 0 0 0 0 0 0 0 0 0 0 0 0 0 0 0 0 0 0 0 0 0 0 0 0
0 0 0 0 0 0 0 0 0 0 0 0 0 0 0 0 0 0 0 1.01 0 0 0 0 0 0 0 0 0 0 0 0 0 0 0 0 0 0 0 0 0 0 0 0 0 0 0 0 0 0 0 0 0 0 0 0 0 0 0 0 0 0 0 0 0 0 0 0 0 0 0 0 0 0 0 0 0 0 0 0 0 0 0 0 0 0 0 0 0 0 0 0 0 0 0 0 0 0 0 0 0 0 0 0 0 0 0 0 0 0 0 0 0 0 0 0 0 0 0 0 0 0 0 0 0 0 0 0 0 0 0 0 0 0 0 0 0 0 0 0 0 0 0 0 0 0 0 0 0 0 0 0 0 0 0 0 0 0 0 0 0 0 0 0 0 0 0 0 0 0 0
0 0 0.1317068 0 0 -0.0673851 0.5047133 0.6945174 0 0.6989452 0 0.1244461 0.6400221 0.1151391 0 0.3325255 0 0 0 0 1.01 0 -0.1390622 0 0 0 0 0.12876 0.5223098 0.6794869 0 0 0.5174458 0 0 0.03115472 0 0 0 0.103575 0.3737182 -0.0333153 0.1922387 0.5266612 -0.1394586 0 0.4201496 0.4396725 0 0.3187669 0.5344511 0.6231854 0.1771304 0 0.4226367 0.08226348 0 0 -0.4361916 0.5010911 0 0 0.4706903 0.3119549 0 -0.1508008 0 0.6458955 0 0 0 0 0.3039218 0.7905993 0.005892158 0 0 0 0 0.3102217 0 0 0 0.1606504 -0.226212 -0.2276247 0 0 0 0 0.08094002 0 0 0.161674 0 0.4745388 0 0 0 0 0 0 0 0.415859 0 0.7570866 0.1748255 0.4835496 0.09238756 0 0.00897392 0 0.3975506 0.3985321 0 0.3387382 0 0 -0.07366935 0 0.168534 0 0 0.3549708 0.3549708 0.6726255 0.3545444 0.3549708 0.3549708 0 0.3549708 0.1386661 0 0 0.6726255 0 0.3549708 0 0.431243 0 0 0 0 0.3539848 0 0.3548871 0 0 0 0 0.6252479 0.3549708 0.04117985 0 0.4107778 0 0 0.04117985 0 0 0 0.1434296 0 0 0.6434221 0.6450342 0 0 0 0.6453263 0.09578038
0 0 0 0 0 0 0 0 0 0 0 0 0 0 0 0 0 0 0 0 0 1.01 0 0 0 0 0 0 0 0 0 0 0 0 0 0 0 0 0 0 0 0 0 0 0 0 0 0 0 0 0 0 0 0 0 0 0 0 0 0 0 0 0 0 0 0 0 0 0 0 0 0 0 0 0 0 0 0 0 0 0 0 0 0 0 0 0 0 0 0 0 0 0 0 0 0 0 0 0 0 0 0 0 0 0 0 0 0 0 0 0 0 0 0 0 0 0 0 0 0 0 0 0 0 0 0 0 0 0 0 0 0 0 0 0 0 0 0 0 0 0 0 0 0 0 0 0 0 0 0 0 0 0 0 0 0 0 0 0 0 0 0 0 0 0 0 0 0 0 0 0
0 0 -0.02474697 0 0 -0.08639017 -0.0839627 -0.1076402 0 -0.1088952 0 -0.02693039 -0.1117983 -0.02623793 0 -0.04658126 0 0 0 0 -0.1390622 0 1.01 0 0 0 0 -0.01540626 -0.1229838 -0.1058204 0 0 -0.1220923 0 0 -0.02366452 0 0 0 -0.05752309 -0.06067048 0.05919275 -0.04138436 -0.08393961 -0.02140975 0 -0.1055587 -0.07058996 0 -0.04532288 -0.08554096 -0.1109226 -0.01458045 0 -0.05864879 -0.02799254 0 0 0.2610208 -0.1210621 0 0 -0.1232886 -0.04687148 0 -0.01634036 0 -0.1038999 0 0 0 0 -0.04559394 -0.1583971 -0.01169957 0 0 0 0 -0.04449992 0 0 0 -0.02191475 -0.04024456 -0.02486109 0 0 0 0 -0.06326155 0 0 -0.01578147 0 -0.07900586 0 0 0 0 0 0 0 -0.05917642 0 -0.1514584 -0.02360598 -0.08001227 -0.06236825 0 -0.006850249 0 -0.09457805 -0.09434479 0 -0.08889744 0 0 -0.01938461 0 -0.02919531 0 0 -0.09778673 -0.09778673 -0.1463413 -0.09793371 -0.09778673 -0.09778673 0 -0.09778673 -0.009456388 0 0 -0.1463413 0 -0.09778673 0 -0.07105826 0 0 0 0 -0.09810359 0 -0.0979108 0 0 0 0 -0.1427172 -0.09778673 -0.06467925 0 -0.05943145 0 0 -0.06467925 0 0 0 0.03163175 0 0 -0.1401783 -0.1406019 0 0 0 -0.140674 -0.02684875
0 0 0 0 0 0 0 0 0 0 0 0 0 0 0 0 0 0 0 0 0 0 0 1.01 0 0 0 0 0 0 0 0 0 0 0 0 0 0 0 0 0 0 0 0 0 0 0 0 0 0 0 0 0 0 0 0 0 0 0 0 0 0 0 0 0 0 0 0 0 0 0 0 0 0 0 0 0 0 0 0 0 0 0 0 0 0 0 0 0 0 0 0 0 0 0 0 0 0 0 0 0 0 0 0 0 0 0 0 0 0 0 0 0 0 0 0 0 0 0 0 0 0 0 0 0 0 0 0 0 0 0 0 0 0 0 0 0 0 0 0 0 0 0 0 0 0 0 0 0 0 0 0 0 0 0 0 0 0 0 0 0 0 0 0 0 0 0 0 0 0 0
0 0 0 0 0 0 0 0 0 0 0 0 0 0 0 0 0 0 0 0 0 0 0 0 1.01 0 0 0 0 0 0 0 0 0 0 0 0 0 0 0 0 0 0 0 0 0 0 0 0 0 0 0 0 0 0 0 0 0 0 0 0 0 0 0 0 0 0 0 0 0 0 0 0 0 0 0 0 0 0 0 0 0 0 0 0 0 0 0 0 0 0 0 0 0 0 0 0 0 0 0 0 0 0 0 0 0 0 0 0 0 0 0 0 0 0 0 0 0 0 0 0 0 0 0 0 0 0 0 0 0 0 0 0 0 0 0 0 0 0 0 0 0 0 0 0 0 0 0 0 0 0 0 0 0 0 0 0 0 0 0 0 0 0 0 0 0 0 0 0 0 0
0 0 0 0 0 0 0 0 0 0 0 0 0 0 0 0 0 0 0 0 0 0 0 0 0 1.01 0 0 0 0 0 0 0 0 0 0 0 0 0 0 0 0 0 0 0 0 0 0 0 0 0 0 0 0 0 0 0 0 0 0 0 0 0 0 0 0 0 0 0 0 0 0 0 0 0 0 0 0 0 0 0 0 0 0 0 0 0 0 0 0 0 0 0 0 0 0 0 0 0 0 0 0 0 0 0 0 0 0 0 0 0 0 0 0 0 0 0 0 0 0 0 0 0 0 0 0 0 0 0 0 0 0 0 0 0 0 0 0 0 0 0 0 0 0 0 0 0 0 0 0 0 0 0 0 0 0 0 0 0 0 0 0 0 0 0 0 0 0 0 0 0
0 0 0 0 0 0 0 0 0 0 0 0 0 0 0 0 0 0 0 0 0 0 0 0 0 0 1.01 0 0 0 0 0 0 0 0 0 0 0 0 0 0 0 0 0 0 0 0 0 0 0 0 0 0 0 0 0 0 0 0 0 0 0 0 0 0 0 0 0 0 0 0 0 0 0 0 0 0 0 0 0 0 0 0 0 0 0 0 0 0 0 0 0 0 0 0 0 0 0 0 0 0 0 0 0 0 0 0 0 0 0 0 0 0 0 0 0 0 0 0 0 0 0 0 0 0 0 0 0 0 0 0 0 0 0 0 0 0 0 0 0 0 0 0 0 0 0 0 0 0 0 0 0 0 0 0 0 0 0 0 0 0 0 0 0 0 0 0 0 0 0 0
0 0 -0.02664429 0 0 -0.08033902 0.236132 0.1742786 0 0.1734531 0 -0.02466838 0.1646289 -0.02603043 0 -0.0314058 0 0 0 0 0.12876 0 -0.01540626 0 0 0 0 1.01 0.1536241 0.183214 0 0 0.1556559 0 0 -0.02694828 0 0 0 0.2050971 0.2305703 -0.03367389 -0.03595744 0.226642 -0.01814971 0 0.169568 0.2270046 0 -0.03062356 0.2235511 0.1550891 -0.02400818 0 -0.05404168 -0.02596086 0 0 -0.06411579 0.1585949 0 0 0.1561628 -0.03064107 0 -0.01903448 0 0.184518 0 0 0 0 -0.03045263 0.1155315 -0.01531234 0 0 0 0 -0.0308339 0 0 0 -0.02112125 -0.03394408 -0.0343602 0 0 0 0 -0.04707014 0 0 -0.02746631 0 0.2062241 0 0 0 0 0 0 0 -0.05696061 0 0.09495083 -0.01691417 0.2112844 -0.04643079 0 -0.0186906 0 -0.08057297 -0.08036702 0 -0.07447126 0 0 -0.0112564 0 -0.0261144 0 0 -0.08699394 -0.08699394 0.1016554 -0.08712381 -0.08699394 -0.08699394 0 -0.08699394 -0.0212691 0 0 0.1016554 0 -0.08699394 0 0.2338832 0 0 0 0 -0.08659583 0 -0.08710369 0 0 0 0 0.1077407 -0.08699394 -0.05484075 0 -0.05559344 0 0 -0.05484075 0 0 0 0.02253688 0 0 0.1067698 0.1065338 0 0 0 0.1063564 -0.02171266
0 0 -0.1238363 0 0 0.1934248 0.6578609 0.421473 0 0.4177683 0 -0.1187516 0.3717731 -0.1231656 0 0.3800433 0 0 0 0 0.5223098 0 -0.1229838 0 0 0 0 0.1536241 1.01 0.8554277 0 0 0.989166 0 0 0.008021187 0 0 0 0.3288871 0.490373 0.05009166 0.2998115 0.6801905 0.100449 0 0.8532353 0.5645447 0 0.3791048 0.6877717 0.4429001 -0.1381343 0 -0.3289488 0.08973258 0 0 -0.4127863 0.9696966 0 0 0.9420419 0.371512 0 -0.1192996 0 0.8352634 0 0 0 0 0.3630818 0.7156322 0.008108413 0 0 0 0 0.3696849 0 0 0 0.2103149 0.3382885 0.3341965 0 0 0 0 0.5181351 0 0 -0.1263035 0 0.6295519 0 0 0 0 0 0 0 -0.3222017 0 0.6606175 0.2269128 0.647008 0.5188024 0 -0.04400953 0 0.1423845 0.1431317 0 0.06088804 0 0 -0.06140015 0 -0.1057 0 0 0.1071808 0.1071808 0.5493201 0.1069951 0.1071808 0.1071808 0 0.1071808 -0.1126684 0 0 0.5493201 0 0.1071808 0 0.5695175 0 0 0 0 0.105655 0 0.1069456 0 0 0 0 0.5814994 0.1071808 0.4176359 0 -0.2843909 0 0 0.4176359 0 0 0 0.1139021 0 0 0.5119575 0.5105561 0 0 0 0.5105166 0.1378886
0 0 -0.104916 0 0 -0.01227165 0.7445657 0.5324019 0 0.5282212 0 -0.09943259 0.4844976 -0.1036916 0 0.4428293 0 0 0 0 0.6794869 0 -0.1058204 0 0 0 0 0.183214 0.8554277 1.01 0 0 0.8651043 0 0 0.03387232 0 0 0 0.2126062 0.5762411 0.01003403 0.2774703 0.7965683 -0.08835653 0 0.7134178 0.6481693 0 0.4411166 0.8058737 0.5337088 -0.1164755 0 -0.2991846 0.06293071 0 0 -0.3553378 0.8444459 0 0 0.8197514 0.4348169 0 -0.1065319 0 0.9616645 0 0 0 0 0.4265996 0.613184 0.02440026 0 0 0 0 0.4331194 0 0 0 0.2384422 -0.1439155 -0.1459477 0 0 0 0 0.2343635 0 0 -0.1070477 0 0.7265937 0 0 0 0 0 0 0 -0.2967467 0 0.5584351 0.2605188 0.7362313 0.2434725 0 -0.02458185 0 -0.04969703 -0.04910108 0 -0.1509277 0 0 -0.06009039 0 -0.08281331 0 0 -0.07028519 -0.07028519 0.4584537 -0.07036295 -0.07028519 -0.07028519 0 -0.07028519 -0.09262194 0 0 0.4584537 0 -0.07028519 0 0.6655397 0 0 0 0 -0.07228278 0 -0.0703221 0 0 0 0 0.4876269 -0.07028519 0.1827073 0 -0.2736378 0 0 0.1827073 0 0 0 0.09842228 0 0 0.4199543 0.4185581 0 0 0 0.4187224 0.1406575
0 0 0 0 0 0 0 0 0 0 0 0 0 0 0 0 0 0 0 0 0 0 0 0 0 0 0 0 0 0 1.01 0 0 0 0 0 0 0 0 0 0 0 0 0 0 0 0 0 0 0 0 0 0 0 0 0 0 0 0 0 0 0 0 0 0 0 0 0 0 0 0 0 0 0 0 0 0 0 0 0 0 0 0 0 0 0 0 0 0 0 0 0 0 0 0 0 0 0 0 0 0 0 0 0 0 0 0 0 0 0 0 0 0 0 0 0 0 0 0 0 0 0 0 0 0 0 0 0 0 0 0 0 0 0 0 0 0 0 0 0 0 0 0 0 0 0 0 0 0 0 0 0 0 0 0 0 0 0 0 0 0 0 0 0 0 0 0 0 0 0 0
0 0 0 0 0 0 0 0 0 0 0 0 0 0 0 0 0 0 0 0 0 0 0 0 0 0 0 0 0 0 0 1.01 0 0 0 0 0 0 0 0 0 0 0 0 0 0 0 0 0 0 0 0 0 0 0 0 0 0 0 0 0 0 0 0 0 0 0 0 0 0 0 0 0 0 0 0 0 0 0 0 0 0 0 0 0 0 0 0 0 0 0 0 0 0 0 0 0 0 0 0 0 0 0 0 0 0 0 0 0 0 0 0 0 0 0 0 0 0 0 0 0 0 0 0 0 0 0 0 0 0 0 0 0 0 0 0 0 0 0 0 0 0 0 0 0 0 0 0 0 0 0 0 0 0 0 0 0 0 0 0 0 0 0 0 0 0 0 0 0 0 0
0 0 -0.1225294 0 0 0.1993562 0.6414962 0.4121938 0 0.4086181 0 -0.1168833 0.3620001 -0.1212524 0 0.3840036 0 0 0 0 0.5174458 0 -0.1220923 0 0 0 0 0.1556559 0.989166 0.8651043 0 0 1.01 0 0 0.009028385 0 0 0 0.3325644 0.4974498 0.04801037 0.3005622 0.6881842 0.1040306 0 0.8619486 0.5682977 0 0.3818035 0.6958826 0.4514731 -0.1367521 0 -0.3490012 0.08925778 0 0 -0.4102531 0.9802358 0 0 0.952749 0.3749976 0 -0.1216342 0 0.8448853 0 0 0 0 0.3666039 0.7112248 0.00939781 0 0 0 0 0.3731756 0 0 0 0.2110975 0.3409605 0.336881 0 0 0 0 0.5227283 0 0 -0.1250902 0 0.6370105 0 0 0 0 0 0 0 -0.3423811 0 0.6558946 0.2280623 0.6548545 0.5235967 0 -0.03965148 0 0.1301088 0.13085 0 0.04814826 0 0 -0.06164947 0 -0.1036485 0 0 0.09599789 0.09599789 0.5447879 0.0958293 0.09599789 0.09599789 0 0.09599789 -0.1117496 0 0 0.5447879 0 0.09599789 0 0.5771091 0 0 0 0 0.09445166 0 0.09577249 0 0 0 0 0.5764197 0.09599789 0.4231488 0 -0.3041951 0 0 0.4231488 0 0 0 0.1127795 0 0 0.5073013 0.5059093 0 0 0 0.5058791 0.1382346
0 0 0 0 0 0 0 0 0 0 0 0 0 0 0 0 0 0 0 0 0 0 0 0 0 0 0 0 0 0 0 0 0 1.01 0 0 0 0 0 0 0 0 0 0 0 0 0 0 0 0 0 0 0 0 0 0 0 0 0 0 0 0 0 0 0 0 0 0 0 0 0 0 0 0 0 0 0 0 0 0 0 0 0 0 0 0 0 0 0 0 0 0 0 0 0 0 0 0 0 0 0 0 0 0 0 0 0 0 0 0 0 0 0 0 0 0 0 0 0 0 0 0 0 0 0 0 0 0 0 0 0 0 0 0 0 0 0 0 0 0 0 0 0 0 0 0 0 0 0 0 0 0 0 0 0 0 0 0 0 0 0 0 0 0 0 0 0 0 0 0 0
0 0 0 0 0 0 0 0 0 0 0 0 0 0 0 0 0 0 0 0 0 0 0 0 0 0 0 0 0 0 0 0 0 0 1.01 0 0 0 0 0 0 0 0 0 0 0 0 0 0 0 0 0 0 0 0 0 0 0 0 0 0 0 0 0 0 0 0 0 0 0 0 0 0 0 0 0 0 0 0 0 0 0 0 0 0 0 0 0 0 0 0 0 0 0 0 0 0 0 0 0 0 0 0 0 0 0 0 0 0 0 0 0 0 0 0 0 0 0 0 0 0 0 0 0 0 0 0 0 0 0 0 0 0 0 0 0 0 0 0 0 0 0 0 0 0 0 0 0 0 0 0 0 0 0 0 0 0 0 0 0 0 0 0 0 0 0 0 0 0 0 0
0 0 -0.00580487 0 0 -0.03974497 0.03515374 0.05152971 0 0.05974786 0 -0.00541388 0.05180026 -0.007278297 0 -0.02416111 0 0 0 0 0.03115472 0 -0.02366452 0 0 0 0 -0.02694828 0.008021187 0.03387232 0 0 0.009028385 0 0 1.01 0 0 0 -0.026004 -0.04694188 -0.1733187 -0.01527284 0.0555764 -0.02938761 0 0.05586408 0.1160221 0 -0.02418173 0.05427053 0.0108604 -0.02254687 0 -0.007092389 0.2672822 0 0 -0.02300224 0.01016557 0 0 0.007962187 -0.02305124 0 -0.02441108 0 0.0355047 0 0 0 0 -0.02444778 0.003105471 -0.008808246 0 0 0 0 -0.02326295 0 0 0 -0.02177448 -0.04651399 -0.04690565 0 0 0 0 -0.05104291 0 0 -0.02036213 0 0.05893074 0 0 0 0 0 0 0 -0.008502163 0 0.008571971 -0.02268231 0.06118671 -0.05027572 0 0.1869107 0 -0.04521849 -0.04501012 0 -0.0339265 0 0 0.00110603 0 -0.003889739 0 0 -0.04140865 -0.04140865 0.01783598 -0.04157778 -0.04140865 -0.04140865 0 -0.04140865 -0.01554813 0 0 0.01783598 0 -0.04140865 0 0.07285839 0 0 0 0 -0.04100446 0 -0.04153757 0 0 0 0 0.02212787 -0.04140865 -0.04667069 0 -0.005748623 0 0 -0.04667069 0 0 0 0.01257995 0 0 -0.01739855 -0.0177238 0 0 0 -0.01784618 0.1498126
0 0 0 0 0 0 0 0 0 0 0 0 0 0 0 0 0 0 0 0 0 0 0 0 0 0 0 0 0 0 0 0 0 0 0 0 1.01 0 0 0 0 0 0 0 0 0 0 0 0 0 0 0 0 0 0 0 0 0 0 0 0 0 0 0 0 0 0 0 0 0 0 0 0 0 0 0 0 0 0 0 0 0 0 0 0 0 0 0 0 0 0 0 0 0 0 0 0 0 0 0 0 0 0 0 0 0 0 0 0 0 0 0 0 0 0 0 0 0 0 0 0 0 0 0 0 0 0 0 0 0 0 0 0 0 0 0 0 0 0 0 0 0 0 0 0 0 0 0 0 0 0 0 0 0 0 0 0 0 0 0 0 0 0 0 0 0 0 0 0 0 0
0 0 0 0 0 0 0 0 0 0 0 0 0 0 0 0 0 0 0 0 0 0 0 0 0 0 0 0 0 0 0 0 0 0 0 0 0 1.01 0 0 0 0 0 0 0 0 0 0 0 0 0 0 0 0 0 0 0 0 0 0 0 0 0 0 0 0 0 0 0 0 0 0 0 0 0 0 0 0 0 0 0 0 0 0 0 0 0 0 0 0 0 0 0 0 0 0 0 0 0 0 0 0 0 0 0 0 0 0 0 0 0 0 0 0 0 0 0 0 0 0 0 0 0 0 0 0 0 0 0 0 0 0 0 0 0 0 0 0 0 0 0 0 0 0 0 0 0 0 0 0 0 0 0 0 0 0 0 0 0 0 0 0 0 0 0 0 0 0 0 0 0
0 0 0 0 0 0 0 0 0 0 0 0 0 0 0 0 0 0 0 0 0 0 0 0 0 0 0 0 0 0 0 0 0 0 0 0 0 0 1.01 0 0 0 0 0 0 0 0 0 0 0 0 0 0 0 0 0 0 0 0 0 0 0 0 0 0 0 0 0 0 0 0 0 0 0 0 0 0 0 0 0 0 0 0 0 0 0 0 0 0 0 0 0 0 0 0 0 0 0 0 0 0 0 0 0 0 0 0 0 0 0 0 0 0 0 0 0 0 0 0 0 0 0 0 0 0 0 0 0 0 0 0 0 0 0 0 0 0 0 0 0 0 0 0 0 0 0 0 0 0 0 0 0 0 0 0 0 0 0 0 0 0 0 0 0 0 0 0 0 0 0 0
0 0 -0.03358714 0 0 0.150897 0.2493726 0.1002803 0 0.09841139 0 -0.06228248 0.07917141 -0.06441811 0 0.07494045 0 0 0 0 0.103575 0 -0.05752309 0 0 0 0 0.2050971 0.3288871 0.2126062 0 0 0.3325644 0 0 -0.026004 0 0 0 1.01 0.2639499 0.08478838 0.06848084 0.1883757 0.2050675 0 0.2769618 0.138311 0 0.08012256 0.1833264 0.1063039 -0.004494642 0 -0.1326688 -0.04232531 0 0 -0.1552891 0.3459239 0 0 0.3392032 0.09886675 0 -0.05869308 0 0.2510486 0 0 0 0 0.09501377 0.2447338 0.0008965692 0 0 0 0 0.09811637 0 0 0 -0.05898372 0.2110778 0.2092541 0 0 0 0 0.2221421 0 0 0.002248293 0 0.2029663 0 0 0 0 0 0 0 -0.1326988 0 0.2309428 -0.05833062 0.2085011 0.2232312 0 -0.0410483 0 0.06720473 0.06740122 0 0.06237948 0 0 -0.02254776 0 -0.07108479 0 0 0.1682082 0.1682082 0.2032263 0.1678907 0.1682082 0.1682082 0 0.1682082 -0.01216936 0 0 0.2032263 0 0.1682082 0 0.05800487 0 0 0 0 0.1636004 0 0.1677772 0 0 0 0 0.2176423 0.1682082 0.3200689 0 -0.1084323 0 0 0.3200689 0 0 0 0.05484714 0 0 0.2070716 0.2066453 0 0 0 0.2064948 -0.01081228
0 0 -0.06760818 0 0 -0.2211024 0.6876813 0.5227849 0 0.5184168 0 -0.06342436 0.4913028 -0.06632129 0 -0.09714728 0 0 0 0 0.3737182 0 -0.06067048 0 0 0 0 0.2305703 0.490373 0.5762411 0 0 0.4974498 0 0 -0.04694188 0 0 0 0.2639499 1.01 0.1439474 -0.1003739 0.7097933 -0.03503363 0 0.4606895 0.5651002 0 -0.0955732 0.7003319 0.3753693 -0.06584372 0 -0.1680552 -0.04924366 0 0 -0.2009607 0.4870958 0 0 0.4779424 -0.09565882 0 -0.06577099 0 0.5441335 0 0 0 0 -0.09914881 0.3555574 -0.04598749 0 0 0 0 -0.09627814 0 0 0 -0.06676805 -0.06326436 -0.06420665 0 0 0 0 -0.1201897 0 0 -0.06246641 0 0.6360052 0 0 0 0 0 0 0 -0.1671625 0 0.3243558 -0.07057844 0.6472158 -0.1170428 0 -0.03094112 0 -0.2215792 -0.221237 0 -0.1975035 0 0 -0.0412493 0 -0.06561436 0 0 -0.1075792 -0.1075792 0.3477437 -0.107803 -0.1075792 -0.1075792 0 -0.1075792 -0.0517489 0 0 0.3477437 0 -0.1075792 0 0.5672669 0 0 0 0 -0.1075702 0 -0.1079779 0 0 0 0 0.3620313 -0.1075792 0.01359128 0 -0.1508827 0 0 0.01359128 0 0 0 0.06269231 0 0 0.3490094 0.348259 0 0 0 0.3482568 -0.01960039
0 0 -0.007567499 0 0 -0.0001639028 0.092585 0.1062398 0 0.09730252 0 -0.01344893 0.02042515 -0.008345281 0 -0.1263058 0 0 0 0 -0.0333153 0 0.05919275 0 0 0 0 -0.03367389 0.05009166 0.01003403 0 0 0.04801037 0 0 -0.1733187 0 0 0 0.08478838 0.1439474 1.01 -0.05575458 0.1119466 0.04129735 0 0.02378345 0.06130485 0 -0.1373635 0.09706493 0.04434826 -0.09917879 0 -0.06479958 -0.0488037 0 0 -0.06834213 0.0320665 0 0 0.03785042 -0.1516822 0 -0.2427703 0 -0.007205008 0 0 0 0 -0.1608214 0.004489909 -0.05461786 0 0 0 0 -0.1507417 0 0 0 -0.007750527 0.07686507 0.07736746 0 0 0 0 -0.0620026 0 0 -0.1134957 0 0.05224273 0 0 0 0 0 0 0 -0.06489822 0 -0.004277178 0.003921011 0.09274604 -0.06721047 0 -0.0857634 0 -0.09918694 -0.09952964 0 -0.1025575 0 0 -0.1691361 0 -0.04249984 0 0 -0.05661898 -0.05661898 -0.007663816 -0.05651902 -0.05661898 -0.05661898 0 -0.05661898 -0.1067716 0 0 -0.007663816 0 -0.05661898 0 0.05902638 0 0 0 0 -0.05702256 0 -0.05643277 0 0 0 0 -0.01599476 -0.05661898 -0.0221252 0 -0.05009296 0 0 -0.0221252 0 0 0 -0.007618152 0 0 -0.007336524 -0.006575311 0 0 0 -0.006139068 -0.01041891
0 0 -0.03732466 0 0 0.3437402 -0.09063229 -0.1335974 0 -0.1347706 0 -0.03669 -0.1475736 -0.03845566 0 0.6129248 0 0 0 0 0.1922387 0 -0.04138436 0 0 0 0 -0.03595744 0.2998115 0.2774703 0 0 0.3005622 0 0 -0.01527284 0 0 0 0.06848084 -0.1003739 -0.05575458 1.01 -0.1040074 -0.02393261 0 0.3039129 -0.1026062 0 0.6360688 -0.1048223 0.1012269 -0.03500247 0 -0.09487602 -0.02988673 0 0 -0.1356579 0.3157891 0 0 0.2916917 0.6552823 0 -0.04672181 0 0.2934493 0 0 0 0 0.648196 0.241743 -0.01785239 0 0 0 0 0.65413 0 0 0 -0.03366702 0.07049988 0.06908516 0 0 0 0 0.5569062 0 0 -0.03331752 0 -0.1071155 0 0 0 0 0 0 0 -0.09455963 0 0.2416255 -0.03983302 -0.1018932 0.562157 0 -0.02477667 0 0.3510166 0.3513375 0 0.08480042 0 0 -0.02774338 0 -0.04168502 0 0 0.06451418 0.06451418 -0.03585702 0.06408972 0.06451418 0.06451418 0 0.06451418 -0.03415611 0 0 -0.03585702 0 0.06451418 0 -0.1236887 0 0 0 0 0.06526091 0 0.06466441 0 0 0 0 -0.02826932 0.06451418 0.1770909 0 -0.09639165 0 0 0.1770909 0 0 0 0.0346174 0 0 -0.02683545 -0.02663933 0 0 0 -0.02688077 -0.03226214
0 0 -0.08874864 0 0 -0.3251518 0.8733185 0.7130547 0 0.7095724 0 -0.08360569 0.6695585 -0.0856921 0 -0.1577857 0 0 0 0 0.5266612 0 -0.08393961 0 0 0 0 0.226642 0.6801905 0.7965683 0 0 0.6881842 0 0 0.0555764 0 0 0 0.1883757 0.7097933 0.1119466 -0.1040074 1.01 -0.07169651 0 0.611992 0.8040431 0 -0.1557606 0.9877687 0.4797744 -0.09583511 0 -0.2433234 0.09369298 0 0 -0.2960402 0.6840754 0 0 0.6715193 -0.1556338 0 -0.08536104 0 0.7735568 0 0 0 0 -0.1575256 0.4955356 0.04293841 0 0 0 0 -0.1564607 0 0 0 0.2911653 -0.1051309 -0.1066688 0 0 0 0 -0.1966174 0 0 -0.08857208 0 0.8991529 0 0 0 0 0 0 0 -0.2419456 0 0.4348774 0.314973 0.907488 -0.1923724 0 -0.003114599 0 -0.3384674 -0.3380762 0 -0.3078437 0 0 -0.04381013 0 -0.09297021 0 0 -0.1886455 -0.1886455 0.4631515 -0.1885898 -0.1886455 -0.1886455 0 -0.1886455 -0.07332941 0 0 0.4631515 0 -0.1886455 0 0.8131243 0 0 0 0 -0.1877005 0 -0.1886785 0 0 0 0 0.486817 -0.1886455 -0.01053738 0 -0.2295694 0 0 -0.01053738 0 0 0 0.07647889 0 0 0.4126959 0.411858 0 0 0 0.4115757 0.184672
0 0 -0.03479432 0 0 0.1325678 -0.0697491 -0.1000123 0 -0.09377289 0 -0.03291044 -0.1020134 -0.03421987 0 -0.03726453 0 0 0 0 -0.1394586 0 -0.02140975 0 0 0 0 -0.01814971 0.100449 -0.08835653 0 0 0.1040306 0 0 -0.02938761 0 0 0 0.2050675 -0.03503363 0.04129735 -0.02393261 -0.07169651 1.01 0 0.1211261 -0.07003079 0 -0.03761251 -0.0722423 -0.08149149 -0.02540174 0 -0.07738135 -0.02532353 0 0 -0.04465652 0.1037638 0 0 0.1003163 -0.03912308 0 -0.01461705 0 -0.04860404 0 0 0 0 -0.03901231 0.04578939 -0.02133472 0 0 0 0 -0.03932165 0 0 0 -0.01041466 0.2978885 0.2960861 0 0 0 0 0.1746721 0 0 -0.02333448 0 -0.02784376 0 0 0 0 0 0 0 -0.07496147 0 0.04768839 -0.01446621 -0.001339248 0.1473646 0 -0.01629554 0 0.05376442 0.05395721 0 0.0611257 0 0 -0.003741808 0 -0.03660323 0 0 0.08142181 0.08142181 0.04779035 0.08116801 0.08142181 0.08142181 0 0.08142181 -0.02974693 0 0 0.04779035 0 0.08142181 0 -0.03578504 0 0 0 0 0.08097962 0 0.08125632 0 0 0 0 0.05744146 0.08142181 0.1791443 0 -0.07688563 0 0 0.1791443 0 0 0 0.01557938 0 0 0.03452917 0.03423003 0 0 0 0.03407996 0.06323013
0 0 0 0 0 0 0 0 0 0 0 0 0 0 0 0 0 0 0 0 0 0 0 0 0 0 0 0 0 0 0 0 0 0 0 0 0 0 0 0 0 0 0 0 0 1.01 0 0 0 0 0 0 0 0 0 0 0 0 0 0 0 0 0 0 0 0 0 0 0 0 0 0 0 0 0 0 0 0 0 0 0 0 0 0 0 0 0 0 0 0 0 0 0 0 0 0 0 0 0 0 0 0 0 0 0 0 0 0 0 0 0 0 0 0 0 0 0 0 0 0 0 0 0 0 0 0 0 0 0 0 0 0 0 0 0 0 0 0 0 0 0 0 0 0 0 0 0 0 0 0 0 0 0 0 0 0 0 0 0 0 0 0 0 0 0 0 0 0 0 0 0
0 0 -0.1129292 0 0 0.1704895 0.5150651 0.354871 0 0.3527445 0 -0.1078072 0.3121783 -0.1116085 0 0.2668815 0 0 0 0 0.4201496 0 -0.1055587 0 0 0 0 0.169568 0.8532353 0.7134178 0 0 0.8619486 0 0 0.05586408 0 0 0 0.2769618 0.4606895 0.02378345 0.3039129 0.611992 0.1211261 0 1.01 0.5457469 0 0.2838246 0.608123 0.4168128 -0.09410317 0 -0.289192 0.1399064 0 0 -0.3711577 0.8637455 0 0 0.8364957 0.2926554 0 -0.1037471 0 0.7151985 0 0 0 0 0.2855955 0.6396013 -0.0683806 0 0 0 0 0.2910665 0 0 0 0.1725342 0.3550081 0.3508397 0 0 0 0 0.4689618 0 0 -0.08189102 0 0.588076 0 0 0 0 0 0 0 -0.2831068 0 0.6257226 0.1417724 0.6044626 0.4677523 0 -0.0004972884 0 0.1335885 0.1344168 0 0.05519279 0 0 -0.01715093 0 -0.1203979 0 0 0.110929 0.110929 0.5106945 0.1106894 0.110929 0.110929 0 0.110929 -0.06311393 0 0 0.5106945 0 0.110929 0 0.5157698 0 0 0 0 0.112356 0 0.1108115 0 0 0 0 0.5371434 0.110929 0.3939007 0 -0.2556532 0 0 0.3939007 0 0 0 0.0980649 0 0 0.4692989 0.4678765 0 0 0 0.4679854 0.1598127
0 0 -0.0791772 0 0 -0.2519965 0.707204 0.6023721 0 0.5995149 0 -0.07388079 0.5642062 -0.07702888 0 -0.1445783 0 0 0 0 0.4396725 0 -0.07058996 0 0 0 0 0.2270046 0.5645447 0.6481693 0 0 0.5682977 0 0 0.1160221 0 0 0 0.138311 0.5651002 0.06130485 -0.1026062 0.8040431 -0.07003079 0 0.5457469 1.01 0 -0.1408318 0.8115211 0.4096001 -0.09000344 0 -0.2283307 0.08028017 0 0 -0.2328573 0.5715726 0 0 0.5595967 -0.1414527 0 -0.07605586 0 0.6322858 0 0 0 0 -0.1429405 0.3962332 0.05101405 0 0 0 0 -0.1417933 0 0 0 0.07854308 -0.06080707 -0.06235585 0 0 0 0 -0.1546649 0 0 -0.08517402 0 0.7430869 0 0 0 0 0 0 0 -0.2277439 0 0.3407724 0.121678 0.7487527 -0.1514495 0 0.06409942 0 -0.2960288 -0.2954513 0 -0.264943 0 0 -0.03922384 0 -0.08203474 0 0 -0.1187882 -0.1187882 0.3866532 -0.1184383 -0.1187882 -0.1187882 0 -0.1187882 -0.06747924 0 0 0.3866532 0 -0.1187882 0 0.6358565 0 0 0 0 -0.1174695 0 -0.1187854 0 0 0 0 0.4114141 -0.1187882 0.06239642 0 -0.2140631 0 0 0.06239642 0 0 0 0.07222252 0 0 0.3490791 0.3478057 0 0 0 0.3476065 0.1435014
0 0 0 0 0 0 0 0 0 0 0 0 0 0 0 0 0 0 0 0 0 0 0 0 0 0 0 0 0 0 0 0 0 0 0 0 0 0 0 0 0 0 0 0 0 0 0 0 1.01 0 0 0 0 0 0 0 0 0 0 0 0 0 0 0 0 0 0 0 0 0 0 0 0 0 0 0 0 0 0 0 0 0 0 0 0 0 0 0 0 0 0 0 0 0 0 0 0 0 0 0 0 0 0 0 0 0 0 0 0 0 0 0 0 0 0 0 0 0 0 0 0 0 0 0 0 0 0 0 0 0 0 0 0 0 0 0 0 0 0 0 0 0 0 0 0 0 0 0 0 0 0 0 0 0 0 0 0 0 0 0 0 0 0 0 0 0 0 0 0 0 0
0 0 -0.04051511 0 0 0.4657884 -0.09325902 -0.2010063 0 -0.2023027 0 -0.03959629 -0.2135998 -0.04328942 0 0.962728 0 0 0 0 0.3187669 0 -0.04532288 0 0 0 0 -0.03062356 0.3791048 0.4411166 0 0 0.3818035 0 0 -0.02418173 0 0 0 0.08012256 -0.0955732 -0.1373635 0.6360688 -0.1557606 -0.03761251 0 0.2838246 -0.1408318 0 1.01 -0.1585506 0.1897041 -0.04876886 0 -0.1265525 -0.03332707 0 0 -0.1668319 0.3816313 0 0 0.3584231 0.986111 0 -0.04497897 0 0.4415498 0 0 0 0 0.9752763 0.283808 -0.02464358 0 0 0 0 0.9845256 0 0 0 -0.03360894 -0.07995092 -0.0809573 0 0 0 0 0.7089334 0 0 -0.04375245 0 -0.1608761 0 0 0 0 0 0 0 -0.1245957 0 0.282662 -0.03968421 -0.1572803 0.7175516 0 -0.03593284 0 0.448142 0.4485144 0 0.2277612 0 0 -0.03073617 0 0.00420635 0 0 0.1853874 0.1853874 0.06658883 0.1852003 0.1853874 0.1853874 0 0.1853874 -0.0403487 0 0 0.06658883 0 0.1853874 0 -0.1373481 0 0 0 0 0.1808283 0 0.1854003 0 0 0 0 0.07815759 0.1853874 0.3375779 0 -0.1041781 0 0 0.3375779 0 0 0 0.04579182 0 0 0.07743559 0.07639972 0 0 0 0.07714394 -0.04042887
0 0 -0.08875023 0 0 -0.3301341 0.8871037 0.7238463 0 0.720173 0 -0.08341743 0.6797359 -0.08564097 0 -0.1608308 0 0 0 0 0.5344511 0 -0.08554096 0 0 0 0 0.2235511 0.6877717 0.8058737 0 0 0.6958826 0 0 0.05427053 0 0 0 0.1833264 0.7003319 0.09706493 -0.1048223 0.9877687 -0.0722423 0 0.608123 0.8115211 0 -0.1585506 1.01 0.4744551 -0.09673571 0 -0.2455216 0.09042125 0 0 -0.3002478 0.6921449 0 0 0.6796725 -0.158113 0 -0.08641151 0 0.7833609 0 0 0 0 -0.160087 0.5019855 0.04193234 0 0 0 0 -0.1589499 0 0 0 0.2873918 -0.1076351 -0.1091968 0 0 0 0 -0.2003315 0 0 -0.08987813 0 0.9123228 0 0 0 0 0 0 0 -0.2441153 0 0.4417674 0.3113223 0.9207583 -0.1959754 0 -0.005006707 0 -0.3429462 -0.3425403 0 -0.3123035 0 0 -0.04528684 0 -0.09315403 0 0 -0.1940547 -0.1940547 0.4702834 -0.1940106 -0.1940547 -0.1940547 0 -0.1940547 -0.07500125 0 0 0.4702834 0 -0.1940547 0 0.828734 0 0 0 0 -0.1930827 0 -0.1940968 0 0 0 0 0.4945337 -0.1940547 -0.01529929 0 -0.2316651 0 0 -0.01529929 0 0 0 0.07609718 0 0 0.4205981 0.4197467 0 0 0 0.4194506 0.1818543
0 0 0.01389671 0 0 -0.0622346 0.4139456 0.515592 0 0.5117428 0 -0.0009536212 0.4669245 -0.006106324 0 0.1728001 0 0 0 0 0.6231854 0 -0.1109226 0 0 0 0 0.1550891 0.4429001 0.5337088 0 0 0.4514731 0 0 0.0108604 0 0 0 0.1063039 0.3753693 0.04434826 0.1012269 0.4797744 -0.08149149 0 0.4168128 0.4096001 0 0.1897041 0.4744551 1.01 0.1026364 0 0.2229974 -0.02422905 0 0 -0.3432883 0.4586645 0 0 0.4327699 0.1838351 0 -0.1130527 0 0.5246224 0 0 0 0 0.1768951 0.6119404 0.009536175 0 0 0 0 0.1821825 0 0 0 0.159956 -0.08175056 -0.08336308 0 0 0 0 0.08223699 0 0 0.08042883 0 0.4260006 0 0 0 0 0 0 0 0.218855 0 0.5804209 0.1764234 0.4416519 0.09052719 0 0.01234307 0 0.2437076 0.2446728 0 0.2314835 0 0 -0.03801885 0 0.03580109 0 0 0.2503223 0.2503223 0.5323983 0.2504703 0.2503223 0.2503223 0 0.2503223 0.05165354 0 0 0.5323983 0 0.2503223 0 0.3761452 0 0 0 0 0.2518117 0 0.2502585 0 0 0 0 0.5104228 0.2503223 0.1209212 0 0.1968286 0 0 0.1209212 0 0 0 0.1070528 0 0 0.5283494 0.5277435 0 0 0 0.5276934 0.007893577
0 0 0.03138949 0 0 0.2614507 -0.09600647 -0.1251394 0 -0.1269635 0 -0.03202649 -0.1324657 -0.02834086 0 -0.04828986 0 0 0 0 0.1771304 0 -0.01458045 0 0 0 0 -0.02400818 -0.1381343 -0.1164755 0 0 -0.1367521 0 0 -0.02254687 0 0 0 -0.004494642 -0.06584372 -0.09917879 -0.03500247 -0.09583511 -0.02540174 0 -0.09410317 -0.09000344 0 -0.04876886 -0.09673571 0.1026364 1.01 0 0.3947316 -0.0207229 0 0 -0.09144017 -0.1318682 0 0 -0.1363397 -0.04856868 0 -0.02594616 0 -0.1134322 0 0 0 0 -0.04808565 0.1569875 0.04932009 0 0 0 0 -0.04882509 0 0 0 -0.03588586 -0.04644497 -0.04701333 0 0 0 0 -0.07026413 0 0 0.9329324 0 -0.07094491 0 0 0 0 0 0 0 0.3685141 0 0.159503 -0.03879408 -0.06818885 -0.0704061 0 -0.01244514 0 0.2373743 0.2375895 0 0.2579571 0 0 -0.02512316 0 -0.03740855 0 0 0.2279577 0.2279577 0.1503636 0.2281838 0.2279577 0.2279577 0 0.2279577 0.8008417 0 0 0.1503636 0 0.2279577 0 -0.0801237 0 0 0 0 0.2284106 0 0.227711 0 0 0 0 0.1568421 0.2279577 -0.06959741 0 0.3605664 0 0 -0.06959741 0 0 0 0.03495971 0 0 0.1510756 0.1507562 0 0 0 0.1505112 0.0003371531
0 0 0 0 0 0 0 0 0 0 0 0 0 0 0 0 0 0 0 0 0 0 0 0 0 0 0 0 0 0 0 0 0 0 0 0 0 0 0 0 0 0 0 0 0 0 0 0 0 0 0 0 0 1.01 0 0 0 0 0 0 0 0 0 0 0 0 0 0 0 0 0 0 0 0 0 0 0 0 0 0 0 0 0 0 0 0 0 0 0 0 0 0 0 0 0 0 0 0 0 0 0 0 0 0 0 0 0 0 0 0 0 0 0 0 0 0 0 0 0 0 0 0 0 0 0 0 0 0 0 0 0 0 0 0 0 0 0 0 0 0 0 0 0 0 0 0 0 0 0 0 0 0 0 0 0 0 0 0 0 0 0 0 0 0 0 0 0 0 0 0 0
0 0 0.382258 0 0 -0.0603311 -0.2063613 0.2359323 0 0.2480577 0 0.3662737 0.2246388 0.356988 0 -0.1304514 0 0 0 0 0.4226367 0 -0.05864879 0 0 0 0 -0.05404168 -0.3289488 -0.2991846 0 0 -0.3490012 0 0 -0.007092389 0 0 0 -0.1326688 -0.1680552 -0.06479958 -0.09487602 -0.2433234 -0.07738135 0 -0.289192 -0.2283307 0 -0.1265525 -0.2455216 0.2229974 0.3947316 0 1.01 0.03687629 0 0 -0.2332953 -0.3452274 0 0 -0.3545711 -0.1275448 0 -0.06730598 0 -0.2981788 0 0 0 0 -0.1287509 0.3697758 -0.02240393 0 0 0 0 -0.1281948 0 0 0 -0.07896952 -0.1198799 -0.119137 0 0 0 0 -0.1840101 0 0 0.3607335 0 -0.2270204 0 0 0 0 0 0 0 0.9828304 0 0.3949156 -0.08820865 -0.2271688 -0.1803287 0 0.04166331 0 0.6381883 0.6387308 0 0.6895961 0 0 -0.02202236 0 0.3421378 0 0 0.593526 0.593526 0.3937346 0.5930603 0.593526 0.593526 0 0.593526 0.3114058 0 0 0.3937346 0 0.593526 0 -0.2062929 0 0 0 0 0.594387 0 0.593475 0 0 0 0 0.2903395 0.593526 -0.1691743 0 0.9266658 0 0 -0.1691743 0 0 0 0.07110264 0 0 0.4017857 0.4058686 0 0 0 0.4060474 -0.04676158
