1.01 0 0.8997743 0.4371399 0.9019628 0.4387578 0.4374381 0 0 0.5417724 0 -0.06274017 0 0.9977967 -0.183413 0.6156162 0.9981993 0.9981993 0.1942164 0 0.6125427 0 0 0 0 0.993892 0.6173677 0 0.6173677 0 0 0.612466 0.09411614 0.9916887 0.5390202 0.987619 -0.1782937 -0.07026277 0 0.9916887 0.6173677 0.4348137 0 0 0.6171283 -0.2085177 0.624967 0.5390202 0 0 0 0 0.6107795 0 0 0.6171283 0.6122264 0.6171283 0.6171283 0.6171283 0.616982 0.450662 0 0.6144456 0.2015905 0 0.5128624 0.6156272 0.616982 0.1716026 0 0 0.616982 0.9595256 0.450032 0 0 0 0.6131889 0 0 0.6128561 0.6736738 0.2141953 0 0 0.4265249 0.6288158 0.6292358 -0.1051418 0 0 0.6911468 0 0.1956862 0 0.6292358 0.6911468 0.6207667 0 0.05869549 0 0.6013063 0.6071409 0 0.606513 0 0.9119995 0.1977863 0 0 0.1992934 0 0 0 0 0 0 0 0 0 0.1920115 0 0
0 1.01 0 0 0 0 0 0 0 0 0 0 0 0 0 0 0 0 0 0 0 0 0 0 0 0 0 0 0 0 0 0 0 0 0 0 0 0 0 0 0 0 0 0 0 0 0 0 0 0 0 0 0 0 0 0 0 0 0 0 0 0 0 0 0 0 0 0 0 0 0 0 0 0 0 0 0 0 0 0 0 0 0 0 0 0 0 0 0 0 0 0 0 0 0 0 0 0 0 0 0 0 0 0 0 0 0 0 0 0 0 0 0 0 0 0 0 0 0 0 0 0 0 0
0.8997743 0 1.01 0.4829306 0.9981512 0.4847895 0.4832072 0 0 0.348901 0 -0.05941885 0 0.9014318 -0.1668354 0.6868514 0.9019477 0.9019477 0.2078327 0 0.6823249 0 0 0 0 0.8968281 0.6835918 0 0.6835918 0 0 0.6777403 0.08964147 0.8959389 0.3518334 0.8916444 -0.1632696 -0.1275429 0 0.8959389 0.6835918 0.4826537 0 0 0.6833258 -0.1883694 0.6908972 0.3518334 0 0 0 0 0.6774869 0 0 0.6833258 0.6774741 0.6833258 0.6833258 0.6833258 0.6831861 0.501088 0 0.6807182 0.2169137 0 0.3956728 0.6822355 0.6831861 0.1933883 0 0 0.6831861 0.9238793 0.5004407 0 0 0 0.6789015 0 0 0.6785089 0.593488 -0.1391103 0 0 0.4749649 0.6965633 0.6969418 -0.09654771 0 0 0.6148676 0 0.2185174 0 0.6969418 0.6148676 0.6881678 0 0.02278992 0 0.6666236 0.6729154 0 0.6721433 0 0.8751208 -0.1381284 0 0 -0.1321748 0 0 0 0 0 0 0 0 0 -0.1499012 0 0
0.4371399 0 0.4829306 1.01 0.4840145 0.9974877 0.9998059 0 0 0.8105021 0 -0.02643652 0 0.4361315 -0.08498359 -0.2623551 0.4362392 0.4362392 -0.08110521 0 -0.2598172 0 0 0 0 0.4254957 -0.2594059 0 -0.2594059 0 0 -0.2579195 0.03290143 0.4282133 0.7962835 0.4260321 -0.08227148 -0.05794641 0 0.4282133 -0.2594059 0.9740367 0 0 -0.2593067 -0.09332877 -0.2191635 0.7962835 0 0 0 0 -0.2608835 0 0 -0.2593067 -0.2578202 -0.2593067 -0.2593067 -0.2593067 -0.2593392 0.9343686 0 -0.259778 -0.087257 0 0.8343908 -0.2585329 -0.2593392 -0.07148222 0 0 -0.2593392 0.4410364 0.932632 0 0 0 -0.2597035 0 0 -0.2594729 -0.2768886 -0.07098056 0 0 0.9647317 -0.2662942 -0.2660949 -0.04900936 0 0 -0.2849251 0 -0.08622762 0 -0.2660949 -0.2849251 -0.2602814 0 0.07696099 0 -0.258225 -0.2569605 0 -0.2573584 0 0.4002243 -0.07352532 0 0 -0.07392775 0 0 0 0 0 0 0 0 0 -0.0730467 0 0
0.9019628 0 0.9981512 0.4840145 1.01 0.4858768 0.4842907 0 0 0.3503964 0 -0.05915579 0 0.8999693 -0.1661846 0.6838393 0.9004871 0.9004871 0.20849 0 0.679254 0 0 0 0 0.8955531 0.680517 0 0.680517 0 0 0.6746259 0.08929595 0.8944808 0.3533468 0.8902007 -0.1626372 -0.1270306 0 0.8944808 0.680517 0.4837665 0 0 0.6802505 -0.1876058 0.6878639 0.3533468 0 0 0 0 0.6744314 0 0 0.6802505 0.6743592 0.6802505 0.6802505 0.6802505 0.6801121 0.502281 0 0.6776559 0.2176017 0 0.3970859 0.6791524 0.6801121 0.1939945 0 0 0.6801121 0.9223042 0.5016336 0 0 0 0.6758139 0 0 0.6754192 0.5908046 -0.1384203 0 0 0.476084 0.6935895 0.6939674 -0.09617345 0 0 0.6122961 0 0.2181327 0 0.6939674 0.6122961 0.6851828 0 0.02305515 0 0.6635655 0.6698617 0 0.669091 0 0.8732297 -0.1374202 0 0 -0.1314563 0 0 0 0 0 0 0 0 0 -0.1492088 0 0
0.4387578 0 0.4847895 0.9974877 0.4858768 1.01 0.9976818 0 0 0.8083244 0 -0.02470831 0 0.4377487 -0.0853479 -0.2585312 0.4378543 0.4378543 -0.08061011 0 -0.2559458 0 0 0 0 0.4271506 -0.255532 0 -0.255532 0 0 -0.2540137 0.03312363 0.4298445 0.7941226 0.4276558 -0.08262628 -0.0582537 0 0.4298445 -0.255532 0.9719375 0 0 -0.2554326 -0.09377035 -0.215106 0.7941226 0 0 0 0 -0.2570238 0 0 -0.2554326 -0.2539144 -0.2554326 -0.2554326 -0.2554326 -0.2554663 0.932268 0 -0.255915 -0.08681034 0 0.8322538 -0.2546537 -0.2554663 -0.0718001 0 0 -0.2554663 0.4427406 0.9305358 0 0 0 -0.2558181 0 0 -0.2555862 -0.2733363 -0.07140741 0 0 0.962647 -0.2624922 -0.2622927 -0.04921859 0 0 -0.2814496 0 -0.07747161 0 -0.2622927 -0.2814496 -0.2567974 0 0.07656078 0 -0.25437 -0.2531116 0 -0.2535099 0 0.4021177 -0.07396124 0 0 -0.07437074 0 0 0 0 0 0 0 0 0 -0.07347187 0 0
0.4374381 0 0.4832072 0.9998059 0.4842907 0.9976818 1.01 0 0 0.8107097 0 -0.02641777 0 0.4364302 -0.08571934 -0.2622106 0.4365379 0.4365379 -0.08106314 0 -0.2596739 0 0 0 0 0.4257924 -0.2592628 0 -0.2592628 0 0 -0.2577774 0.03287656 0.4285117 0.7964912 0.4263315 -0.08303171 -0.05791025 0 0.4285117 -0.2592628 0.9742307 0 0 -0.2591636 -0.0932754 -0.2190158 0.7964912 0 0 0 0 -0.2607396 0 0 -0.2591636 -0.2576782 -0.2591636 -0.2591636 -0.2591636 -0.2591962 0.9345645 0 -0.2596346 -0.08721314 0 0.8345942 -0.2583901 -0.2591962 -0.07144319 0 0 -0.2591962 0.4413271 0.9328277 0 0 0 -0.259561 0 0 -0.2593304 -0.2767323 -0.07093168 0 0 0.9649256 -0.2661473 -0.2659481 -0.0489834 0 0 -0.2847639 0 -0.08618074 0 -0.2659481 -0.2847639 -0.2604482 0 0.07698663 0 -0.2580806 -0.2568158 0 -0.2572136 0 0.4005056 -0.07347525 0 0 -0.07387698 0 0 0 0 0 0 0 0 0 -0.07299767 0 0
0 0 0 0 0 0 0 1.01 0 0 0 0 0 0 0 0 0 0 0 0 0 0 0 0 0 0 0 0 0 0 0 0 0 0 0 0 0 0 0 0 0 0 0 0 0 0 0 0 0 0 0 0 0 0 0 0 0 0 0 0 0 0 0 0 0 0 0 0 0 0 0 0 0 0 0 0 0 0 0 0 0 0 0 0 0 0 0 0 0 0 0 0 0 0 0 0 0 0 0 0 0 0 0 0 0 0 0 0 0 0 0 0 0 0 0 0 0 0 0 0 0 0 0 0
0 0 0 0 0 0 0 0 1.01 0 0 0 0 0 0 0 0 0 0 0 0 0 0 0 0 0 0 0 0 0 0 0 0 0 0 0 0 0 0 0 0 0 0 0 0 0 0 0 0 0 0 0 0 0 0 0 0 0 0 0 0 0 0 0 0 0 0 0 0 0 0 0 0 0 0 0 0 0 0 0 0 0 0 0 0 0 0 0 0 0 0 0 0 0 0 0 0 0 0 0 0 0 0 0 0 0 0 0 0 0 0 0 0 0 0 0 0 0 0 0 0 0 0 0
0.5417724 0 0.348901 0.8105021 0.3503964 0.8083244 0.8107097 0 0 1.01 0 -0.02762496 0 0.5405394 -0.1013924 -0.3217175 0.5404726 0.5404726 -0.0894194 0 -0.3173797 0 0 0 0 0.532053 -0.3126315 0 -0.3126315 0 0 -0.3104935 0.03297861 0.5329593 0.9752968 0.5310086 -0.09726546 0.008886135 0 0.5329593 -0.3126315 0.7855206 0 0 -0.3125099 -0.1167487 -0.2777816 0.9752968 0 0 0 0 -0.3148443 0 0 -0.3125099 -0.3103719 -0.3125099 -0.3125099 -0.3125099 -0.3125512 0.8202829 0 -0.3131563 -0.09743776 0 0.92737 -0.312273 -0.3125512 -0.09308971 0 0 -0.3125512 0.4732008 0.8188124 0 0 0 -0.3124838 0 0 -0.3121997 -0.1537377 0.3579067 0 0 0.7770985 -0.2645454 -0.2643022 -0.05652945 0 0 -0.1069461 0 -0.1071351 0 -0.2643022 -0.1069461 -0.2588654 0 0.1083264 0 -0.2573631 -0.2526433 0 -0.2528545 0 0.4359573 0.3341565 0 0 0.3396102 0 0 0 0 0 0 0 0 0 0.3413721 0 0
0 0 0 0 0 0 0 0 0 0 1.01 0 0 0 0 0 0 0 0 0 0 0 0 0 0 0 0 0 0 0 0 0 0 0 0 0 0 0 0 0 0 0 0 0 0 0 0 0 0 0 0 0 0 0 0 0 0 0 0 0 0 0 0 0 0 0 0 0 0 0 0 0 0 0 0 0 0 0 0 0 0 0 0 0 0 0 0 0 0 0 0 0 0 0 0 0 0 0 0 0 0 0 0 0 0 0 0 0 0 0 0 0 0 0 0 0 0 0 0 0 0 0 0 0
-0.06274017 0 -0.05941885 -0.02643652 -0.05915579 -0.02470831 -0.02641777 0 0 -0.02762496 0 1.01 0 -0.06297814 -0.01974119 -0.04580854 -0.06302274 -0.06302274 -0.01335647 0 -0.04478653 0 0 0 0 -0.06237357 -0.04466213 0 -0.04466213 0 0 -0.04386569 0.01453801 -0.0631579 -0.02839783 -0.06376506 -0.01874354 -0.0120534 0 -0.0631579 -0.04466213 -0.02776656 0 0 -0.04464515 -0.02207911 -0.04723426 -0.02839783 0 0 0 0 -0.04369634 0 0 -0.04464515 -0.04384869 -0.04464515 -0.04464515 -0.04464515 -0.04465065 -0.02585718 0 -0.04488731 -0.01511394 0 -0.03004324 -0.04445879 -0.04465065 -0.01044337 0 0 -0.04465065 -0.06390906 -0.02584805 0 0 0 -0.04433441 0 0 -0.0442949 -0.04809815 -0.0141691 0 0 -0.02620572 -0.04575525 -0.04572114 -0.01574472 0 0 -0.04696111 0 -0.00222836 0 -0.04572114 -0.04696111 -0.04558585 0 -0.001071605 0 -0.0453246 -0.04543213 0 -0.04550025 0 -0.06155014 -0.008174207 0 0 -0.008782061 0 0 0 0 0 0 0 0 0 -0.007094943 0 0
0 0 0 0 0 0 0 0 0 0 0 0 1.01 0 0 0 0 0 0 0 0 0 0 0 0 0 0 0 0 0 0 0 0 0 0 0 0 0 0 0 0 0 0 0 0 0 0 0 0 0 0 0 0 0 0 0 0 0 0 0 0 0 0 0 0 0 0 0 0 0 0 0 0 0 0 0 0 0 0 0 0 0 0 0 0 0 0 0 0 0 0 0 0 0 0 0 0 0 0 0 0 0 0 0 0 0 0 0 0 0 0 0 0 0 0 0 0 0 0 0 0 0 0 0
0.9977967 0 0.9014318 0.4361315 0.8999693 0.4377487 0.4364302 0 0 0.5405394 0 -0.06297814 0 1.01 -0.1840172 0.6183179 0.9995991 0.9995991 0.1938255 0 0.6152878 0 0 0 0 0.9951021 0.6201182 0 0.6201182 0 0 0.6152441 0.09443547 0.993083 0.5377733 0.9889998 -0.1788809 -0.07139911 0 0.993083 0.6201182 0.4337863 0 0 0.619879 -0.2092227 0.6276899 0.5377733 0 0 0 0 0.6135113 0 0 0.619879 0.6150047 0.619879 0.619879 0.619879 0.6197317 0.4495944 0 0.6171847 0.2011807 0 0.5116748 0.6183831 0.6197317 0.1705947 0 0 0.6197317 0.9609967 0.448964 0 0 0 0.6159467 0 0 0.6156154 0.6761402 0.2137529 0 0 0.4254885 0.6314953 0.631916 -0.1054891 0 0 0.6935375 0 0.1963411 0 0.631916 0.6935375 0.6234501 0 0.05852211 0 0.6040346 0.6098692 0 0.6092398 0 0.9137293 0.1973223 0 0 0.1988228 0 0 0 0 0 0 0 0 0 0.1915556 0 0
-0.183413 0 -0.1668354 -0.08498359 -0.1661846 -0.0853479 -0.08571934 0 0 -0.1013924 0 -0.01974119 0 -0.1840172 1.01 -0.1144164 -0.1841215 -0.1841215 -0.03168653 0 -0.1112471 0 0 0 0 -0.1825176 -0.1122092 0 -0.1122092 0 0 -0.1115133 0.01348102 -0.1625724 -0.07607094 -0.1635193 0.9706201 -0.03008453 0 -0.1625724 -0.1122092 -0.05794705 0 0 -0.112167 -0.03716822 -0.1141377 -0.07607094 0 0 0 0 -0.113005 0 0 -0.112167 -0.1114711 -0.112167 -0.112167 -0.112167 -0.1121804 -0.05885323 0 -0.1127664 -0.0345216 0 -0.07044038 -0.112977 -0.1121804 -0.02253619 0 0 -0.1121804 -0.1564963 -0.0588283 0 0 0 -0.1120325 0 0 -0.1119348 -0.1220021 -0.03541823 0 0 -0.04484623 -0.1130463 -0.1135919 0.4715261 0 0 -0.1240687 0 -0.03970359 0 -0.1135919 -0.1240687 -0.09116162 0 -0.01463925 0 -0.1100431 -0.1115808 0 -0.11175 0 -0.151171 -0.03235368 0 0 -0.03374008 0 0 0 0 0 0 0 0 0 -0.03145644 0 0
0.6156162 0 0.6868514 -0.2623551 0.6838393 -0.2585312 -0.2622106 0 0 -0.3217175 0 -0.04580854 0 0.6183179 -0.1144164 1.01 0.618828 0.618828 0.3003689 0 0.9837917 0 0 0 0 0.6216128 0.9848278 0 0.9848278 0 0 0.977426 0.0763935 0.618459 -0.3019895 0.6156432 -0.1124235 -0.08813843 0 0.618459 0.9848278 -0.241931 0 0 0.9844475 -0.1271333 0.960991 -0.3019895 0 0 0 0 0.9794199 0 0 0.9844475 0.9770454 0.9844475 0.9844475 0.9844475 0.9843196 -0.2565786 0 0.9820031 0.3159243 0 -0.2866441 0.9825597 0.9843196 0.277169 0 0 0.9843196 0.638041 -0.2559245 0 0 0 0.980026 0 0 0.9793934 0.8999891 -0.09307186 0 0 -0.2434703 0.9529066 0.9531559 -0.06706971 0 0 0.8759948 0 0.3180925 0 0.9531559 0.8759948 0.9386209 0 -0.03521898 0 0.915535 0.9177111 0 0.9171958 0 0.6196624 -0.08957511 0 0 -0.09296353 0 0 0 0 0 0 0 0 0 -0.1027013 0 0
0.9981993 0 0.9019477 0.4362392 0.9004871 0.4378543 0.4365379 0 0 0.5404726 0 -0.06302274 0 0.9995991 -0.1841215 0.618828 1.01 1 0.1936418 0 0.6158112 0 0 0 0 0.9955079 0.6206413 0 0.6206413 0 0 0.6157768 0.09449163 0.9934847 0.5377026 0.9893991 -0.1789822 -0.07080217 0 0.9934847 0.6206413 0.4338838 0 0 0.6204022 -0.2093464 0.6282025 0.5377026 0 0 0 0 0.6140317 0 0 0.6204022 0.6155375 0.6204022 0.6204022 0.6204022 0.6202548 0.4496592 0 0.6177058 0.2009888 0 0.5116433 0.6189084 0.6202548 0.1710711 0 0 0.6202548 0.9614329 0.4490291 0 0 0 0.6164735 0 0 0.6161427 0.6765626 0.213547 0 0 0.4255858 0.6319942 0.632415 -0.1055492 0 0 0.6939321 0 0.1961419 0 0.632415 0.6939321 0.6239531 0 0.05845081 0 0.6045574 0.6103898 0 0.6097603 0 0.9142009 0.1971163 0 0 0.1986144 0 0 0 0 0 0 0 0 0 0.1913541 0 0
0.9981993 0 0.9019477 0.4362392 0.9004871 0.4378543 0.4365379 0 0 0.5404726 0 -0.06302274 0 0.9995991 -0.1841215 0.618828 1 1.01 0.1936418 0 0.6158112 0 0 0 0 0.9955079 0.6206413 0 0.6206413 0 0 0.6157768 0.09449163 0.9934847 0.5377026 0.9893991 -0.1789822 -0.07080217 0 0.9934847 0.6206413 0.4338838 0 0 0.6204022 -0.2093464 0.6282025 0.5377026 0 0 0 0 0.6140317 0 0 0.6204022 0.6155375 0.6204022 0.6204022 0.6204022 0.6202548 0.4496592 0 0.6177058 0.2009888 0 0.5116433 0.6189084 0.6202548 0.1710711 0 0 0.6202548 0.9614329 0.4490291 0 0 0 0.6164735 0 0 0.6161427 0.6765626 0.213547 0 0 0.4255858 0.6319942 0.632415 -0.1055492 0 0 0.6939321 0 0.1961419 0 0.632415 0.6939321 0.6239531 0 0.05845081 0 0.6045574 0.6103898 0 0.6097603 0 0.9142009 0.1971163 0 0 0.1986144 0 0 0 0 0 0 0 0 0 0.1913541 0 0
0.1942164 0 0.2078327 -0.08110521 0.20849 -0.08061011 -0.08106314 0 0 -0.0894194 0 -0.01335647 0 0.1938255 -0.03168653 0.3003689 0.1936418 0.1936418 1.01 0 0.3004947 0 0 0 0 0.1946569 0.3008763 0 0.3008763 0 0 0.3038668 0.01260571 0.1945335 -0.08536134 0.193112 -0.03412932 -0.01876009 0 0.1945335 0.3008763 -0.07739244 0 0 0.3009144 -0.04810497 0.2990757 -0.08536134 0 0 0 0 0.2989739 0 0 0.3009144 0.3039055 0.3009144 0.3009144 0.3009144 0.300799 -0.07970346 0 0.2996533 0.9535797 0 -0.08363259 0.300964 0.300799 -0.01049225 0 0 0.300799 0.1981932 -0.07969048 0 0 0 0.3013475 0 0 0.30154 0.2802891 -0.02185145 0 0 -0.07728534 0.2955247 0.2955976 -0.02212539 0 0 0.2743749 0 -0.02154382 0 0.2955976 0.2743749 0.2917692 0 -0.01210479 0 0.26587 0.2655368 0 0.2653855 0 0.1841716 0.003389354 0 0 0.001749147 0 0 0 0 0 0 0 0 0 0.004819356 0 0
0 0 0 0 0 0 0 0 0 0 0 0 0 0 0 0 0 0 0 1.01 0 0 0 0 0 0 0 0 0 0 0 0 0 0 0 0 0 0 0 0 0 0 0 0 0 0 0 0 0 0 0 0 0 0 0 0 0 0 0 0 0 0 0 0 0 0 0 0 0 0 0 0 0 0 0 0 0 0 0 0 0 0 0 0 0 0 0 0 0 0 0 0 0 0 0 0 0 0 0 0 0 0 0 0 0 0 0 0 0 0 0 0 0 0 0 0 0 0 0 0 0 0 0 0
0.6125427 0 0.6823249 -0.2598172 0.679254 -0.2559458 -0.2596739 0 0 -0.3173797 0 -0.04478653 0 0.6152878 -0.1112471 0.9837917 0.6158112 0.6158112 0.3004947 0 1.01 0 0 0 0 0.6185314 0.9951155 0 0.9951155 0 0 0.9875425 0.07402549 0.6154559 -0.3166477 0.6126946 -0.1093162 -0.08692015 0 0.6154559 0.9951155 -0.2609697 0 0 0.9949872 -0.126884 0.9714886 -0.3166477 0 0 0 0 0.9899985 0 0 0.9949872 0.9874151 0.9949872 0.9949872 0.9949872 0.9948597 -0.2747127 0 0.9925588 0.3165712 0 -0.3025207 0.9930593 0.9948597 0.2815602 0 0 0.9948597 0.6345768 -0.2740627 0 0 0 0.9904896 0 0 0.9898464 0.9109082 -0.0908003 0 0 -0.2624575 0.963553 0.9638001 -0.06562221 0 0 0.8871521 0 0.3216447 0 0.9638001 0.8871521 0.9488755 0 -0.0341597 0 0.9256228 0.9278299 0 0.9273191 0 0.6155201 -0.08716813 0 0 -0.09052828 0 0 0 0 0 0 0 0 0 -0.1004831 0 0
0 0 0 0 0 0 0 0 0 0 0 0 0 0 0 0 0 0 0 0 0 1.01 0 0 0 0 0 0 0 0 0 0 0 0 0 0 0 0 0 0 0 0 0 0 0 0 0 0 0 0 0 0 0 0 0 0 0 0 0 0 0 0 0 0 0 0 0 0 0 0 0 0 0 0 0 0 0 0 0 0 0 0 0 0 0 0 0 0 0 0 0 0 0 0 0 0 0 0 0 0 0 0 0 0 0 0 0 0 0 0 0 0 0 0 0 0 0 0 0 0 0 0 0 0
0 0 0 0 0 0 0 0 0 0 0 0 0 0 0 0 0 0 0 0 0 0 1.01 0 0 0 0 0 0 0 0 0 0 0 0 0 0 0 0 0 0 0 0 0 0 0 0 0 0 0 0 0 0 0 0 0 0 0 0 0 0 0 0 0 0 0 0 0 0 0 0 0 0 0 0 0 0 0 0 0 0 0 0 0 0 0 0 0 0 0 0 0 0 0 0 0 0 0 0 0 0 0 0 0 0 0 0 0 0 0 0 0 0 0 0 0 0 0 0 0 0 0 0 0
0 0 0 0 0 0 0 0 0 0 0 0 0 0 0 0 0 0 0 0 0 0 0 1.01 0 0 0 0 0 0 0 0 0 0 0 0 0 0 0 0 0 0 0 0 0 0 0 0 0 0 0 0 0 0 0 0 0 0 0 0 0 0 0 0 0 0 0 0 0 0 0 0 0 0 0 0 0 0 0 0 0 0 0 0 0 0 0 0 0 0 0 0 0 0 0 0 0 0 0 0 0 0 0 0 0 0 0 0 0 0 0 0 0 0 0 0 0 0 0 0 0 0 0 0
0 0 0 0 0 0 0 0 0 0 0 0 0 0 0 0 0 0 0 0 0 0 0 0 1.01 0 0 0 0 0 0 0 0 0 0 0 0 0 0 0 0 0 0 0 0 0 0 0 0 0 0 0 0 0 0 0 0 0 0 0 0 0 0 0 0 0 0 0 0 0 0 0 0 0 0 0 0 0 0 0 0 0 0 0 0 0 0 0 0 0 0 0 0 0 0 0 0 0 0 0 0 0 0 0 0 0 0 0 0 0 0 0 0 0 0 0 0 0 0 0 0 0 0 0
0.993892 0 0.8968281 0.4254957 0.8955531 0.4271506 0.4257924 0 0 0.532053 0 -0.06237357 0 0.9951021 -0.1825176 0.6216128 0.9955079 0.9955079 0.1946569 0 0.6185314 0 0 0 0 1.01 0.6233556 0 0.6233556 0 0 0.6184402 0.09464993 0.9946142 0.5361484 0.9905643 -0.1774235 -0.06951768 0 0.9946142 0.6233556 0.4310816 0 0 0.6231153 -0.2094256 0.6307561 0.5361484 0 0 0 0 0.6165522 0 0 0.6231153 0.6181999 0.6231153 0.6231153 0.6231153 0.6229682 0.447207 0 0.620433 0.2021063 0 0.5096794 0.6216096 0.6229682 0.172557 0 0 0.6229682 0.9622616 0.4465744 0 0 0 0.6191663 0 0 0.618833 0.6794351 0.2142871 0 0 0.4228054 0.6348729 0.6352918 -0.1046266 0 0 0.6970108 0 0.1973762 0 0.6352918 0.6970108 0.6268189 0 0.05911633 0 0.6070798 0.6129207 0 0.6122951 0 0.9145727 0.1979249 0 0 0.1994577 0 0 0 0 0 0 0 0 0 0.1921012 0 0
0.6173677 0 0.6835918 -0.2594059 0.680517 -0.255532 -0.2592628 0 0 -0.3126315 0 -0.04466213 0 0.6201182 -0.1122092 0.9848278 0.6206413 0.6206413 0.3008763 0 0.9951155 0 0 0 0 0.6233556 1.01 0 1 0 0 0.992434 0.07500961 0.6202877 -0.3160227 0.6175331 -0.1103251 -0.08746559 0 0.6202877 1 -0.2605439 0 0 0.9998714 -0.1265211 0.9763657 -0.3160227 0 0 0 0 0.9948831 0 0 0.9998714 0.9923064 0.9998714 0.9998714 0.9998714 0.9997429 -0.2742505 0 0.9974383 0.316971 0 -0.301664 0.9979438 0.9997429 0.281913 0 0 0.9997429 0.6395889 -0.2736004 0 0 0 0.995373 0 0 0.9947302 0.9159676 -0.0898593 0 0 -0.2620284 0.9684289 0.9686755 -0.06544485 0 0 0.8922153 0 0.322065 0 0.9686755 0.8922153 0.9537516 0 -0.0340373 0 0.9307539 0.9329619 0 0.9324518 0 0.6207272 -0.08623395 0 0 -0.0895962 0 0 0 0 0 0 0 0 0 -0.09954504 0 0
0 0 0 0 0 0 0 0 0 0 0 0 0 0 0 0 0 0 0 0 0 0 0 0 0 0 0 1.01 0 0 0 0 0 0 0 0 0 0 0 0 0 0 0 0 0 0 0 0 0 0 0 0 0 0 0 0 0 0 0 0 0 0 0 0 0 0 0 0 0 0 0 0 0 0 0 0 0 0 0 0 0 0 0 0 0 0 0 0 0 0 0 0 0 0 0 0 0 0 0 0 0 0 0 0 0 0 0 0 0 0 0 0 0 0 0 0 0 0 0 0 0 0 0 0
0.6173677 0 0.6835918 -0.2594059 0.680517 -0.255532 -0.2592628 0 0 -0.3126315 0 -0.04466213 0 0.6201182 -0.1122092 0.9848278 0.6206413 0.6206413 0.3008763 0 0.9951155 0 0 0 0 0.6233556 1 0 1.01 0 0 0.992434 0.07500961 0.6202877 -0.3160227 0.6175331 -0.1103251 -0.08746559 0 0.6202877 1 -0.2605439 0 0 0.9998714 -0.1265211 0.9763657 -0.3160227 0 0 0 0 0.9948831 0 0 0.9998714 0.9923064 0.9998714 0.9998714 0.9998714 0.9997429 -0.2742505 0 0.9974383 0.316971 0 -0.301664 0.9979438 0.9997429 0.281913 0 0 0.9997429 0.6395889 -0.2736004 0 0 0 0.995373 0 0 0.9947302 0.9159676 -0.0898593 0 0 -0.2620284 0.9684289 0.9686755 -0.06544485 0 0 0.8922153 0 0.322065 0 0.9686755 0.8922153 0.9537516 0 -0.0340373 0 0.9307539 0.9329619 0 0.9324518 0 0.6207272 -0.08623395 0 0 -0.0895962 0 0 0 0 0 0 0 0 0 -0.09954504 0 0
0 0 0 0 0 0 0 0 0 0 0 0 0 0 0 0 0 0 0 0 0 0 0 0 0 0 0 0 0 1.01 0 0 0 0 0 0 0 0 0 0 0 0 0 0 0 0 0 0 0 0 0 0 0 0 0 0 0 0 0 0 0 0 0 0 0 0 0 0 0 0 0 0 0 0 0 0 0 0 0 0 0 0 0 0 0 0 0 0 0 0 0 0 0 0 0 0 0 0 0 0 0 0 0 0 0 0 0 0 0 0 0 0 0 0 0 0 0 0 0 0 0 0 0 0
0 0 0 0 0 0 0 0 0 0 0 0 0 0 0 0 0 0 0 0 0 0 0 0 0 0 0 0 0 0 1.01 0 0 0 0 0 0 0 0 0 0 0 0 0 0 0 0 0 0 0 0 0 0 0 0 0 0 0 0 0 0 0 0 0 0 0 0 0 0 0 0 0 0 0 0 0 0 0 0 0 0 0 0 0 0 0 0 0 0 0 0 0 0 0 0 0 0 0 0 0 0 0 0 0 0 0 0 0 0 0 0 0 0 0 0 0 0 0 0 0 0 0 0 0
0.612466 0 0.6777403 -0.2579195 0.6746259 -0.2540137 -0.2577774 0 0 -0.3104935 0 -0.04386569 0 0.6152441 -0.1115133 0.977426 0.6157768 0.6157768 0.3038668 0 0.9875425 0 0 0 0 0.6184402 0.992434 0 0.992434 0 0 1.01 0.07403144 0.6154335 -0.3138321 0.6127219 -0.1097284 -0.08670311 0 0.6154335 0.992434 -0.2589448 0 0 0.9923034 -0.126417 0.9709032 -0.3138321 0 0 0 0 0.9873687 0 0 0.9923034 0.9998703 0.9923034 0.9923034 0.9923034 0.9921789 -0.2730082 0 0.9899091 0.3201736 0 -0.2995626 0.9903385 0.9921789 0.2845862 0 0 0.9921789 0.634603 -0.2723559 0 0 0 0.987741 0 0 0.9870877 0.9095251 -0.08765545 0 0 -0.2604078 0.9608333 0.9610782 -0.06431432 0 0 0.8858241 0 0.3248347 0 0.9610782 0.8858241 0.9481046 0 -0.03322588 0 0.9226875 0.9249189 0 0.9244124 0 0.6154923 -0.0839476 0 0 -0.08728982 0 0 0 0 0 0 0 0 0 -0.09737087 0 0
0.09411614 0 0.08964147 0.03290143 0.08929595 0.03312363 0.03287656 0 0 0.03297861 0 0.01453801 0 0.09443547 0.01348102 0.0763935 0.09449163 0.09449163 0.01260571 0 0.07402549 0 0 0 0 0.09464993 0.07500961 0 0.07500961 0 0 0.07403144 1.01 0.09467018 0.03400508 0.09547075 0.01179106 -0.003194854 0 0.09467018 0.07500961 0.034676 0 0 0.07498715 0.02008446 0.07517485 0.03400508 0 0 0 0 0.07574778 0 0 0.07498715 0.074009 0.07498715 0.07498715 0.07498715 0.07499033 0.02996342 0 0.07527881 0.0122743 0 0.03719147 0.07475307 0.07499033 0.02786366 0 0 0.07499033 0.09657009 0.02994965 0 0 0 0.07459276 0 0 0.07569085 0.08121672 0.02172984 0 0 0.03509434 0.07266416 0.07261897 0.006170903 0 0 0.07886807 0 0.02633028 0 0.07261897 0.07886807 0.07359516 0 0.01405848 0 0.0724414 0.07372425 0 0.07381438 0 0.09576497 0.01785626 0 0 0.01858563 0 0 0 0 0 0 0 0 0 0.01659891 0 0
0.9916887 0 0.8959389 0.4282133 0.8944808 0.4298445 0.4285117 0 0 0.5329593 0 -0.0631579 0 0.993083 -0.1625724 0.618459 0.9934847 0.9934847 0.1945335 0 0.6154559 0 0 0 0 0.9946142 0.6202877 0 0.6202877 0 0 0.6154335 0.09467018 1.01 0.5459726 0.9959067 -0.1781534 -0.07036877 0 1 0.6202877 0.443871 0 0 0.6200488 -0.2102304 0.6278358 0.5459726 0 0 0 0 0.6134439 0 0 0.6200488 0.6151945 0.6200488 0.6200488 0.6200488 0.6199012 0.4595858 0 0.617349 0.201811 0 0.5201996 0.6185573 0.6199012 0.1707886 0 0 0.6199012 0.9680159 0.4589601 0 0 0 0.6161239 0 0 0.6157936 0.6756537 0.2121252 0 0 0.4355569 0.6318327 0.632254 -0.1047773 0 0 0.6932025 0 0.1963506 0 0.632254 0.6932025 0.623794 0 0.05832272 0 0.6044222 0.6102534 0 0.609623 0 0.920858 0.1957146 0 0 0.1972187 0 0 0 0 0 0 0 0 0 0.1899346 0 0
0.5390202 0 0.3518334 0.7962835 0.3533468 0.7941226 0.7964912 0 0 0.9752968 0 -0.02839783 0 0.5377733 -0.07607094 -0.3019895 0.5377026 0.5377026 -0.08536134 0 -0.3166477 0 0 0 0 0.5361484 -0.3160227 0 -0.3160227 0 0 -0.3138321 0.03400508 0.5459726 1.01 0.5439795 -0.09697157 0.008937404 0 0.5459726 -0.3160227 0.8164982 0 0 -0.316175 -0.1189261 -0.2815914 1 0 0 0 0 -0.3188226 0 0 -0.316175 -0.3139856 -0.316175 -0.316175 -0.316175 -0.3162163 0.8502879 0 -0.3168367 -0.09372058 0 0.9533049 -0.3159252 -0.3162163 -0.09389637 0 0 -0.3162163 0.4864727 0.848835 0 0 0 -0.3161266 0 0 -0.3158403 -0.1589131 0.3537264 0 0 0.8080289 -0.2682242 -0.2679788 -0.05643098 0 0 -0.1168987 0 -0.1057307 0 -0.2679788 -0.1168987 -0.2622707 0 0.1073103 0 -0.2611884 -0.2564859 0 -0.2567018 0 0.449417 0.330004 0 0 0.3241351 0 0 0 0 0 0 0 0 0 0.3372187 0 0
0.987619 0 0.8916444 0.4260321 0.8902007 0.4276558 0.4263315 0 0 0.5310086 0 -0.06376506 0 0.9889998 -0.1635193 0.6156432 0.9893991 0.9893991 0.193112 0 0.6126946 0 0 0 0 0.9905643 0.6175331 0 0.6175331 0 0 0.6127219 0.09547075 0.9959067 0.5439795 1.01 -0.1790404 -0.07016414 0 0.9959067 0.6175331 0.4416228 0 0 0.6172952 -0.2100368 0.6250248 0.5439795 0 0 0 0 0.610658 0 0 0.6172952 0.6124839 0.6172952 0.6172952 0.6172952 0.6171473 0.457159 0 0.6145825 0.2008945 0 0.5179825 0.6158138 0.6171473 0.1707661 0 0 0.6171473 0.9637819 0.4565333 0 0 0 0.6133874 0 0 0.6130592 0.6730436 0.212139 0 0 0.4332924 0.6289347 0.6293578 -0.1037136 0 0 0.69041 0 0.1947761 0 0.6293578 0.69041 0.6206796 0 0.05914049 0 0.6016317 0.6074568 0 0.6068226 0 0.9168293 0.1956446 0 0 0.1971111 0 0 0 0 0 0 0 0 0 0.1899337 0 0
-0.1782937 0 -0.1632696 -0.08227148 -0.1626372 -0.08262628 -0.08303171 0 0 -0.09726546 0 -0.01874354 0 -0.1788809 0.9706201 -0.1124235 -0.1789822 -0.1789822 -0.03412932 0 -0.1093162 0 0 0 0 -0.1774235 -0.1103251 0 -0.1103251 0 0 -0.1097284 0.01179106 -0.1781534 -0.09697157 -0.1790404 1.01 -0.02989038 0 -0.1781534 -0.1103251 -0.08370415 0 0 -0.1102841 -0.03507254 -0.1128103 -0.09697157 0 0 0 0 -0.1110599 0 0 -0.1102841 -0.1096874 -0.1102841 -0.1102841 -0.1102841 -0.1102967 -0.0841204 0 -0.1108644 -0.03663848 0 -0.09250446 -0.1111459 -0.1102967 -0.01981484 0 0 -0.1102967 -0.1726045 -0.08410741 0 0 0 -0.1101914 0 0 -0.1100968 -0.1190139 -0.03232752 0 0 -0.07013553 -0.1114489 -0.1120156 0.4850405 0 0 -0.121292 0 -0.03996995 0 -0.1120156 -0.121292 -0.08893958 0 -0.01354205 0 -0.1086525 -0.1102201 0 -0.1103846 0 -0.1677415 -0.02906667 0 0 -0.03043842 0 0 0 0 0 0 0 0 0 -0.02822564 0 0
-0.07026277 0 -0.1275429 -0.05794641 -0.1270306 -0.0582537 -0.05791025 0 0 0.008886135 0 -0.0120534 0 -0.07139911 -0.03008453 -0.08813843 -0.07080217 -0.07080217 -0.01876009 0 -0.08692015 0 0 0 0 -0.06951768 -0.08746559 0 -0.08746559 0 0 -0.08670311 -0.003194854 -0.07036877 0.008937404 -0.07016414 -0.02989038 1.01 0 -0.07036877 -0.08746559 -0.05856246 0 0 -0.08743242 -0.03202562 -0.08791113 0.008937404 0 0 0 0 -0.08859139 0 0 -0.08743242 -0.08666992 -0.08743242 -0.08743242 -0.08743242 -0.08744311 -0.06448206 0 -0.08790501 -0.02253012 0 -0.06844877 -0.08706859 -0.08744311 -0.02146469 0 0 -0.08744311 -0.132907 -0.06447005 0 0 0 -0.0860364 0 0 -0.0867486 -0.09137038 -0.02076364 0 0 -0.05725764 -0.0918088 -0.09174214 -0.01734401 0 0 -0.09703695 0 -0.02869435 0 -0.09174214 -0.09703695 -0.09069816 0 -0.001240043 0 -0.08954744 -0.08896935 0 -0.08910242 0 -0.1298549 -0.02133802 0 0 -0.02247019 0 0 0 0 0 0 0 0 0 -0.01935642 0 0
0 0 0 0 0 0 0 0 0 0 0 0 0 0 0 0 0 0 0 0 0 0 0 0 0 0 0 0 0 0 0 0 0 0 0 0 0 0 1.01 0 0 0 0 0 0 0 0 0 0 0 0 0 0 0 0 0 0 0 0 0 0 0 0 0 0 0 0 0 0 0 0 0 0 0 0 0 0 0 0 0 0 0 0 0 0 0 0 0 0 0 0 0 0 0 0 0 0 0 0 0 0 0 0 0 0 0 0 0 0 0 0 0 0 0 0 0 0 0 0 0 0 0 0 0
0.9916887 0 0.8959389 0.4282133 0.8944808 0.4298445 0.4285117 0 0 0.5329593 0 -0.0631579 0 0.993083 -0.1625724 0.618459 0.9934847 0.9934847 0.1945335 0 0.6154559 0 0 0 0 0.9946142 0.6202877 0 0.6202877 0 0 0.6154335 0.09467018 1 0.5459726 0.9959067 -0.1781534 -0.07036877 0 1.01 0.6202877 0.443871 0 0 0.6200488 -0.2102304 0.6278358 0.5459726 0 0 0 0 0.6134439 0 0 0.6200488 0.6151945 0.6200488 0.6200488 0.6200488 0.6199012 0.4595858 0 0.617349 0.201811 0 0.5201996 0.6185573 0.6199012 0.1707886 0 0 0.6199012 0.9680159 0.4589601 0 0 0 0.6161239 0 0 0.6157936 0.6756537 0.2121252 0 0 0.4355569 0.6318327 0.632254 -0.1047773 0 0 0.6932025 0 0.1963506 0 0.632254 0.6932025 0.623794 0 0.05832272 0 0.6044222 0.6102534 0 0.609623 0 0.920858 0.1957146 0 0 0.1972187 0 0 0 0 0 0 0 0 0 0.1899346 0 0
0.6173677 0 0.6835918 -0.2594059 0.680517 -0.255532 -0.2592628 0 0 -0.3126315 0 -0.04466213 0 0.6201182 -0.1122092 0.9848278 0.6206413 0.6206413 0.3008763 0 0.9951155 0 0 0 0 0.6233556 1 0 1 0 0 0.992434 0.07500961 0.6202877 -0.3160227 0.6175331 -0.1103251 -0.08746559 0 0.6202877 1.01 -0.2605439 0 0 0.9998714 -0.1265211 0.9763657 -0.3160227 0 0 0 0 0.9948831 0 0 0.9998714 0.9923064 0.9998714 0.9998714 0.9998714 0.9997429 -0.2742505 0 0.9974383 0.316971 0 -0.301664 0.9979438 0.9997429 0.281913 0 0 0.9997429 0.6395889 -0.2736004 0 0 0 0.995373 0 0 0.9947302 0.9159676 -0.0898593 0 0 -0.2620284 0.9684289 0.9686755 -0.06544485 0 0 0.8922153 0 0.322065 0 0.9686755 0.8922153 0.9537516 0 -0.0340373 0 0.9307539 0.9329619 0 0.9324518 0 0.6207272 -0.08623395 0 0 -0.0895962 0 0 0 0 0 0 0 0 0 -0.09954504 0 0
0.4348137 0 0.4826537 0.9740367 0.4837665 0.9719375 0.9742307 0 0 0.7855206 0 -0.02776656 0 0.4337863 -0.05794705 -0.241931 0.4338838 0.4338838 -0.07739244 0 -0.2609697 0 0 0 0 0.4310816 -0.2605439 0 -0.2605439 0 0 -0.2589448 0.034676 0.443871 0.8164982 0.4416228 -0.08370415 -0.05856246 0 0.443871 -0.2605439 1.01 0 0 -0.260756 -0.09635994 -0.2211789 0.8164982 0 0 0 0 -0.2627186 0 0 -0.260756 -0.2591583 -0.260756 -0.260756 -0.260756 -0.2607896 0.9594805 0 -0.2612618 -0.08395911 0 0.8558091 -0.2599613 -0.2607896 -0.07329086 0 0 -0.2607896 0.4570154 0.9577787 0 0 0 -0.2611015 0 0 -0.2608669 -0.2799173 -0.07518106 0 0 0.990697 -0.2677651 -0.2675629 -0.04946645 0 0 -0.2880578 0 -0.08568665 0 -0.2675629 -0.2880578 -0.261785 0 0.07463939 0 -0.2597852 -0.2585495 0 -0.2589532 0 0.4169995 -0.07778584 0 0 -0.07823315 0 0 0 0 0 0 0 0 0 -0.07724551 0 0
0 0 0 0 0 0 0 0 0 0 0 0 0 0 0 0 0 0 0 0 0 0 0 0 0 0 0 0 0 0 0 0 0 0 0 0 0 0 0 0 0 0 1.01 0 0 0 0 0 0 0 0 0 0 0 0 0 0 0 0 0 0 0 0 0 0 0 0 0 0 0 0 0 0 0 0 0 0 0 0 0 0 0 0 0 0 0 0 0 0 0 0 0 0 0 0 0 0 0 0 0 0 0 0 0 0 0 0 0 0 0 0 0 0 0 0 0 0 0 0 0 0 0 0 0
0 0 0 0 0 0 0 0 0 0 0 0 0 0 0 0 0 0 0 0 0 0 0 0 0 0 0 0 0 0 0 0 0 0 0 0 0 0 0 0 0 0 0 1.01 0 0 0 0 0 0 0 0 0 0 0 0 0 0 0 0 0 0 0 0 0 0 0 0 0 0 0 0 0 0 0 0 0 0 0 0 0 0 0 0 0 0 0 0 0 0 0 0 0 0 0 0 0 0 0 0 0 0 0 0 0 0 0 0 0 0 0 0 0 0 0 0 0 0 0 0 0 0 0 0
0.6171283 0 0.6833258 -0.2593067 0.6802505 -0.2554326 -0.2591636 0 0 -0.3125099 0 -0.04464515 0 0.619879 -0.112167 0.9844475 0.6204022 0.6204022 0.3009144 0 0.9949872 0 0 0 0 0.6231153 0.9998714 0 0.9998714 0 0 0.9923034 0.07498715 0.6200488 -0.316175 0.6172952 -0.1102841 -0.08743242 0 0.6200488 0.9998714 -0.260756 0 0 1.01 -0.1264717 0.9764958 -0.316175 0 0 0 0 0.9950125 0 0 1 0.9924341 1 1 1 0.9998715 -0.2744501 0 0.9975671 0.3170109 0 -0.3018293 0.9980722 0.9998715 0.2819481 0 0 0.9998715 0.6395696 -0.2738 0 0 0 0.9955012 0 0 0.9948583 0.9161082 -0.08981498 0 0 -0.2622397 0.9685611 0.9688076 -0.06542058 0 0 0.8923605 0 0.3221072 0 0.9688076 0.8923605 0.9538837 0 -0.03402091 0 0.9308837 0.9330918 0 0.9325819 0 0.6207018 -0.08618852 0 0 -0.08955017 0 0 0 0 0 0 0 0 0 -0.09950045 0 0
-0.2085177 0 -0.1883694 -0.09332877 -0.1876058 -0.09377035 -0.0932754 0 0 -0.1167487 0 -0.02207911 0 -0.2092227 -0.03716822 -0.1271333 -0.2093464 -0.2093464 -0.04810497 0 -0.126884 0 0 0 0 -0.2094256 -0.1265211 0 -0.1265211 0 0 -0.126417 0.02008446 -0.2102304 -0.1189261 -0.2100368 -0.03507254 -0.03202562 0 -0.2102304 -0.1265211 -0.09635994 0 0 -0.1264717 1.01 -0.1300936 -0.1189261 0 0 0 0 -0.1270958 0 0 -0.1264717 -0.1263675 -0.1264717 -0.1264717 -0.1264717 -0.1264886 -0.1010696 0 -0.1271826 -0.05000289 0 -0.1116327 -0.1264821 -0.1264886 -0.03087526 0 0 -0.1264886 -0.2019531 -0.1010537 0 0 0 -0.1266748 0 0 -0.1265593 -0.1374116 -0.04045924 0 0 -0.09658577 -0.1314383 -0.131339 -0.02223798 0 0 -0.142738 0 -0.03960595 0 -0.131339 -0.142738 -0.1303915 0 -0.0172432 0 -0.1212414 -0.1204478 0 -0.1206459 0 -0.1886961 -0.03992703 0 0 -0.0402642 0 0 0 0 0 0 0 0 0 -0.03847513 0 0
0.624967 0 0.6908972 -0.2191635 0.6878639 -0.215106 -0.2190158 0 0 -0.2777816 0 -0.04723426 0 0.6276899 -0.1141377 0.960991 0.6282025 0.6282025 0.2990757 0 0.9714886 0 0 0 0 0.6307561 0.9763657 0 0.9763657 0 0 0.9709032 0.07517485 0.6278358 -0.2815914 0.6250248 -0.1128103 -0.08791113 0 0.6278358 0.9763657 -0.2211789 0 0 0.9764958 -0.1300936 1.01 -0.2815914 0 0 0 0 0.9712259 0 0 0.9764958 0.9710353 0.9764958 0.9764958 0.9764958 0.9763709 -0.2366754 0 0.974071 0.3155358 0 -0.2657794 0.9745842 0.9763709 0.2805473 0 0 0.9763709 0.6478299 -0.2360101 0 0 0 0.9717758 0 0 0.9711357 0.8944515 -0.08718805 0 0 -0.2227404 0.9444928 0.9447425 -0.06909395 0 0 0.8702795 0 0.3191006 0 0.9447425 0.8702795 0.9321547 0 -0.03506869 0 0.9067901 0.9089822 0 0.9084663 0 0.628599 -0.08380316 0 0 -0.08725007 0 0 0 0 0 0 0 0 0 -0.09748463 0 0
0.5390202 0 0.3518334 0.7962835 0.3533468 0.7941226 0.7964912 0 0 0.9752968 0 -0.02839783 0 0.5377733 -0.07607094 -0.3019895 0.5377026 0.5377026 -0.08536134 0 -0.3166477 0 0 0 0 0.5361484 -0.3160227 0 -0.3160227 0 0 -0.3138321 0.03400508 0.5459726 1 0.5439795 -0.09697157 0.008937404 0 0.5459726 -0.3160227 0.8164982 0 0 -0.316175 -0.1189261 -0.2815914 1.01 0 0 0 0 -0.3188226 0 0 -0.316175 -0.3139856 -0.316175 -0.316175 -0.316175 -0.3162163 0.8502879 0 -0.3168367 -0.09372058 0 0.9533049 -0.3159252 -0.3162163 -0.09389637 0 0 -0.3162163 0.4864727 0.848835 0 0 0 -0.3161266 0 0 -0.3158403 -0.1589131 0.3537264 0 0 0.8080289 -0.2682242 -0.2679788 -0.05643098 0 0 -0.1168987 0 -0.1057307 0 -0.2679788 -0.1168987 -0.2622707 0 0.1073103 0 -0.2611884 -0.2564859 0 -0.2567018 0 0.449417 0.330004 0 0 0.3241351 0 0 0 0 0 0 0 0 0 0.3372187 0 0
0 0 0 0 0 0 0 0 0 0 0 0 0 0 0 0 0 0 0 0 0 0 0 0 0 0 0 0 0 0 0 0 0 0 0 0 0 0 0 0 0 0 0 0 0 0 0 0 1.01 0 0 0 0 0 0 0 0 0 0 0 0 0 0 0 0 0 0 0 0 0 0 0 0 0 0 0 0 0 0 0 0 0 0 0 0 0 0 0 0 0 0 0 0 0 0 0 0 0 0 0 0 0 0 0 0 0 0 0 0 0 0 0 0 0 0 0 0 0 0 0 0 0 0 0
0 0 0 0 0 0 0 0 0 0 0 0 0 0 0 0 0 0 0 0 0 0 0 0 0 0 0 0 0 0 0 0 0 0 0 0 0 0 0 0 0 0 0 0 0 0 0 0 0 1.01 0 0 0 0 0 0 0 0 0 0 0 0 0 0 0 0 0 0 0 0 0 0 0 0 0 0 0 0 0 0 0 0 0 0 0 0 0 0 0 0 0 0 0 0 0 0 0 0 0 0 0 0 0 0 0 0 0 0 0 0 0 0 0 0 0 0 0 0 0 0 0 0 0 0
0 0 0 0 0 0 0 0 0 0 0 0 0 0 0 0 0 0 0 0 0 0 0 0 0 0 0 0 0 0 0 0 0 0 0 0 0 0 0 0 0 0 0 0 0 0 0 0 0 0 1.01 0 0 0 0 0 0 0 0 0 0 0 0 0 0 0 0 0 0 0 0 0 0 0 0 0 0 0 0 0 0 0 0 0 0 0 0 0 0 0 0 0 0 0 0 0 0 0 0 0 0 0 0 0 0 0 0 0 0 0 0 0 0 0 0 0 0 0 0 0 0 0 0 0
0 0 0 0 0 0 0 0 0 0 0 0 0 0 0 0 0 0 0 0 0 0 0 0 0 0 0 0 0 0 0 0 0 0 0 0 0 0 0 0 0 0 0 0 0 0 0 0 0 0 0 1.01 0 0 0 0 0 0 0 0 0 0 0 0 0 0 0 0 0 0 0 0 0 0 0 0 0 0 0 0 0 0 0 0 0 0 0 0 0 0 0 0 0 0 0 0 0 0 0 0 0 0 0 0 0 0 0 0 0 0 0 0 0 0 0 0 0 0 0 0 0 0 0 0
0.6107795 0 0.6774869 -0.2608835 0.6744314 -0.2570238 -0.2607396 0 0 -0.3148443 0 -0.04369634 0 0.6135113 -0.113005 0.9794199 0.6140317 0.6140317 0.2989739 0 0.9899985 0 0 0 0 0.6165522 0.9948831 0 0.9948831 0 0 0.9873687 0.07574778 0.6134439 -0.3188226 0.610658 -0.1110599 -0.08859139 0 0.6134439 0.9948831 -0.2627186 0 0 0.9950125 -0.1270958 0.9712259 -0.3188226 0 0 0 0 1.01 0 0 0.9950125 0.9875002 0.9950125 0.9950125 0.9950125 0.9948841 -0.2765873 0 0.9925702 0.314977 0 -0.3042281 0.9930977 0.9948841 0.2801529 0 0 0.9948841 0.6332148 -0.2759381 0 0 0 0.9905375 0 0 0.9898976 0.9112103 -0.09018672 0 0 -0.2639063 0.9634677 0.963716 -0.06626631 0 0 0.8873062 0 0.3205931 0 0.963716 0.8873062 0.9488195 0 -0.03301378 0 0.9259525 0.9281514 0 0.9276381 0 0.6148165 -0.08664189 0 0 -0.09003413 0 0 0 0 0 0 0 0 0 -0.1004793 0 0
0 0 0 0 0 0 0 0 0 0 0 0 0 0 0 0 0 0 0 0 0 0 0 0 0 0 0 0 0 0 0 0 0 0 0 0 0 0 0 0 0 0 0 0 0 0 0 0 0 0 0 0 0 1.01 0 0 0 0 0 0 0 0 0 0 0 0 0 0 0 0 0 0 0 0 0 0 0 0 0 0 0 0 0 0 0 0 0 0 0 0 0 0 0 0 0 0 0 0 0 0 0 0 0 0 0 0 0 0 0 0 0 0 0 0 0 0 0 0 0 0 0 0 0 0
0 0 0 0 0 0 0 0 0 0 0 0 0 0 0 0 0 0 0 0 0 0 0 0 0 0 0 0 0 0 0 0 0 0 0 0 0 0 0 0 0 0 0 0 0 0 0 0 0 0 0 0 0 0 1.01 0 0 0 0 0 0 0 0 0 0 0 0 0 0 0 0 0 0 0 0 0 0 0 0 0 0 0 0 0 0 0 0 0 0 0 0 0 0 0 0 0 0 0 0 0 0 0 0 0 0 0 0 0 0 0 0 0 0 0 0 0 0 0 0 0 0 0 0 0
0.6171283 0 0.6833258 -0.2593067 0.6802505 -0.2554326 -0.2591636 0 0 -0.3125099 0 -0.04464515 0 0.619879 -0.112167 0.9844475 0.6204022 0.6204022 0.3009144 0 0.9949872 0 0 0 0 0.6231153 0.9998714 0 0.9998714 0 0 0.9923034 0.07498715 0.6200488 -0.316175 0.6172952 -0.1102841 -0.08743242 0 0.6200488 0.9998714 -0.260756 0 0 1 -0.1264717 0.9764958 -0.316175 0 0 0 0 0.9950125 0 0 1.01 0.9924341 1 1 1 0.9998715 -0.2744501 0 0.9975671 0.3170109 0 -0.3018293 0.9980722 0.9998715 0.2819481 0 0 0.9998715 0.6395696 -0.2738 0 0 0 0.9955012 0 0 0.9948583 0.9161082 -0.08981498 0 0 -0.2622397 0.9685611 0.9688076 -0.06542058 0 0 0.8923605 0 0.3221072 0 0.9688076 0.8923605 0.9538837 0 -0.03402091 0 0.9308837 0.9330918 0 0.9325819 0 0.6207018 -0.08618852 0 0 -0.08955017 0 0 0 0 0 0 0 0 0 -0.09950045 0 0
0.6122264 0 0.6774741 -0.2578202 0.6743592 -0.2539144 -0.2576782 0 0 -0.3103719 0 -0.04384869 0 0.6150047 -0.1114711 0.9770454 0.6155375 0.6155375 0.3039055 0 0.9874151 0 0 0 0 0.6181999 0.9923064 0 0.9923064 0 0 0.9998703 0.074009 0.6151945 -0.3139856 0.6124839 -0.1096874 -0.08666992 0 0.6151945 0.9923064 -0.2591583 0 0 0.9924341 -0.1263675 0.9710353 -0.3139856 0 0 0 0 0.9875002 0 0 0.9924341 1.01 0.9924341 0.9924341 0.9924341 0.9923096 -0.2732091 0 0.99004 0.3202141 0 -0.2997292 0.9904689 0.9923096 0.2846218 0 0 0.9923096 0.6345847 -0.2725569 0 0 0 0.9878712 0 0 0.9872179 0.9096677 -0.08761107 0 0 -0.2606204 0.9609676 0.9612125 -0.06429004 0 0 0.8859713 0 0.3248776 0 0.9612125 0.8859713 0.9482388 0 -0.03320947 0 0.9228193 0.9250508 0 0.9245445 0 0.6154678 -0.08390211 0 0 -0.08724372 0 0 0 0 0 0 0 0 0 -0.09732624 0 0
0.6171283 0 0.6833258 -0.2593067 0.6802505 -0.2554326 -0.2591636 0 0 -0.3125099 0 -0.04464515 0 0.619879 -0.112167 0.9844475 0.6204022 0.6204022 0.3009144 0 0.9949872 0 0 0 0 0.6231153 0.9998714 0 0.9998714 0 0 0.9923034 0.07498715 0.6200488 -0.316175 0.6172952 -0.1102841 -0.08743242 0 0.6200488 0.9998714 -0.260756 0 0 1 -0.1264717 0.9764958 -0.316175 0 0 0 0 0.9950125 0 0 1 0.9924341 1.01 1 1 0.9998715 -0.2744501 0 0.9975671 0.3170109 0 -0.3018293 0.9980722 0.9998715 0.2819481 0 0 0.9998715 0.6395696 -0.2738 0 0 0 0.9955012 0 0 0.9948583 0.9161082 -0.08981498 0 0 -0.2622397 0.9685611 0.9688076 -0.06542058 0 0 0.8923605 0 0.3221072 0 0.9688076 0.8923605 0.9538837 0 -0.03402091 0 0.9308837 0.9330918 0 0.9325819 0 0.6207018 -0.08618852 0 0 -0.08955017 0 0 0 0 0 0 0 0 0 -0.09950045 0 0
0.6171283 0 0.6833258 -0.2593067 0.6802505 -0.2554326 -0.2591636 0 0 -0.3125099 0 -0.04464515 0 0.619879 -0.112167 0.9844475 0.6204022 0.6204022 0.3009144 0 0.9949872 0 0 0 0 0.6231153 0.9998714 0 0.9998714 0 0 0.9923034 0.07498715 0.6200488 -0.316175 0.6172952 -0.1102841 -0.08743242 0 0.6200488 0.9998714 -0.260756 0 0 1 -0.1264717 0.9764958 -0.316175 0 0 0 0 0.9950125 0 0 1 0.9924341 1 1.01 1 0.9998715 -0.2744501 0 0.9975671 0.3170109 0 -0.3018293 0.9980722 0.9998715 0.2819481 0 0 0.9998715 0.6395696 -0.2738 0 0 0 0.9955012 0 0 0.9948583 0.9161082 -0.08981498 0 0 -0.2622397 0.9685611 0.9688076 -0.06542058 0 0 0.8923605 0 0.3221072 0 0.9688076 0.8923605 0.9538837 0 -0.03402091 0 0.9308837 0.9330918 0 0.9325819 0 0.6207018 -0.08618852 0 0 -0.08955017 0 0 0 0 0 0 0 0 0 -0.09950045 0 0
0.6171283 0 0.6833258 -0.2593067 0.6802505 -0.2554326 -0.2591636 0 0 -0.3125099 0 -0.04464515 0 0.619879 -0.112167 0.9844475 0.6204022 0.6204022 0.3009144 0 0.9949872 0 0 0 0 0.6231153 0.9998714 0 0.9998714 0 0 0.9923034 0.07498715 0.6200488 -0.316175 0.6172952 -0.1102841 -0.08743242 0 0.6200488 0.9998714 -0.260756 0 0 1 -0.1264717 0.9764958 -0.316175 0 0 0 0 0.9950125 0 0 1 0.9924341 1 1 1.01 0.9998715 -0.2744501 0 0.9975671 0.3170109 0 -0.3018293 0.9980722 0.9998715 0.2819481 0 0 0.9998715 0.6395696 -0.2738 0 0 0 0.9955012 0 0 0.9948583 0.9161082 -0.08981498 0 0 -0.2622397 0.9685611 0.9688076 -0.06542058 0 0 0.8923605 0 0.3221072 0 0.9688076 0.8923605 0.9538837 0 -0.03402091 0 0.9308837 0.9330918 0 0.9325819 0 0.6207018 -0.08618852 0 0 -0.08955017 0 0 0 0 0 0 0 0 0 -0.09950045 0 0
0.616982 0 0.6831861 -0.2593392 0.6801121 -0.2554663 -0.2591962 0 0 -0.3125512 0 -0.04465065 0 0.6197317 -0.1121804 0.9843196 0.6202548 0.6202548 0.300799 0 0.9948597 0 0 0 0 0.6229682 0.9997429 0 0.9997429 0 0 0.9921789 0.07499033 0.6199012 -0.3162163 0.6171473 -0.1102967 -0.08744311 0 0.6199012 0.9997429 -0.2607896 0 0 0.9998715 -0.1264886 0.9763709 -0.3162163 0 0 0 0 0.9948841 0 0 0.9998715 0.9923096 0.9998715 0.9998715 0.9998715 1.01 -0.2744841 0 0.9976952 0.3168896 0 -0.3018685 0.9982019 1 0.2818406 0 0 1 0.6396518 -0.2738342 0 0 0 0.9956318 0 0 0.9949893 0.9162255 -0.0898362 0 0 -0.2622734 0.9686899 0.9689365 -0.06542803 0 0 0.8924757 0 0.3226032 0 0.9689365 0.8924757 0.9540172 0 -0.03402855 0 0.9310285 0.9332358 0 0.9327259 0 0.6207959 -0.08621178 0 0 -0.08957316 0 0 0 0 0 0 0 0 0 -0.09951945 0 0
0.450662 0 0.501088 0.9343686 0.502281 0.932268 0.9345645 0 0 0.8202829 0 -0.02585718 0 0.4495944 -0.05885323 -0.2565786 0.4496592 0.4496592 -0.07970346 0 -0.2747127 0 0 0 0 0.447207 -0.2742505 0 -0.2742505 0 0 -0.2730082 0.02996342 0.4595858 0.8502879 0.457159 -0.0841204 -0.06448206 0 0.4595858 -0.2742505 0.9594805 0 0 -0.2744501 -0.1010696 -0.2366754 0.8502879 0 0 0 0 -0.2765873 0 0 -0.2744501 -0.2732091 -0.2744501 -0.2744501 -0.2744501 -0.2744841 1.01 0 -0.2750314 -0.08681702 0 0.8916266 -0.2736064 -0.2744841 -0.07795761 0 0 -0.2744841 0.4737642 0.9983812 0 0 0 -0.2749712 0 0 -0.2747285 -0.2945956 -0.07867561 0 0 0.9510524 -0.2195387 -0.2193296 -0.04912352 0 0 -0.2432381 0 -0.09153333 0 -0.2193296 -0.2432381 -0.2132725 0 0.07025993 0 -0.2145068 -0.2088026 0 -0.2092208 0 0.4316896 -0.08165271 0 0 -0.08229821 0 0 0 0 0 0 0 0 0 -0.08148621 0 0
0 0 0 0 0 0 0 0 0 0 0 0 0 0 0 0 0 0 0 0 0 0 0 0 0 0 0 0 0 0 0 0 0 0 0 0 0 0 0 0 0 0 0 0 0 0 0 0 0 0 0 0 0 0 0 0 0 0 0 0 0 0 1.01 0 0 0 0 0 0 0 0 0 0 0 0 0 0 0 0 0 0 0 0 0 0 0 0 0 0 0 0 0 0 0 0 0 0 0 0 0 0 0 0 0 0 0 0 0 0 0 0 0 0 0 0 0 0 0 0 0 0 0 0 0
0.6144456 0 0.6807182 -0.259778 0.6776559 -0.255915 -0.2596346 0 0 -0.3131563 0 -0.04488731 0 0.6171847 -0.1127664 0.9820031 0.6177058 0.6177058 0.2996533 0 0.9925588 0 0 0 0 0.620433 0.9974383 0 0.9974383 0 0 0.9899091 0.07527881 0.617349 -0.3168367 0.6145825 -0.1108644 -0.08790501 0 0.617349 0.9974383 -0.2612618 0 0 0.9975671 -0.1271826 0.974071 -0.3168367 0 0 0 0 0.9925702 0 0 0.9975671 0.99004 0.9975671 0.9975671 0.9975671 0.9976952 -0.2750314 0 1.01 0.3156873 0 -0.3023772 0.9959054 0.9976952 0.2815056 0 0 0.9976952 0.6371999 -0.2743823 0 0 0 0.9933426 0 0 0.9927023 0.9140173 -0.08988606 0 0 -0.2627519 0.9663558 0.9666029 -0.06576374 0 0 0.8902092 0 0.3213495 0 0.9666029 0.8902092 0.9517099 0 -0.0342709 0 0.9288068 0.9310078 0 0.9304968 0 0.6184753 -0.08630359 0 0 -0.08967676 0 0 0 0 0 0 0 0 0 -0.09956188 0 0
