1.01 0.6189567 0.1044918 -0.6021829 0.0706457 0.07352654 0.4309848 0 0.07396004 0.07144709 0.1748072 0.07138662 0.1242097 0 0.1928633 -0.3602555 0.6208004 0 0.158493 -0.1676942 0.2120724 0.0843245 0 0.6047294 0 0 0.1438635 0.6051537 0.9757107 -0.1999143 0.2482336 -0.1416381 0.06043519 0 0.1169262 0 -0.3351841 0.2392687 0 -0.5683693 0.1027043 0.1225506 0.2144668 0.07144709 0.1746736 -0.2406215 0.6255117 0.1746736 0.5575827 -0.5602741 0.1096451 0.1746736 0.172635 -0.2147932 0.5575827 0 0.1717689 0 0.2929001 0.240912 0.2271834 0.6255117 0.1397918 0.1187292 0.1121956 0.4372571 0.1121956 -0.2843444 0.1241312 -0.5763525 0 0.5569379 0.2896837 0 0.3214258 0.4716974 0.2299281 0.1879284 0 0 0.4974578 0.2302299 0.1397918 0.4974578 0 0.1820328 0.1887932 0 -0.2753537 -0.2828049 0 -0.2695564 0.5570941 -0.2804251 0.5570941 0.2893386 0.1350428 0.2893062 0.1370727 0.154764 0.1397918 0.2459879 -0.3367829 0.1093905 0.5942046 0 0.288293 0.1438635 0.5570941 0 0 -0.1035998 -0.2673024 0.07138662 -0.1236798 0 -0.2536049 0.1413625 0.1955049 -0.3261983 0.1373574 0 0 -0.4068298 0.2939804 0.6039972 0.2880599 0 0 0 -0.1208964 -0.1208964 0 0.3988052 0.2871353
0.6189567 1.01 0.1296157 -0.5139536 -0.06149091 0.1228877 0.4910262 0 -0.07439816 0.1059915 0.1091678 0.119185 -0.07148667 0 0.2937198 -0.2203895 0.9715762 0 0.26455 -0.1100838 -0.236781 -0.08687896 0 0.9798936 0 0 -0.1397913 0.980333 0.597913 -0.1640887 -0.1432146 -0.09389559 0.08006658 0 0.1960148 0 -0.4679867 -0.2303315 0 -0.3340887 -0.1633559 0.2077419 0.3425186 0.1059915 0.2913246 -0.1322513 0.3916145 0.2913246 0.8994183 -0.3478391 -0.1143626 0.2913246 0.1053927 -0.1345874 0.8994183 0 0.265354 0 -0.0958934 0.4565368 0.4384338 0.3916145 -0.1572435 -0.0958292 -0.1110494 0.705515 -0.1110494 -0.1855539 -0.1154486 -0.3437947 0 0.8986106 0.4176991 0 -0.01720001 0.3915159 0.4508833 0.3147671 0 0 0.8078864 -0.04803019 -0.1572435 0.8078864 0 0.2865695 0.07889157 0 -0.1749262 -0.1854627 0 -0.1713526 0.8987258 -0.5027479 0.8987258 -0.2794554 0.1195629 0.4174814 -0.1421391 0.2564991 -0.1572435 -0.2220714 -0.198192 0.1856651 0.387061 0 0.4168188 -0.1397913 0.8987258 0 0 -0.02485804 -0.1631598 0.119185 -0.0748482 0 -0.1633101 -0.1258233 -0.1763596 -0.4593542 0.2357413 0 0 -0.2414285 -0.09577291 0.3961517 0.4161665 0 0 0 -0.08221504 -0.08221504 0 0.2430478 0.4176039
0.1044918 0.1296157 1.01 -0.0812483 0.2041476 -0.01835826 0.08133062 0 -0.01056631 -0.01717926 0.01509234 -0.01755011 -0.00703974 0 -0.04806133 -0.04123082 0.1316012 0 0.6011446 -0.02522996 -0.03816624 -0.004152443 0 0.1346341 0 0 -0.02870416 0.1347587 0.07047036 -0.04676625 -0.03422099 -0.005008765 -0.01380714 0 -0.02544303 0 -0.04246375 -0.02877464 0 -0.024083 -0.02313988 -0.0283431 -0.05228944 -0.01717926 0.5515635 -0.03498123 0.06556047 0.5515635 0.1530722 -0.0243763 -0.02062361 0.5515635 0.013493 -0.0244154 0.1530722 0 -0.04316952 0 -0.06178365 0.1124471 0.1137248 0.06556047 -0.03619105 -0.003990299 -0.02278057 -0.1008426 -0.02278057 -0.03672564 0.1198242 -0.0227628 0 0.1532528 0.105363 0 -0.06659354 0.08001165 0.03143561 -0.04509744 0 0 0.1782191 -0.05608679 -0.03619105 0.1782191 0 -0.04245586 -0.03914083 0 -0.03797975 -0.03689625 0 -0.02890818 0.1533127 -0.05077567 0.1533127 -0.04246303 -0.0222171 0.105374 -0.02957194 -0.03221966 -0.03619105 -0.02956046 -0.03892653 -0.0267761 0.06825324 0 0.1051379 -0.02870416 0.1533127 0 0 -0.02379912 -0.03097093 -0.01755011 -0.003780725 0 -0.03209072 -0.03418996 -0.03607962 -0.04180531 -0.04609227 0 0 -0.05238708 -0.06157558 0.06660103 0.1052614 0 0 0 -0.02405136 -0.02405136 0 0.04215825 0.1039024
-0.6021829 -0.5139536 -0.0812483 1.01 -0.0605397 -0.0659511 0.07072986 0 -0.06583575 -0.06192542 0.07918599 -0.06463788 -0.1048742 0 -0.1629157 0.4131397 -0.5177545 0 -0.1350572 0.1969022 -0.1792813 -0.07374539 0 -0.5023538 0 0 -0.126128 -0.50316 -0.5824019 0.0137469 0.1974912 0.1667503 -0.04733523 0 -0.09587632 0 0.7053625 0.2194701 0 0.6662334 -0.1175024 -0.1057179 -0.1835333 -0.06192542 -0.149502 0.280314 -0.04231435 -0.149502 -0.4650126 0.6593629 -0.09598364 -0.149502 0.08351658 -0.02844848 -0.4650126 0 -0.1467651 0 -0.249417 0.1970354 0.2012076 -0.04231435 -0.1192698 -0.09793573 -0.09193654 -0.3609566 -0.09193654 -0.1419835 -0.1081587 0.6743263 0 -0.4641352 0.1601292 0 -0.270328 0.05387882 0.2035395 -0.1676408 0 0 -0.4129604 -0.1858773 -0.1192698 -0.4129604 0 -0.1423014 -0.1622892 0 -0.1459493 -0.1422017 0 -0.06954701 -0.4643109 0.6454388 -0.4643109 0.1119379 -0.1096966 0.1602888 -0.1260908 -0.1302702 -0.1192698 0.1857642 0.389147 -0.1005082 -0.02369915 0 0.1600515 -0.126128 -0.4643109 0 0 0.05319961 0.3262457 -0.06463788 0.1391023 0 -0.1304077 -0.1245705 0.3184029 0.6919828 -0.1069467 0 0 0.5057062 -0.2504505 -0.03021394 0.1601334 0 0 0 0.1503774 0.1503774 0 0.1502331 0.1608654
0.0706457 -0.06149091 0.2041476 -0.0605397 1.01 0.002270417 0.05877283 0 -0.0162228 0.006708877 0.02400842 0.002981826 -0.01506745 0 -0.01314611 -0.01367552 -0.06184909 0 -0.02205541 -0.01855911 -0.01724952 -0.01857463 0 -0.05989246 0 0 0.2952835 -0.05981962 0.004650382 -0.04116763 -0.0443974 -0.009347383 -0.007558703 0 -0.007725487 0 0.1329865 -0.03904348 0 0.04681323 -0.002647395 -0.007324095 -0.01272446 0.006708877 -0.02679104 -0.001761396 0.05442727 -0.02679104 -0.05568906 0.1802698 -0.004423265 -0.02679104 0.02349276 -0.02190878 -0.05568906 0 -0.01019921 0 -0.02324861 0.06893445 0.07004583 0.05442727 -0.01912345 -0.01680653 -0.01672263 -0.04214183 -0.01672263 -0.02039344 0.2049512 0.0477751 0 -0.05554407 0.06760767 0 -0.02814487 0.0590861 0.0003524148 -0.01057206 0 0 -0.052754 -0.02358685 -0.01912345 -0.052754 0 -0.02366434 -0.005373433 0 -0.02110888 -0.02049069 0 -0.03059429 -0.05553571 0.1268531 -0.05553571 0.1270103 -0.01565036 0.06761713 0.29195 -0.00479411 -0.01912345 -0.0388356 -0.01467736 -0.01097846 0.05461106 0 0.06748781 0.2952835 -0.05553571 0 0 -0.01888481 -0.02650955 0.002981826 -0.01006834 0 -0.01779846 -0.02207485 -0.03832808 0.1327389 -0.01333417 0 0 -0.03349337 -0.02311862 0.05476881 0.0675572 0 0 0 -0.01155463 -0.01155463 0 0.04124914 0.06510014
0.07352654 0.1228877 -0.01835826 -0.0659511 0.002270417 1.01 0.04778025 0 -0.01192416 -0.0091617 0.01032802 0.9796775 -0.02201978 0 -0.02633321 -0.02914964 0.1212904 0 -0.02184782 -0.008675419 -0.02250331 -0.01518296 0 0.1248923 0 0 -0.02513138 0.1249687 0.07434515 -0.03748605 -0.03145022 -0.002450774 -0.01516262 0 -0.01525493 0 -0.07287102 -0.03892046 0 -0.05342394 -0.008537884 0.5448874 0.3175185 -0.0091617 -0.02245562 -0.01838213 0.03845541 -0.02245562 0.1360552 -0.05300654 -0.02369018 -0.02245562 0.009364331 -0.005187308 0.1360552 0 -0.02617174 0 -0.04129947 0.0671179 0.06834572 0.03845541 -0.01411844 -0.01976657 -0.01211218 0.1750144 -0.01211218 -0.02521088 -0.01822327 -0.05410783 0 0.1361545 0.05854834 0 -0.04206248 0.04597238 0.06817416 0.3670121 0 0 0.152761 -0.03077052 -0.01411844 0.152761 0 -0.008926022 -0.02155127 0 -0.02595568 -0.02531268 0 -0.01548271 0.1361989 -0.08105379 0.1361989 -0.04728832 -0.009886224 0.05855236 -0.02560056 0.4488121 -0.01411844 -0.03670892 -0.03006884 -0.007500418 0.0395454 0 0.05840276 -0.02513138 0.1361989 0 0 -0.01602557 -0.01263192 0.9796775 -0.01206079 0 -0.01925082 -0.01491155 -0.02538631 -0.07448551 -0.0264991 0 0 -0.0436399 -0.04117402 0.03934072 0.05847957 0 0 0 -0.002746936 -0.002746936 0 0.02223579 0.0596717
0.4309848 0.4910262 0.08133062 0.07072986 0.05877283 0.04778025 1.01 0 0.02458592 0.05439038 0.2226102 0.04534752 0.09963337 0 0.1485361 0.1489486 0.4902168 0 0.1249251 0.07821606 -0.4787845 0.06877828 0 0.4815338 0 0 0.1187381 0.4812608 0.4156565 -0.2547495 0.1869 -0.1966303 0.03279557 0 0.1078596 0 0.3789699 0.1742669 0 0.2860221 -0.3310294 0.1031244 0.1724882 0.05439038 0.1374297 0.1218013 0.8010193 0.1374297 0.4407007 0.2897978 0.09356453 0.1374297 0.2239564 -0.2828392 0.4407007 0 0.1344747 0 -0.2229536 0.7921539 0.7787786 0.8010193 0.1138329 0.09639216 -0.2384067 0.3460259 -0.2384067 -0.3686844 0.09565177 0.28352 0 0.4406347 0.8408282 0 -0.170942 0.6790836 0.7811491 0.148906 0 0 0.3940484 -0.2884126 0.1138329 0.3940484 0 0.1532975 -0.1145249 0 -0.3596623 -0.3672582 0 -0.3481336 0.4405862 0.4055643 0.4405862 0.2164729 0.1135228 0.8403366 0.1111661 0.1296159 0.1138329 0.1776496 0.09410182 0.0869163 0.8064241 0 0.8392971 0.1187381 0.4405862 0 0 -0.1061894 -0.3395298 0.04534752 0.05277002 0 -0.3339305 0.1133228 0.1354432 0.3737638 0.139021 0 0 0.2199213 -0.2239192 0.8135936 0.8387231 0 0 0 -0.1681036 -0.1681036 0 0.5092819 0.8387108
0 0 0 0 0 0 0 1.01 0 0 0 0 0 0 0 0 0 0 0 0 0 0 0 0 0 0 0 0 0 0 0 0 0 0 0 0 0 0 0 0 0 0 0 0 0 0 0 0 0 0 0 0 0 0 0 0 0 0 0 0 0 0 0 0 0 0 0 0 0 0 0 0 0 0 0 0 0 0 0 0 0 0 0 0 0 0 0 0 0 0 0 0 0 0 0 0 0 0 0 0 0 0 0 0 0 0 0 0 0 0 0 0 0 0 0 0 0 0 0 0 0 0 0 0 0 0 0 0 0 0 0 0 0 0 0
0.07396004 -0.07439816 -0.01056631 -0.06583575 -0.0162228 -0.01192416 0.02458592 0 1.01 0.004071916 0.005797814 -0.01144857 -0.01072486 0 -0.01117938 -0.03231747 0.08561625 0 -0.01331393 -0.008150794 0.01926167 0.7324431 0 -0.07478297 0 0 -0.01524773 -0.07470468 0.07468292 0.1525759 -0.03026547 -0.00197455 0.1418053 0 -0.01820749 0 0.109656 -0.02395751 0 -0.05157191 -0.02419025 -0.01773691 -0.02105108 0.004071916 -0.01677945 -0.02010965 0.04071691 -0.01677945 -0.06693887 -0.0538499 -0.00783616 -0.01677945 0.004740961 -0.01118707 -0.06693887 0 -0.01250999 0 -6.150537e-05 0.03595057 0.03721172 0.04071691 -0.001314743 -0.00783417 -0.02296122 -0.05862976 -0.02296122 -0.0270494 -0.01041066 -0.05227165 0 -0.0667812 0.03282057 0 -0.004552145 0.04633195 0.03713195 -0.02754635 0 0 -0.06331612 0.00320283 -0.001314743 -0.06331612 0 -0.02035282 -0.03118316 0 -0.0277535 -0.0271461 0 -0.01194322 -0.06677353 0.1028001 -0.06677353 -0.03075399 0.460581 0.03281429 -0.01579496 -0.02352936 -0.001314743 -0.02369753 -0.03524717 -0.01771086 0.04438677 0 0.03265361 -0.01524773 -0.06677353 0 0 -0.01538508 -0.02487674 -0.01144857 -0.01172224 0 -0.02436804 -0.005613104 -0.01965254 0.1095301 -0.01580492 0 0 -0.03738481 0.0001035692 0.04288504 0.03273081 0 0 0 -0.007801419 -0.007801419 0 0.01523311 0.03281942
0.07144709 0.1059915 -0.01717926 -0.06192542 0.006708877 -0.0091617 0.05439038 0 0.004071916 1.01 0.02267418 -0.008716139 -0.009282405 0 -0.0127172 -0.02875329 0.1080216 0 -0.01375035 -0.01255289 -0.01582081 -0.006160457 0 0.1084026 0 0 -0.002301593 0.1084686 0.07252487 -0.04517027 -0.03478936 -0.01330397 -0.006233938 0 -0.01750989 0 -0.05701659 -0.0358079 0 -0.04048469 -0.02117683 -0.0162389 -0.01825693 1 -0.01874404 -0.01580887 0.05046406 -0.01874404 0.1201465 -0.03831876 -0.00245844 -0.01874404 0.02218718 -0.01636963 0.1201465 0 -0.010189 0 -0.02871687 0.06612358 0.06591748 0.05046406 -0.01362045 -0.01095896 -0.006660105 0.1466164 -0.006660105 -0.02369959 -0.009003867 -0.0398761 0 0.1214952 0.06550315 0 -0.03419143 0.05544422 0.06670998 -0.01960358 0 0 0.1289923 -0.03049314 -0.01362045 0.1289923 0 -0.02377011 -0.02776002 0 -0.02142986 -0.02378491 0 -0.01933952 0.1202705 -0.05741326 0.1202705 -0.03351386 -0.01720586 0.06551277 -0.002884933 -0.0236861 -0.01362045 -0.03560937 -0.02720211 -0.009075243 0.05041176 0 0.06539154 -0.002301593 0.1202705 0 0 -0.01697274 -0.02117994 -0.008716139 -0.01536975 0 -0.02200192 -0.0135097 -0.03058229 -0.0563192 -0.01312582 0 0 -0.02720613 -0.02860107 0.04915817 0.06545697 0 0 0 -0.004336669 -0.004336669 0 0.03362884 0.06547873
0.1748072 0.1091678 0.01509234 0.07918599 0.02400842 0.01032802 0.2226102 0 0.005797814 0.02267418 1.01 0.009477678 0.030091 0 0.03643295 0.03689392 0.1074521 0 0.01568534 0.02804727 0.02535813 0.01191808 0 0.1070808 0 0 0.02665889 0.106965 0.1700585 0.0680799 0.05300492 0.004978303 0.008553951 0 0.01837213 0 0.08565272 0.04974722 0 0.05726815 -0.1116971 0.01624439 0.03732064 0.02267418 0.01973402 0.02667288 0.2597726 0.01973402 0.1010304 0.05877743 0.02419406 0.01973402 0.9764815 0.02100517 0.1010304 0 0.03390184 0 0.0310014 0.1804552 0.1789376 0.2597726 0.02416298 0.03191924 -0.004745289 0.08413884 -0.004745289 0.03240678 0.03476863 0.05620715 0 0.1015765 0.1910785 0 0.03657802 0.2252214 0.178043 0.02911989 0 0 0.08951162 0.02751557 0.02416298 0.08951162 0 0.04099105 0.0262135 0 0.03354194 0.03256108 0 0.03364792 0.1015656 0.09089663 0.1015656 0.05878348 0.02708002 0.191187 0.02743141 0.02676547 0.02416298 0.05075633 0.03971988 0.01993718 0.2540906 0 0.1852502 0.02665889 0.1015656 0 0 -0.2069126 0.03129947 0.009477678 0.01402717 0 0.02928845 0.02921311 0.03501706 0.07781443 0.03811694 0 0 0.0376169 0.03188099 0.2498212 0.1851197 0 0 0 0.02398832 0.02398832 0 0.4086616 0.1846299
0.07138662 0.119185 -0.01755011 -0.06463788 0.002981826 0.9796775 0.04534752 0 -0.01144857 -0.008716139 0.009477678 1.01 -0.0212847 0 -0.02503477 -0.0297593 0.1175765 0 -0.02058084 -0.01203542 -0.02280306 -0.01466905 0 0.1210522 0 0 -0.02424994 0.121127 0.07205719 -0.0367421 -0.02967519 -0.001630854 -0.01465181 0 -0.01796536 0 -0.07180583 -0.03741321 0 -0.05346593 -0.009939045 0.55369 0.3239132 -0.008716139 -0.02104628 -0.01968688 0.0355114 -0.02104628 0.1328406 -0.05299405 -0.02305469 -0.02104628 0.008517404 -0.004007413 0.1328406 0 -0.02502071 0 -0.04228209 0.06491857 0.06612296 0.0355114 -0.01298323 -0.01905945 -0.01125602 0.1702134 -0.01125602 -0.02406483 -0.01741653 -0.05419493 0 0.132938 0.05655606 0 -0.04255996 0.04260519 0.06591299 0.3581834 0 0 0.148909 -0.03211138 -0.01298323 0.148909 0 -0.009864341 -0.02208063 0 -0.02480224 -0.02416549 0 -0.01418645 0.1329815 -0.07976423 0.1329815 -0.04544533 -0.0120461 0.05655966 -0.02471296 0.456511 -0.01298323 -0.03516538 -0.03064509 -0.01014141 0.03650981 0 0.05641267 -0.02424994 0.1329815 0 0 -0.01505577 -0.01121746 1 -0.01158567 0 -0.01815577 -0.01369625 -0.0240912 -0.07348538 -0.02526925 0 0 -0.04329322 -0.04216106 0.03635052 0.05648797 0 0 0 -0.00203231 -0.00203231 0 0.02031288 0.05770311
0.1242097 -0.07148667 -0.00703974 -0.1048742 -0.01506745 -0.02201978 0.09963337 0 -0.01072486 -0.009282405 0.030091 -0.0212847 1.01 0 -0.02923224 -0.04161138 -0.07145792 0 -0.03515534 -0.01005402 -0.04612689 -0.007556248 0 -0.06699612 0 0 -0.01565236 -0.06686815 0.1301938 -0.06088474 0.401515 -0.02597356 -0.02642828 0 -0.01691798 0 0.184191 0.4243173 0 -0.08246889 -0.03025846 -0.02443907 -0.03217665 -0.009282405 -0.03793911 -0.03526456 0.08077701 -0.03793911 -0.05547179 -0.08149785 -0.01610105 -0.03793911 0.02886998 -0.03084483 -0.05547179 0 -0.02118974 0 -0.05644793 0.117003 0.1203642 0.08077701 -0.02148223 0.9388057 -0.02296915 -0.03074722 -0.02296915 -0.03049721 0.8402768 -0.0813551 0 -0.05522863 0.114159 0 -0.06075809 0.03409985 0.1197793 -0.04126359 0 0 -0.04739223 -0.0555113 -0.02148223 -0.04739223 0 -0.03355788 -0.03689422 0 -0.03182775 -0.02581617 0 -0.03592381 -0.05520617 0.1742436 -0.05520617 0.3519736 -0.02049773 0.1141735 -0.01663941 -0.02219294 -0.02148223 0.4269287 -0.04316628 -0.02250556 0.08322214 0 0.1139423 -0.01565236 -0.05520617 0 0 -0.03790014 -0.03290464 -0.0212847 -0.01106522 0 -0.02512413 -0.02041038 -0.03789666 0.1867296 -0.02355369 0 0 -0.06395758 -0.0562343 0.08333586 0.1140652 0 0 0 -0.01736724 -0.01736724 0 0.05927629 0.1141187
0 0 0 0 0 0 0 0 0 0 0 0 0 1.01 0 0 0 0 0 0 0 0 0 0 0 0 0 0 0 0 0 0 0 0 0 0 0 0 0 0 0 0 0 0 0 0 0 0 0 0 0 0 0 0 0 0 0 0 0 0 0 0 0 0 0 0 0 0 0 0 0 0 0 0 0 0 0 0 0 0 0 0 0 0 0 0 0 0 0 0 0 0 0 0 0 0 0 0 0 0 0 0 0 0 0 0 0 0 0 0 0 0 0 0 0 0 0 0 0 0 0 0 0 0 0 0 0 0 0 0 0 0 0 0 0
0.1928633 0.2937198 -0.04806133 -0.1629157 -0.01314611 -0.02633321 0.1485361 0 -0.01117938 -0.0127172 0.03643295 -0.02503477 -0.02923224 0 1.01 -0.05706688 0.2942895 0 -0.05891761 -0.04961315 -0.07207404 -0.02160939 0 0.2213329 0 0 -0.02447257 0.2215262 0.119585 -0.09904322 -0.06247542 -0.0325124 -0.01557571 0 -0.03604086 0 -0.06608486 -0.0555324 0 -0.02420827 -0.0553561 -0.03714915 0.7065998 -0.0127172 -0.0622977 -0.03877737 0.1159049 -0.0622977 0.2421683 -0.03181846 -0.01569791 -0.0622977 0.0342776 -0.0525404 0.2421683 0 0.906658 0 -0.09160791 0.1789206 0.1787568 0.1159049 -0.04997594 -0.0250706 -0.04196969 -0.1413978 -0.04196969 -0.04570727 -0.02993335 -0.03108445 0 0.2424475 0.1739379 0 0.04643259 0.1341398 0.1824834 -0.05782718 0 0 -0.1634703 -0.08945992 -0.04997594 -0.1634703 0 -0.04922308 -0.06155565 0 -0.0467295 -0.04383862 0 -0.05552501 0.2425412 -0.07288362 0.2425412 -0.06163428 -0.03239884 0.1739591 -0.02600344 -0.04676033 -0.04997594 -0.04835213 -0.06889313 -0.03455389 0.1167442 0 0.1735983 -0.02447257 0.2425412 0 0 -0.04226641 -0.05981526 -0.02503477 -0.009439235 0 -0.03716053 -0.05472333 -0.03680935 -0.06438896 0.8629437 0 0 0.005491931 -0.09128034 0.1151593 0.1737894 0 0 0 -0.02552893 -0.02552893 0 0.07402932 0.1748155
-0.3602555 -0.2203895 -0.04123082 0.4131397 -0.01367552 -0.02914964 0.1489486 0 -0.03231747 -0.02875329 0.03689392 -0.0297593 -0.04161138 0 -0.05706688 1.01 -0.2250962 0 -0.05555615 -0.03984876 -0.07132477 -0.0383045 0 -0.2153176 0 0 -0.05478782 -0.216694 -0.3526333 -0.1074166 -0.0933602 -0.02939147 0.01270074 0 -0.04013206 0 0.4243 -0.08729745 0 0.5448108 -0.04221347 -0.04332071 -0.06890741 -0.02875329 -0.06125217 0.7179349 0.1181064 -0.06125217 -0.2033028 0.5451252 -0.04075378 -0.06125217 0.03428543 -0.04611878 -0.2033028 0 -0.05231413 0 -0.104712 0.1944722 0.1980212 0.1181064 -0.05476569 -0.03784894 -0.0472019 -0.1657114 -0.0472019 -0.05468488 -0.0447275 0.5517246 0 -0.203247 0.1775799 0 -0.1179487 0.1418618 0.1975121 -0.07089368 0 0 -0.1861974 -0.03289433 -0.05476569 -0.1861974 0 -0.06113239 -0.05660782 0 -0.05612265 -0.05500593 0 -0.05627934 -0.2032256 0.3925858 -0.2032256 -0.1090433 -0.04112018 0.1775949 -0.05630727 -0.05495812 -0.05476569 -0.09015229 0.8540416 -0.04750758 0.1240401 0 0.1779957 -0.05478782 -0.2032256 0 0 0.05111876 -0.0542044 -0.0297593 0.3436179 0 -0.04809486 -0.05825699 -0.0723206 0.4219845 0.02123131 0 0 -0.1200242 -0.1043342 0.1210593 0.1773885 0 0 0 -0.0235686 -0.0235686 0 0.07504895 0.178352
0.6208004 0.9715762 0.1316012 -0.5177545 -0.06184909 0.1212904 0.4902168 0 0.08561625 0.1080216 0.1074521 0.1175765 -0.07145792 0 0.2942895 -0.2250962 1.01 0 0.2663247 -0.1098325 -0.2391125 0.05389106 0 0.9511817 0 0 -0.1381853 0.9516232 0.5996538 -0.13646 -0.1441928 -0.09070339 0.08050299 0 0.1965539 0 -0.4391482 -0.2300408 0 -0.3387413 -0.1641824 0.2075081 0.342642 0.1080216 0.2927778 -0.1346272 0.3891147 0.2927778 0.8700979 -0.352479 -0.1127613 0.2927778 0.1036082 -0.1333582 0.8700979 0 0.2656867 0 -0.09674151 0.4543474 0.4365047 0.3891147 -0.1551181 -0.09570153 -0.1138044 0.6724087 -0.1138044 -0.1854215 -0.1153848 -0.3484383 0 0.8710323 0.4178649 0 -0.01832694 0.39094 0.4502648 0.3138634 0 0 0.779219 -0.04995367 -0.1551181 0.779219 0 0.2298609 0.07803426 0 -0.1753198 -0.1853337 0 -0.1701348 0.8711431 -0.474007 0.8711431 -0.2786915 0.2075017 0.417647 -0.1405624 0.2565085 -0.1551181 -0.2221556 -0.2028823 0.1828102 0.3867773 0 0.4169806 -0.1381853 0.8711431 0 0 -0.02438305 -0.1670461 0.1175765 -0.07741024 0 -0.1629789 -0.1244822 -0.1768621 -0.4306811 0.2359771 0 0 -0.2432937 -0.09661802 0.3958196 0.4163306 0 0 0 -0.08158137 -0.08158137 0 0.239902 0.41777
0 0 0 0 0 0 0 0 0 0 0 0 0 0 0 0 0 1.01 0 0 0 0 0 0 0 0 0 0 0 0 0 0 0 0 0 0 0 0 0 0 0 0 0 0 0 0 0 0 0 0 0 0 0 0 0 0 0 0 0 0 0 0 0 0 0 0 0 0 0 0 0 0 0 0 0 0 0 0 0 0 0 0 0 0 0 0 0 0 0 0 0 0 0 0 0 0 0 0 0 0 0 0 0 0 0 0 0 0 0 0 0 0 0 0 0 0 0 0 0 0 0 0 0 0 0 0 0 0 0 0 0 0 0 0 0
0.158493 0.26455 0.6011446 -0.1350572 -0.02205541 -0.02184782 0.1249251 0 -0.01331393 -0.01375035 0.01568534 -0.02058084 -0.03515534 0 -0.05891761 -0.05555615 0.2663247 0 1.01 -0.0352284 -0.062272 -0.01142124 0 0.2698803 0 0 -0.0451594 0.2700597 0.1633369 -0.07703931 -0.06818339 -0.01664998 -0.01168917 0 -0.037566 0 -0.1373295 -0.06203347 0 -0.1069731 -0.03233975 -0.04326385 -0.0704515 -0.01375035 0.9163817 -0.04603817 0.09823442 0.9163817 0.2974458 -0.1075015 -0.03402378 0.9163817 0.01321037 -0.0229469 0.2974458 0 -0.05425213 0 -0.09146574 0.1672773 0.1691435 0.09823442 -0.04911021 -0.03220789 -0.03536012 -0.1286674 -0.03536012 -0.04834944 -0.03291811 -0.1053143 0 0.297685 0.1563033 0 -0.09801048 0.1166113 0.1381345 -0.05360306 0 0 0.33264 -0.08299389 -0.04911021 0.33264 0 -0.0580436 -0.05904243 0 -0.0479339 -0.04860395 0 -0.03461601 0.2977853 -0.1481943 0.2977853 -0.08011374 -0.03455683 0.1563206 -0.04638506 -0.04761965 -0.04911021 -0.06142319 -0.06152226 -0.03625908 0.1039795 0 0.1559804 -0.0451594 0.2977853 0 0 -0.0381993 -0.04601012 -0.02058084 -0.006253751 0 -0.04220925 -0.05038639 -0.05235626 -0.1359449 -0.05889458 0 0 -0.0836187 -0.09186767 0.1009865 0.1561591 0 0 0 -0.03025075 -0.03025075 0 0.05594428 0.1547335
-0.1676942 -0.1100838 -0.02522996 0.1969022 -0.01855911 -0.008675419 0.07821606 0 -0.008150794 -0.01255289 0.02804727 -0.01203542 -0.01005402 0 -0.04961315 -0.03984876 -0.1098325 0 -0.0352284 1.01 -0.02733602 -0.002779471 0 -0.1059126 0 0 -0.02158046 -0.1058014 -0.1609409 -0.03759209 -0.04555823 -0.01981299 -0.01738193 0 -0.01574137 0 0.2049097 -0.04378565 0 0.2665218 -0.02256156 -0.02276467 -0.04893342 -0.01255289 -0.03386441 -0.03396525 0.07042118 -0.03386441 -0.09883651 0.2616673 -0.01925374 -0.03386441 0.02996032 -0.02057462 -0.09883651 0 -0.04329606 0 -0.03939679 0.09326737 0.09337553 0.07042118 -0.01678835 -0.008337972 -0.008233369 -0.06974926 -0.008233369 -0.03086532 -0.01471177 0.2667251 0 -0.09861145 0.08869729 0 -0.04762127 0.07816252 0.09630335 -0.03745061 0 0 -0.0821552 -0.03547227 -0.01678835 -0.0821552 0 -0.02353233 -0.03051751 0 -0.03195765 -0.03101376 0 -0.02265928 -0.09860122 0.1930803 -0.09860122 -0.05075285 -0.01756593 0.08870579 -0.0223584 -0.02543784 -0.01678835 -0.04343655 -0.04556784 -0.01996823 0.07153865 0 0.08850087 -0.02158046 -0.09860122 0 0 -0.02635895 -0.02779493 -0.01203542 -0.0002939702 0 -0.03247985 -0.0179645 -0.0451018 0.2056708 -0.04512607 0 0 0.3474477 -0.03920288 0.0714016 0.08860758 0 0 0 -0.02272955 -0.02272955 0 0.05032124 0.08703528
0.2120724 -0.236781 -0.03816624 -0.1792813 -0.01724952 -0.02250331 -0.4787845 0 0.01926167 -0.01582081 0.02535813 -0.02280306 -0.04612689 0 -0.07207404 -0.07132477 -0.2391125 0 -0.062272 -0.02733602 1.01 -0.04023671 0 -0.2327247 0 0 -0.05924667 -0.2328714 0.2169303 -0.1230896 -0.08642859 -0.01692494 0.02330676 0 -0.0632945 0 -0.1739408 -0.08167526 0 -0.1309991 0.6266946 -0.06011006 -0.09190567 -0.01582081 -0.06885091 -0.05679866 0.1323905 -0.06885091 -0.2103178 -0.1307557 -0.04749314 -0.06885091 0.02656166 -0.03952471 -0.2103178 0 -0.06793789 0 0.647243 -0.3715794 -0.3707359 0.1323905 -0.06157821 -0.04462543 0.4910121 -0.1609751 0.4910121 -0.05369766 -0.04657125 -0.1297765 0 -0.2102257 -0.3973658 0 0.591419 0.1062421 -0.3668285 -0.08434167 0 0 -0.1862724 0.7237051 -0.06157821 -0.1862724 0 -0.05936481 0.3710152 0 -0.05533711 -0.05404132 0 -0.05467467 -0.2102025 -0.1900779 -0.2102025 -0.1040856 -0.05216286 -0.3975917 -0.05976528 -0.07608949 -0.06157821 -0.07880127 -0.0743355 -0.04423489 0.07867525 0 -0.3975627 -0.05924667 -0.2102025 0 0 -0.03452794 -0.07445138 -0.02280306 -0.02200225 0 -0.04731531 -0.06355058 -0.05629694 -0.1727127 -0.0725872 0 0 -0.1011501 0.648422 0.07986947 -0.3972888 0 0 0 -0.01789285 -0.01789285 0 0.0849135 -0.3978519
0.0843245 -0.08687896 -0.004152443 -0.07374539 -0.01857463 -0.01518296 0.06877828 0 0.7324431 -0.006160457 0.01191808 -0.01466905 -0.007556248 0 -0.02160939 -0.0383045 0.05389106 0 -0.01142124 -0.002779471 -0.04023671 1.01 0 -0.08644594 0 0 -0.01692534 -0.08635627 0.08603563 0.1172422 -0.03383671 -0.003115431 -0.01381892 0 -0.02054109 0 0.165556 0.1108567 0 -0.05786637 -0.02891337 -0.02090152 -0.03049564 -0.006160457 -0.01839009 -0.02393987 0.05005149 -0.01839009 -0.0809813 -0.05893113 -0.01067186 -0.01839009 0.01084132 -0.02107046 -0.0809813 0 -0.02180978 0 -0.0450207 0.07423524 0.07462629 0.05005149 0.000339016 -0.007304283 -0.02060351 -0.0686911 -0.02060351 -0.0275014 -0.01033326 -0.05709351 0 -0.08079948 0.07137065 0 -0.04679102 0.05174375 0.07471012 -0.03095999 0 0 -0.07355939 -0.0451391 0.000339016 -0.07355939 0 -0.02483854 -0.02950743 0 -0.02834997 -0.02761722 0 -0.01847464 -0.08079147 0.1568665 -0.08079147 0.08296316 0.3970786 0.07137745 -0.01755677 -0.02327451 0.000339016 0.1114401 -0.04109484 -0.02314417 0.05299634 0 0.07121218 -0.01692534 -0.08079147 0 0 -0.01621034 -0.03033859 -0.01466905 -0.01493859 0 -0.02327376 -0.00469132 -0.02465098 0.1647334 -0.02526074 0 0 -0.03852964 -0.04487806 0.05129011 0.07129821 0 0 0 -0.01182895 -0.01182895 0 0.02357853 0.07134773
0 0 0 0 0 0 0 0 0 0 0 0 0 0 0 0 0 0 0 0 0 0 1.01 0 0 0 0 0 0 0 0 0 0 0 0 0 0 0 0 0 0 0 0 0 0 0 0 0 0 0 0 0 0 0 0 0 0 0 0 0 0 0 0 0 0 0 0 0 0 0 0 0 0 0 0 0 0 0 0 0 0 0 0 0 0 0 0 0 0 0 0 0 0 0 0 0 0 0 0 0 0 0 0 0 0 0 0 0 0 0 0 0 0 0 0 0 0 0 0 0 0 0 0 0 0 0 0 0 0 0 0 0 0 0 0
0.6047294 0.9798936 0.1346341 -0.5023538 -0.05989246 0.1248923 0.4815338 0 -0.07478297 0.1084026 0.1070808 0.1210522 -0.06699612 0 0.2213329 -0.2153176 0.9511817 0 0.2698803 -0.1059126 -0.2327247 -0.08644594 0 1.01 0 0 -0.1405239 0.9995736 0.6202356 -0.1584682 -0.1369476 -0.09123938 0.08347498 0 0.2015033 0 -0.4952447 -0.2242421 0 -0.3692797 -0.1679705 0.2125443 0.3508534 0.1084026 0.2974265 -0.1275506 0.3836872 0.2974265 0.9170249 -0.3826049 -0.1134398 0.2974265 0.1034489 -0.131204 0.9170249 0 0.272013 0 -0.09461365 0.4485615 0.4305397 0.3836872 -0.1560628 -0.09187854 -0.1072106 0.7184128 -0.1072106 -0.1808229 -0.111255 -0.379067 0 0.9161816 0.4091931 0 -0.01463904 0.3826324 0.4424428 0.3213192 0 0 0.8230083 -0.04601142 -0.1560628 0.8230083 0 0.2909843 0.08352306 0 -0.1699993 -0.180713 0 -0.1673341 0.9162959 -0.5296692 0.9162959 -0.2743214 0.1209637 0.4089733 -0.1427526 0.262204 -0.1560628 -0.218261 -0.1924208 0.1875509 0.3789491 0 0.4083356 -0.1405239 0.9162959 0 0 -0.02130872 -0.1612205 0.1210522 -0.0740804 0 -0.1589196 -0.1242639 -0.1730121 -0.4867769 0.2422827 0 0 -0.2870946 -0.09452286 0.3881172 0.4076645 0 0 0 -0.08218773 -0.08218773 0 0.2372922 0.4088808
0 0 0 0 0 0 0 0 0 0 0 0 0 0 0 0 0 0 0 0 0 0 0 0 1.01 0 0 0 0 0 0 0 0 0 0 0 0 0 0 0 0 0 0 0 0 0 0 0 0 0 0 0 0 0 0 0 0 0 0 0 0 0 0 0 0 0 0 0 0 0 0 0 0 0 0 0 0 0 0 0 0 0 0 0 0 0 0 0 0 0 0 0 0 0 0 0 0 0 0 0 0 0 0 0 0 0 0 0 0 0 0 0 0 0 0 0 0 0 0 0 0 0 0 0 0 0 0 0 0 0 0 0 0 0 0
0 0 0 0 0 0 0 0 0 0 0 0 0 0 0 0 0 0 0 0 0 0 0 0 0 1.01 0 0 0 0 0 0 0 0 0 0 0 0 0 0 0 0 0 0 0 0 0 0 0 0 0 0 0 0 0 0 0 0 0 0 0 0 0 0 0 0 0 0 0 0 0 0 0 0 0 0 0 0 0 0 0 0 0 0 0 0 0 0 0 0 0 0 0 0 0 0 0 0 0 0 0 0 0 0 0 0 0 0 0 0 0 0 0 0 0 0 0 0 0 0 0 0 0 0 0 0 0 0 0 0 0 0 0 0 0
0.1438635 -0.1397913 -0.02870416 -0.126128 0.2952835 -0.02513138 0.1187381 0 -0.01524773 -0.002301593 0.02665889 -0.02424994 -0.01565236 0 -0.02447257 -0.05478782 -0.1381853 0 -0.0451594 -0.02158046 -0.05924667 -0.01692534 0 -0.1405239 0 0 1.01 -0.1403722 0.1440719 0.08509044 -0.06354751 -0.0257791 -0.01436726 0 -0.02962809 0 -0.05440008 -0.05541457 0 -0.08676754 -0.04731742 -0.03550177 -0.04396603 -0.002301593 -0.05002267 -0.03390605 0.09555717 -0.05002267 -0.125652 -0.01970058 0.7855253 -0.05002267 0.03150172 -0.03756163 -0.125652 0 -0.02731188 0 0.3745583 -0.1757186 -0.1728275 0.09555717 -0.02694605 -0.01376329 -0.01965776 -0.09846918 -0.01965776 -0.0305301 -0.02074536 -0.08541953 0 -0.1253476 0.1395945 0 0.3374294 0.1040682 -0.172251 -0.05094466 0 0 -0.1170924 -0.07376281 -0.02694605 -0.1170924 0 -0.04590905 -0.05696938 0 -0.0280302 -0.0307497 0 -0.04703908 -0.125332 0.2729681 -0.125332 0.5006825 -0.02229751 0.1396138 0.9895476 -0.04162137 -0.02694605 -0.05282326 -0.05654764 -0.02472324 0.09733593 0 0.1393444 1 -0.125332 0 0 -0.04563031 -0.04398594 -0.02424994 -0.02168574 0 -0.02498619 -0.03233229 -0.04785274 -0.05595274 -0.03095905 0 0 -0.06056709 0.3752647 0.09738604 0.1394887 0 0 0 -0.0160434 -0.0160434 0 0.06785624 0.1389362
0.6051537 0.980333 0.1347587 -0.50316 -0.05981962 0.1249687 0.4812608 0 -0.07470468 0.1084686 0.106965 0.121127 -0.06686815 0 0.2215262 -0.216694 0.9516232 0 0.2700597 -0.1058014 -0.2328714 -0.08635627 0 0.9995736 0 0 -0.1403722 1.01 0.6206388 -0.1581338 -0.1370474 -0.09114412 0.08356144 0 0.2016275 0 -0.4960887 -0.2243717 0 -0.3701721 -0.1677997 0.2126783 0.3510783 0.1084686 0.2976221 -0.1293362 0.3832801 0.2976221 0.9176131 -0.3834844 -0.1133182 0.2976221 0.1033356 -0.1310633 0.9176131 0 0.2721892 0 -0.09488981 0.4483573 0.4303303 0.3832801 -0.1559072 -0.09175804 -0.1078183 0.7188705 -0.1078183 -0.1806418 -0.1111267 -0.3799662 0 0.9167691 0.4090333 0 -0.01484677 0.3821635 0.4422287 0.3215249 0 0 0.8235352 -0.04637043 -0.1559072 0.8235352 0 0.2911681 0.08333575 0 -0.1698159 -0.1805316 0 -0.167158 0.9168834 -0.5304415 0.9168834 -0.2743398 0.1211022 0.4088135 -0.1425992 0.2623655 -0.1559072 -0.2183923 -0.1937751 0.1876742 0.3785299 0 0.4081765 -0.1403722 0.9168834 0 0 -0.02116914 -0.1610379 0.121127 -0.07400187 0 -0.1587572 -0.1240985 -0.1732796 -0.4876266 0.2424685 0 0 -0.2870916 -0.09480004 0.3877033 0.4075051 0 0 0 -0.08210333 -0.08210333 0 0.2370328 0.4087211
0.9757107 0.597913 0.07047036 -0.5824019 0.004650382 0.07434515 0.4156565 0 0.07468292 0.07252487 0.1700585 0.07205719 0.1301938 0 0.119585 -0.3526333 0.5996538 0 0.1633369 -0.1609409 0.2169303 0.08603563 0 0.6202356 0 0 0.1440719 0.6206388 1.01 -0.191287 0.2572029 -0.1386123 0.0632158 0 0.1216369 0 -0.3676002 0.2484528 0 -0.6119752 0.1054579 0.1260064 0.2210994 0.07252487 0.1803013 -0.2355307 0.6115778 0.1803013 0.572269 -0.6032362 0.1108297 0.1803013 0.1680895 -0.2094374 0.572269 0 0.1773545 0 0.2979646 0.2252138 0.2116634 0.6115778 0.1415192 0.1242483 0.1162611 0.4477199 0.1162611 -0.2773395 0.09058107 -0.6200412 0 0.5715872 0.2735732 0 0.3269915 0.4570577 0.225969 0.1931131 0 0 0.5100482 0.2362429 0.1415192 0.5100482 0 0.1858186 0.1916551 0 -0.2681973 -0.2757804 0 -0.2624868 0.571741 -0.312114 0.571741 0.2977459 0.1362893 0.2731958 0.1374697 0.1592546 0.1415192 0.2528118 -0.3286157 0.1098777 0.5802783 0 0.2722224 0.1440719 0.571741 0 0 -0.09970355 -0.2622505 0.07205719 -0.1221782 0 -0.2476296 0.1434968 0.2015383 -0.3589275 0.1432835 0 0 -0.4466782 0.2990063 0.5901433 0.2719714 0 0 0 -0.1189347 -0.1189347 0 0.3885476 0.2708196
-0.1999143 -0.1640887 -0.04676625 0.0137469 -0.04116763 -0.03748605 -0.2547495 0 0.1525759 -0.04517027 0.0680799 -0.0367421 -0.06088474 0 -0.09904322 -0.1074166 -0.13646 0 -0.07703931 -0.03759209 -0.1230896 0.1172422 0 -0.1584682 0 0 0.08509044 -0.1581338 -0.191287 1.01 -0.1242043 -0.03068999 -0.05291057 0 -0.03970564 0 -0.1649 -0.1111242 0 -0.1359418 -0.09186023 -0.06855243 -0.116672 -0.04517027 -0.08927427 -0.07866494 -0.3716436 -0.08927427 -0.130645 -0.1387482 0.1346813 -0.08927427 0.06681168 0.2950972 -0.130645 0 -0.09156105 0 -0.0807625 -0.2839474 -0.268653 -0.3716436 0.1127651 -0.05751209 -0.06631953 -0.05226797 -0.06631953 0.01665939 -0.04707174 -0.1331143 0 -0.1309271 -0.2509352 0 -0.102959 -0.3767896 -0.2796858 -0.09438681 0 0 -0.0934607 -0.1496718 0.1127651 -0.0934607 0 0.1684706 -0.1133924 0 0.01478916 0.01604763 0 0.4209349 -0.1308659 -0.1214418 -0.1308659 -0.05055688 0.337702 -0.2505092 0.08381312 -0.06128036 0.1127651 -0.1148158 -0.04043973 -0.06385508 -0.3553202 0 -0.250802 0.08509044 -0.1308659 0 0 -0.08199755 0.3067156 -0.0367421 -0.03980891 0 0.03671502 0.09488839 -0.0921773 -0.1625971 -0.09686994 0 0 -0.07571195 -0.08056123 -0.3610769 -0.2504424 0 0 0 0.06743919 0.06743919 0 -0.2295049 -0.250382
0.2482336 -0.1432146 -0.03422099 0.1974912 -0.0443974 -0.03145022 0.1869 0 -0.03026547 -0.03478936 0.05300492 -0.02967519 0.401515 0 -0.06247542 -0.0933602 -0.1441928 0 -0.06818339 -0.04555823 -0.08642859 -0.03383671 0 -0.1369476 0 0 -0.06354751 -0.1370474 0.2572029 -0.1242043 1.01 -0.04010673 -0.03234357 0 -0.03271778 0 0.3728142 0.8750017 0 -0.1692211 -0.06257209 -0.04292679 -0.06922017 -0.03478936 -0.07533066 -0.07600186 0.1520177 -0.07533066 -0.11522 -0.1714783 -0.0498727 -0.07533066 0.05294894 -0.05745939 -0.11522 0 -0.05302582 0 -0.1221674 0.2338981 0.236474 0.1520177 -0.05057716 0.4346676 -0.04073737 -0.0613145 -0.04073737 -0.07384058 0.4017825 -0.1678357 0 -0.1147222 0.219096 0 -0.03434415 0.1785352 0.237375 -0.06758937 0 0 -0.09432905 -0.1051229 -0.05057716 -0.09432905 0 0.08454265 -0.08162538 0 -0.07557717 -0.07077827 0 -0.06994418 -0.1146766 0.3434397 -0.1146766 0.7066029 -0.05667665 0.2191198 -0.06428761 -0.04476203 -0.05057716 0.8307469 -0.0345726 0.04220554 0.1561713 0 0.218639 -0.06354751 -0.1146766 0 0 -0.05684753 -0.04646387 -0.02967519 -0.03828948 0 -0.06635376 0.01702255 0.69927 0.3733281 -0.05406051 0 0 -0.08755685 -0.1217374 0.1551449 0.2188913 0 0 0 -0.01869366 -0.01869366 0 0.1089981 0.2190227
-0.1416381 -0.09389559 -0.005008765 0.1667503 -0.009347383 -0.002450774 -0.1966303 0 -0.00197455 -0.01330397 0.004978303 -0.001630854 -0.02597356 0 -0.0325124 -0.02939147 -0.09070339 0 -0.01664998 -0.01981299 -0.01692494 -0.003115431 0 -0.09123938 0 0 -0.0257791 -0.09114412 -0.1386123 -0.03068999 -0.04010673 1.01 -0.003287391 0 -0.01462554 0 -0.07964228 -0.03828778 0 -0.06073344 -0.009861101 -0.01029488 -0.03433871 -0.01330397 -0.02176191 -0.03038345 -0.2378276 -0.02176191 -0.0935512 -0.0618705 -0.01704295 -0.02176191 0.003640167 0.3377012 -0.0935512 0 -0.03477809 0 -0.02667351 -0.167405 -0.1654864 -0.2378276 -0.01708976 -0.0232581 -0.001187379 -0.07442849 -0.001187379 -0.02936613 -0.01975707 -0.05990959 0 -0.09335575 -0.1772302 0 -0.03098439 -0.2034564 -0.1671219 -0.02293964 0 0 -0.08061645 -0.01370444 -0.01708976 -0.08061645 0 -0.04571266 -0.01019467 0 -0.03026599 -0.02948897 0 0.2642602 -0.09334859 -0.08324597 -0.09334859 -0.04917635 -0.0253229 -0.1754327 -0.02386016 -0.01799599 -0.01708976 -0.04127149 -0.02713785 -0.01386525 -0.2270006 0 -0.1757474 -0.0257791 -0.09334859 0 0 0.4228523 -0.02559639 -0.001630854 -0.02123525 0 -0.02215535 -0.01905917 -0.03140188 -0.07768079 -0.02778855 0 0 -0.04612483 -0.02650012 -0.2305326 -0.1756384 0 0 0 -0.009256003 -0.009256003 0 -0.1750871 -0.1751998
0.06043519 0.08006658 -0.01380714 -0.04733523 -0.007558703 -0.01516262 0.03279557 0 0.1418053 -0.006233938 0.008553951 -0.01465181 -0.02642828 0 -0.01557571 0.01270074 0.08050299 0 -0.01168917 -0.01738193 0.02330676 -0.01381892 0 0.08347498 0 0 -0.01436726 0.08356144 0.0632158 -0.05291057 -0.03234357 -0.003287391 1.01 0 -0.02056242 0 -0.04473493 -0.03247364 0 -0.02598925 -0.02652996 -0.02094068 -0.01983157 -0.006233938 -0.0165412 -0.0195725 0.05270832 -0.0165412 0.09450562 -0.02728954 -0.004132632 -0.0165412 0.007398151 -0.01820108 0.09450562 0 -0.008527128 0 -0.0009960232 0.05211807 0.05255583 0.05270832 -0.0236305 -0.02401303 -0.01399856 0.1165 -0.01399856 -0.0252592 -0.02308533 -0.02629902 0 0.0946342 0.04885167 0 -0.005489733 0.06199574 0.05370695 0.3066957 0 0 0.1017705 0.002462723 -0.0236305 0.1017705 0 -0.02923928 -0.0333408 0 -0.02613009 -0.02537763 0 -0.02807389 0.0946736 -0.04799331 0.0946736 -0.03486635 -0.01939976 0.04884925 -0.01236715 -0.02818012 -0.0236305 -0.02873386 0.01111518 -0.01058247 0.05206219 0 0.04867239 -0.01436726 0.0946736 0 0 -0.02189387 -0.03490887 -0.01465181 -0.009937973 0 -0.02587242 -0.02475551 -0.01422462 -0.04483521 -0.01252998 0 0 -0.04296402 -0.0008087817 0.05154494 0.04875961 0 0 0 -0.02137368 -0.02137368 0 0.02720331 0.04884305
0 0 0 0 0 0 0 0 0 0 0 0 0 0 0 0 0 0 0 0 0 0 0 0 0 0 0 0 0 0 0 0 0 1.01 0 0 0 0 0 0 0 0 0 0 0 0 0 0 0 0 0 0 0 0 0 0 0 0 0 0 0 0 0 0 0 0 0 0 0 0 0 0 0 0 0 0 0 0 0 0 0 0 0 0 0 0 0 0 0 0 0 0 0 0 0 0 0 0 0 0 0 0 0 0 0 0 0 0 0 0 0 0 0 0 0 0 0 0 0 0 0 0 0 0 0 0 0 0 0 0 0 0 0 0 0
0.1169262 0.1960148 -0.02544303 -0.09587632 -0.007725487 -0.01525493 0.1078596 0 -0.01820749 -0.01750989 0.01837213 -0.01796536 -0.01691798 0 -0.03604086 -0.04013206 0.1965539 0 -0.037566 -0.01574137 -0.0632945 -0.02054109 0 0.2015033 0 0 -0.02962809 0.2016275 0.1216369 -0.03970564 -0.03271778 -0.01462554 -0.02056242 0 1.01 0 -0.0912133 -0.03673455 0 -0.07267646 -0.04610092 0.724651 0.4261294 -0.01750989 -0.0403174 -0.03921176 0.07837301 -0.0403174 0.2182276 -0.07265069 -0.03075726 -0.0403174 0.01933203 -0.02328311 0.2182276 0 -0.03002464 0 -0.07837321 0.1316436 0.134973 0.07837301 -0.02596703 -0.01207814 -0.03276214 0.2751852 -0.03276214 -0.03937464 -0.01197684 -0.07318763 0 0.2183902 0.1231725 0 -0.07981782 0.0907485 0.1336883 0.6100654 0 0 0.2395659 -0.06838123 -0.02596703 0.2395659 0 -0.0344644 -0.05099892 0 -0.03744358 -0.03954276 0 -0.03172818 0.2184619 -0.09998883 0.2184619 -0.0497985 -0.031019 0.1231906 -0.0304945 0.7738518 -0.02596703 -0.03871618 -0.04171758 -0.009936326 0.08095005 0 0.1229626 -0.02962809 0.2184619 0 0 -0.02863032 -0.03694817 -0.01796536 -0.01495924 0 -0.04371953 -0.02995311 -0.03288103 -0.07145975 -0.02909254 0 0 -0.05346562 -0.07818055 0.08016874 0.1230856 0 0 0 -0.01107301 -0.01107301 0 0.04623544 0.1231266
0 0 0 0 0 0 0 0 0 0 0 0 0 0 0 0 0 0 0 0 0 0 0 0 0 0 0 0 0 0 0 0 0 0 0 1.01 0 0 0 0 0 0 0 0 0 0 0 0 0 0 0 0 0 0 0 0 0 0 0 0 0 0 0 0 0 0 0 0 0 0 0 0 0 0 0 0 0 0 0 0 0 0 0 0 0 0 0 0 0 0 0 0 0 0 0 0 0 0 0 0 0 0 0 0 0 0 0 0 0 0 0 0 0 0 0 0 0 0 0 0 0 0 0 0 0 0 0 0 0 0 0 0 0 0 0
-0.3351841 -0.4679867 -0.04246375 0.7053625 0.1329865 -0.07287102 0.3789699 0 0.109656 -0.05701659 0.08565272 -0.07180583 0.184191 0 -0.06608486 0.4243 -0.4391482 0 -0.1373295 0.2049097 -0.1739408 0.165556 0 -0.4952447 0 0 -0.05440008 -0.4960887 -0.3676002 -0.1649 0.3728142 -0.07964228 -0.04473493 0 -0.0912133 0 1.01 0.4500369 0 0.7559192 -0.1134453 -0.1055962 -0.1727627 -0.05701659 -0.1530127 0.2945705 0.3087808 -0.1530127 -0.4635617 0.7748602 -0.08776091 -0.1530127 0.08964018 -0.1148705 -0.4635617 0 -0.1334711 0 -0.2399803 0.4738279 0.4784569 0.3087808 -0.1119 0.2077199 -0.09873878 -0.3639654 -0.09873878 -0.1449751 0.2218098 0.7639746 0 -0.462464 0.4455024 0 -0.2575739 0.3565401 0.4671403 -0.162932 0 0 -0.417313 -0.1830487 -0.1119 -0.417313 0 -0.132849 -0.1562251 0 -0.1487903 -0.1435266 0 -0.136958 -0.4626463 0.9360273 -0.4626463 0.3650734 -0.00497042 0.4453097 -0.05614762 -0.1249258 -0.1119 0.4469236 0.3448939 -0.09827286 0.3180945 0 0.4450265 -0.05440008 -0.4626463 0 0 -0.05681948 -0.1313569 -0.07180583 0.144199 0 -0.1357608 -0.1198299 0.3516236 0.9860512 -0.09609387 0 0 0.5824226 -0.241062 0.3150642 0.4450716 0 0 0 -0.06347968 -0.06347968 0 0.2013015 0.4384409
0.2392687 -0.2303315 -0.02877464 0.2194701 -0.03904348 -0.03892046 0.1742669 0 -0.02395751 -0.0358079 0.04974722 -0.03741321 0.4243173 0 -0.0555324 -0.08729745 -0.2300408 0 -0.06203347 -0.04378565 -0.08167526 0.1108567 0 -0.2242421 0 0 -0.05541457 -0.2243717 0.2484528 -0.1111242 0.8750017 -0.03828778 -0.03247364 0 -0.03673455 0 0.4500369 1.01 0 -0.1690121 -0.06140891 -0.04827929 -0.06577373 -0.0358079 -0.06957456 -0.06879576 0.1410492 -0.06957456 -0.208551 -0.1705459 -0.04591972 -0.06957456 0.04994366 -0.05441225 -0.208551 0 -0.04460293 0 -0.1102358 0.2133085 0.216397 0.1410492 -0.04356993 0.4568073 -0.03768017 -0.1708518 -0.03768017 -0.06763823 0.4244775 -0.1678127 0 -0.2080481 0.2004163 0 -0.1143431 0.1627629 0.2163002 -0.07021024 0 0 -0.1946794 -0.09545688 -0.04356993 -0.1946794 0 -0.0629816 -0.07389031 0 -0.07012343 -0.06438837 0 -0.06217131 -0.2080225 0.4209739 -0.2080225 0.8163285 -0.04447518 0.2004357 -0.05606471 -0.04865477 -0.04356993 0.9528716 -0.08176144 -0.05070987 0.1442681 0 0.1999742 -0.05541457 -0.2080225 0 0 -0.05462174 -0.04856118 -0.03741321 -0.03631172 0 -0.06156617 -0.0482178 0.7414675 0.4499578 -0.04571581 0 0 -0.09118513 -0.1098209 0.143666 0.2002146 0 0 0 -0.02452883 -0.02452883 0 0.09839541 0.1890051
0 0 0 0 0 0 0 0 0 0 0 0 0 0 0 0 0 0 0 0 0 0 0 0 0 0 0 0 0 0 0 0 0 0 0 0 0 0 1.01 0 0 0 0 0 0 0 0 0 0 0 0 0 0 0 0 0 0 0 0 0 0 0 0 0 0 0 0 0 0 0 0 0 0 0 0 0 0 0 0 0 0 0 0 0 0 0 0 0 0 0 0 0 0 0 0 0 0 0 0 0 0 0 0 0 0 0 0 0 0 0 0 0 0 0 0 0 0 0 0 0 0 0 0 0 0 0 0 0 0 0 0 0 0 0 0
