1.01 0 0.9947233 -0.03204625 0.1517512 0 1 0.9947233 0 0 -0.02515768 -0.1261945 0.9986734 0 0 0.9986734 0 0.928289 -0.03053852 -0.03103213 -0.03103213 0.9986734 -0.1009309 0.2046458 0 -0.1115646 0 0 -0.03004939 0 0.8073245 0 0 0 0 -0.9744682 0 0 0 0 -0.9744682 0 0 -0.2644111 -0.03043551 0 -0.2262273 -0.04244102 0 0 -0.02471843 -0.01304853 0 -0.04244102 0 0 0 0 0 -0.04252403 -0.04244102 0 0 0 -0.9676702 0 0 -0.2644111 -0.04244102 -0.1811204 0 0 -0.03457059 -0.0504488 -0.002740264 -0.01854654 0 -0.1804898 0 0 -0.04244102 0 0 0 -0.04244102 0 0 0 0 -0.02059704 -0.04239949 -0.04244102 0 -0.01869332 -0.01854654 0 -0.02515768 0 0 0 0 -0.1998876 -0.09688201 0 0 0 0 0 -0.01874221 -0.04524092 -0.02347605 0 0 0 0 0 0 0 0 0 0 0 -0.0552587 -0.3232611 -0.9703842 -0.04524092 0 0 -0.04260699 0 -0.0552587 -0.04244102 -0.02756874 0 0 0 0 -0.0515063 -0.01854654 0 -0.04524092 -0.01384754 -0.9597287 -0.05676342 0 0 0 0 -0.8983715 0 0 0 -0.04263662 -0.02756874 -0.01854654 0 0 0 -0.04524092 0 0 0 0 -0.02773613 -0.9703842
0 1.01 0 0 0 0 0 0 0 0 0 0 0 0 0 0 0 0 0 0 0 0 0 0 0 0 0 0 0 0 0 0 0 0 0 0 0 0 0 0 0 0 0 0 0 0 0 0 0 0 0 0 0 0 0 0 0 0 0 0 0 0 0 0 0 0 0 0 0 0 0 0 0 0 0 0 0 0 0 0 0 0 0 0 0 0 0 0 0 0 0 0 0 0 0 0 0 0 0 0 0 0 0 0 0 0 0 0 0 0 0 0 0 0 0 0 0 0 0 0 0 0 0 0 0 0 0 0 0 0 0 0 0 0 0 0 0 0 0 0 0 0 0 0 0 0 0 0 0 0 0 0 0 0 0 0 0 0 0 0 0 0 0 0 0
0.9947233 0 1.01 -0.03251549 0.1528132 0 0.9947233 0.98947 0 0 -0.02561189 -0.1236789 0.9934025 0 0 0.9934025 0 0.923329 -0.03119742 -0.03052088 -0.03052088 0.9934025 -0.1023505 0.2032646 0 -0.1087577 0 0 -0.02958295 0 0.8028961 0 0 0 0 -0.9693254 0 0 0 0 -0.9693254 0 0 -0.2625182 -0.03132469 0 -0.2249407 -0.04176537 0 0 -0.02517218 -0.01253107 0 -0.04176537 0 0 0 0 0 -0.04184925 -0.04176537 0 0 0 -0.962561 0 0 -0.2625182 -0.04176537 -0.1821826 0 0 -0.03499066 -0.05014097 0.0009027316 -0.01928292 0 -0.1815485 0 0 -0.04176537 0 0 0 -0.04176537 0 0 0 0 -0.02090409 -0.04172341 -0.04176537 0 -0.01943002 -0.01928292 0 -0.02561189 0 0 0 0 -0.2005986 -0.09660031 0 0 0 0 0 -0.01947901 -0.04525869 -0.02268682 0 0 0 0 0 0 0 0 0 0 0 -0.0555113 -0.3244584 -0.965263 -0.04525869 0 0 -0.04193307 0 -0.0555113 -0.04176537 -0.02804024 0 0 0 0 -0.0512228 -0.01928292 0 -0.04525869 -0.01413633 -0.9546559 -0.0570435 0 0 0 0 -0.8935709 0 0 0 -0.04206549 -0.02804024 -0.01928292 0 0 0 -0.04525869 0 0 0 0 -0.02820804 -0.965263
-0.03204625 0 -0.03251549 1.01 0.238342 0 -0.03204625 -0.03074715 0 0 -0.03827794 0.2467404 -0.0321639 0 0 -0.0321639 0 -0.0354158 -0.05815972 -0.05392269 -0.05392269 -0.0321639 -0.1505549 -0.1459784 0 -0.1698046 0 0 -0.05475439 0 -0.04440908 0 0 0 0 0.0300095 0 0 0 0 0.0300095 0 0 -0.2199403 -0.07846193 0 -0.2445995 0.431964 0 0 -0.04017615 0.4282932 0 0.431964 0 0 0 0 0 0.4316142 0.431964 0 0 0 0.02988746 0 0 -0.2199403 0.431964 -0.1728076 0 0 0.6419279 0.3427169 -0.02458499 -0.06487999 0 -0.1728694 0 0 0.431964 0 0 0 0.431964 0 0 0 0 0.6523206 0.431253 0.431964 0 -0.06507722 -0.06487999 0 -0.04083673 0 0 0 0 -0.1374922 -0.142312 0 0 0 0 0 -0.06514291 0.279015 0.08246819 0 0 0 0 0 0 0 0 0 0 0 0.2355694 0.07713878 0.02964261 0.279015 0 0 0.43215 0 0.2355694 0.431964 -0.03991598 0 0 0 0 0.3380173 -0.06487999 0 0.279015 -0.03320405 0.03053238 0.2307064 0 0 0 0 0.03126935 0 0 0 0.4071658 -0.03991598 -0.06487999 0 0 0 0.279015 0 0 0 0 -0.04017663 0.02964261
0.1517512 0 0.1528132 0.238342 1.01 0 0.1517512 0.1520811 0 0 -0.1816474 0.9540557 0.1509151 0 0 0.1509151 0 0.1231179 -0.2514108 -0.2484198 -0.2484198 0.1509151 -0.5553913 0.7386321 0 0.8350498 0 0 -0.2553307 0 0.1851973 0 0 0 0 -0.1482948 0 0 0 0 -0.1482948 0 0 0.1804799 -0.2813832 0 0.2294014 -0.02154231 0 0 -0.180584 -0.01788971 0 -0.02154231 0 0 0 0 0 -0.02181496 -0.02154231 0 0 0 -0.1491517 0 0 0.1804799 -0.02154231 0.03074901 0 0 0.1124787 -0.1235999 -0.07593281 -0.2062173 0 0.03049371 0 0 -0.02154231 0 0 0 -0.02154231 0 0 0 0 0.1552152 -0.02195618 -0.02154231 0 -0.2055392 -0.2062173 0 -0.1768804 0 0 0 0 -0.02810893 0.5307904 0 0 0 0 0 -0.2046704 -0.1637472 -0.1136853 0 0 0 0 0 0 0 0 0 0 0 -0.2143022 -0.2946319 -0.1486097 -0.1637472 0 0 -0.02208737 0 -0.2143022 -0.02154231 -0.128306 0 0 0 0 -0.09584728 -0.2062173 0 -0.1637472 0.1425353 -0.1436542 -0.2248257 0 0 0 0 -0.146308 0 0 0 -0.04400291 -0.128306 -0.2062173 0 0 0 -0.1637472 0 0 0 0 -0.1289402 -0.1486097
0 0 0 0 0 1.01 0 0 0 0 0 0 0 0 0 0 0 0 0 0 0 0 0 0 0 0 0 0 0 0 0 0 0 0 0 0 0 0 0 0 0 0 0 0 0 0 0 0 0 0 0 0 0 0 0 0 0 0 0 0 0 0 0 0 0 0 0 0 0 0 0 0 0 0 0 0 0 0 0 0 0 0 0 0 0 0 0 0 0 0 0 0 0 0 0 0 0 0 0 0 0 0 0 0 0 0 0 0 0 0 0 0 0 0 0 0 0 0 0 0 0 0 0 0 0 0 0 0 0 0 0 0 0 0 0 0 0 0 0 0 0 0 0 0 0 0 0 0 0 0 0 0 0 0 0 0 0 0 0 0 0 0 0 0 0
1 0 0.9947233 -0.03204625 0.1517512 0 1.01 0.9947233 0 0 -0.02515768 -0.1261945 0.9986734 0 0 0.9986734 0 0.928289 -0.03053852 -0.03103213 -0.03103213 0.9986734 -0.1009309 0.2046458 0 -0.1115646 0 0 -0.03004939 0 0.8073245 0 0 0 0 -0.9744682 0 0 0 0 -0.9744682 0 0 -0.2644111 -0.03043551 0 -0.2262273 -0.04244102 0 0 -0.02471843 -0.01304853 0 -0.04244102 0 0 0 0 0 -0.04252403 -0.04244102 0 0 0 -0.9676702 0 0 -0.2644111 -0.04244102 -0.1811204 0 0 -0.03457059 -0.0504488 -0.002740264 -0.01854654 0 -0.1804898 0 0 -0.04244102 0 0 0 -0.04244102 0 0 0 0 -0.02059704 -0.04239949 -0.04244102 0 -0.01869332 -0.01854654 0 -0.02515768 0 0 0 0 -0.1998876 -0.09688201 0 0 0 0 0 -0.01874221 -0.04524092 -0.02347605 0 0 0 0 0 0 0 0 0 0 0 -0.0552587 -0.3232611 -0.9703842 -0.04524092 0 0 -0.04260699 0 -0.0552587 -0.04244102 -0.02756874 0 0 0 0 -0.0515063 -0.01854654 0 -0.04524092 -0.01384754 -0.9597287 -0.05676342 0 0 0 0 -0.8983715 0 0 0 -0.04263662 -0.02756874 -0.01854654 0 0 0 -0.04524092 0 0 0 0 -0.02773613 -0.9703842
0.9947233 0 0.98947 -0.03074715 0.1520811 0 0.9947233 1.01 0 0 -0.02561189 -0.1244127 0.9960447 0 0 0.9960447 0 0.9257999 -0.02980499 -0.03052088 -0.03052088 0.9960447 -0.1023505 0.2056127 0 -0.1102578 0 0 -0.02958295 0 0.8050844 0 0 0 0 -0.9720278 0 0 0 0 -0.9720278 0 0 -0.2634018 -0.03132469 0 -0.2249407 -0.04176537 0 0 -0.02517218 -0.01253107 0 -0.04176537 0 0 0 0 0 -0.04184925 -0.04176537 0 0 0 -0.9652669 0 0 -0.2634018 -0.04176537 -0.1800096 0 0 -0.03313799 -0.05014097 -0.002998442 -0.01928292 0 -0.1793767 0 0 -0.04176537 0 0 0 -0.04176537 0 0 0 0 -0.02090409 -0.04172341 -0.04176537 0 -0.01943002 -0.01928292 0 -0.02561189 0 0 0 0 -0.199089 -0.09499789 0 0 0 0 0 -0.01947901 -0.04525869 -0.02415275 0 0 0 0 0 0 0 0 0 0 0 -0.0555113 -0.3224603 -0.9679759 -0.04525869 0 0 -0.04193307 0 -0.0555113 -0.04176537 -0.02804024 0 0 0 0 -0.0512228 -0.01928292 0 -0.04525869 -0.01120689 -0.9573338 -0.0570435 0 0 0 0 -0.8960777 0 0 0 -0.04206549 -0.02804024 -0.01928292 0 0 0 -0.04525869 0 0 0 0 -0.02820804 -0.9679759
0 0 0 0 0 0 0 0 1.01 0 0 0 0 0 0 0 0 0 0 0 0 0 0 0 0 0 0 0 0 0 0 0 0 0 0 0 0 0 0 0 0 0 0 0 0 0 0 0 0 0 0 0 0 0 0 0 0 0 0 0 0 0 0 0 0 0 0 0 0 0 0 0 0 0 0 0 0 0 0 0 0 0 0 0 0 0 0 0 0 0 0 0 0 0 0 0 0 0 0 0 0 0 0 0 0 0 0 0 0 0 0 0 0 0 0 0 0 0 0 0 0 0 0 0 0 0 0 0 0 0 0 0 0 0 0 0 0 0 0 0 0 0 0 0 0 0 0 0 0 0 0 0 0 0 0 0 0 0 0 0 0 0 0 0 0
0 0 0 0 0 0 0 0 0 1.01 0 0 0 0 0 0 0 0 0 0 0 0 0 0 0 0 0 0 0 0 0 0 0 0 0 0 0 0 0 0 0 0 0 0 0 0 0 0 0 0 0 0 0 0 0 0 0 0 0 0 0 0 0 0 0 0 0 0 0 0 0 0 0 0 0 0 0 0 0 0 0 0 0 0 0 0 0 0 0 0 0 0 0 0 0 0 0 0 0 0 0 0 0 0 0 0 0 0 0 0 0 0 0 0 0 0 0 0 0 0 0 0 0 0 0 0 0 0 0 0 0 0 0 0 0 0 0 0 0 0 0 0 0 0 0 0 0 0 0 0 0 0 0 0 0 0 0 0 0 0 0 0 0 0 0
-0.02515768 0 -0.02561189 -0.03827794 -0.1816474 0 -0.02515768 -0.02561189 0 0 1.01 -0.1758322 -0.02527158 0 0 -0.02527158 0 -0.0244668 -0.06625335 -0.02401837 -0.02401837 -0.02527158 -0.1239029 -0.1413105 0 -0.1553889 0 0 -0.02467639 0 -0.03641059 0 0 0 0 0.02513945 0 0 0 0 0.02513945 0 0 -0.3510003 0.5214398 0 -0.3114247 -0.05625226 0 0 0.9514985 -0.05564721 0 -0.05625226 0 0 0 0 0 -0.05446396 -0.05625226 0 0 0 0.02698136 0 0 -0.3510003 -0.05625226 -0.2313417 0 0 -0.02963083 0.5074513 -0.03435495 -0.06495829 0 -0.2304625 0 0 -0.05625226 0 0 0 -0.05625226 0 0 0 0 -0.03063483 -0.05619262 -0.05625226 0 -0.06513626 -0.06495829 0 0.9462584 0 0 0 0 -0.247418 -0.1312333 0 0 0 0 0 -0.06519553 -0.0888466 -0.01073252 0 0 0 0 0 0 0 0 0 0 0 0.3439001 0.07952321 0.02675401 -0.0888466 0 0 -0.05649065 0 0.3439001 -0.05625226 0.848483 0 0 0 0 0.4598178 -0.06495829 0 -0.0888466 -0.0360579 0.01208235 0.3386306 0 0 0 0 -0.01419618 0 0 0 -0.05744865 0.848483 -0.06495829 0 0 0 -0.0888466 0 0 0 0 0.8468605 0.02675401
-0.1261945 0 -0.1236789 0.2467404 0.9540557 0 -0.1261945 -0.1244127 0 0 -0.1758322 1.01 -0.1266677 0 0 -0.1266677 0 -0.1344937 -0.2456277 -0.2430371 -0.2430371 -0.1266677 -0.5338073 0.6798561 0 0.8771 0 0 -0.2503325 0 -0.03971392 0 0 0 0 0.122522 0 0 0 0 0.122522 0 0 0.257064 -0.2761761 0 0.2932165 -0.01068158 0 0 -0.1748679 -0.01521688 0 -0.01068158 0 0 0 0 0 -0.01093572 -0.01068158 0 0 0 0.1197741 0 0 0.257064 -0.01068158 0.07340635 0 0 0.1215024 -0.1110463 -0.07536034 -0.2041222 0 0.07300193 0 0 -0.01068158 0 0 0 -0.01068158 0 0 0 0 0.1603904 -0.011106 -0.01068158 0 -0.2034066 -0.2041222 0 -0.171054 0 0 0 0 0.02120088 0.5556816 0 0 0 0 0 -0.2025237 -0.1540664 -0.1036898 0 0 0 0 0 0 0 0 0 0 0 -0.2024718 -0.2165741 0.1210637 -0.1540664 0 0 -0.01118963 0 -0.2024718 -0.01068158 -0.1223949 0 0 0 0 -0.08334547 -0.2041222 0 -0.1540664 0.1452702 0.1230988 -0.2129847 0 0 0 0 0.103574 0 0 0 -0.033452 -0.1223949 -0.2041222 0 0 0 -0.1540664 0 0 0 0 -0.1229906 0.1210637
0.9986734 0 0.9934025 -0.0321639 0.1509151 0 0.9986734 0.9960447 0 0 -0.02527158 -0.1266677 1.01 0 0 1 0 0.9295219 -0.02930624 -0.03122467 -0.03122467 1 -0.1012868 0.2046915 0 -0.1119892 0 0 -0.03024801 0 0.8084075 0 0 0 0 -0.9758875 0 0 0 0 -0.9758875 0 0 -0.2646006 -0.03065854 0 -0.2263056 -0.0426023 0 0 -0.02483222 -0.01324746 0 -0.0426023 0 0 0 0 0 -0.04268538 -0.0426023 0 0 0 -0.9691015 0 0 -0.2646006 -0.0426023 -0.181023 0 0 -0.0346759 -0.05065199 -0.002805038 -0.01873126 0 -0.1803917 0 0 -0.0426023 0 0 0 -0.0426023 0 0 0 0 -0.02067403 -0.04256074 -0.0426023 0 -0.01887812 -0.01873126 0 -0.02527158 0 0 0 0 -0.1998761 -0.09721315 0 0 0 0 0 -0.01892703 -0.04549457 -0.02364578 0 0 0 0 0 0 0 0 0 0 0 -0.0555503 -0.3235607 -0.9718195 -0.04549457 0 0 -0.04276841 0 -0.0555503 -0.0426023 -0.02768698 0 0 0 0 -0.05171219 -0.01873126 0 -0.04549457 -0.01391997 -0.961141 -0.05705948 0 0 0 0 -0.8996805 0 0 0 -0.04281035 -0.02768698 -0.01873126 0 0 0 -0.04549457 0 0 0 0 -0.02785446 -0.9718195
0 0 0 0 0 0 0 0 0 0 0 0 0 1.01 0 0 0 0 0 0 0 0 0 0 0 0 0 0 0 0 0 0 0 0 0 0 0 0 0 0 0 0 0 0 0 0 0 0 0 0 0 0 0 0 0 0 0 0 0 0 0 0 0 0 0 0 0 0 0 0 0 0 0 0 0 0 0 0 0 0 0 0 0 0 0 0 0 0 0 0 0 0 0 0 0 0 0 0 0 0 0 0 0 0 0 0 0 0 0 0 0 0 0 0 0 0 0 0 0 0 0 0 0 0 0 0 0 0 0 0 0 0 0 0 0 0 0 0 0 0 0 0 0 0 0 0 0 0 0 0 0 0 0 0 0 0 0 0 0 0 0 0 0 0 0
0 0 0 0 0 0 0 0 0 0 0 0 0 0 1.01 0 0 0 0 0 0 0 0 0 0 0 0 0 0 0 0 0 0 0 0 0 0 0 0 0 0 0 0 0 0 0 0 0 0 0 0 0 0 0 0 0 0 0 0 0 0 0 0 0 0 0 0 0 0 0 0 0 0 0 0 0 0 0 0 0 0 0 0 0 0 0 0 0 0 0 0 0 0 0 0 0 0 0 0 0 0 0 0 0 0 0 0 0 0 0 0 0 0 0 0 0 0 0 0 0 0 0 0 0 0 0 0 0 0 0 0 0 0 0 0 0 0 0 0 0 0 0 0 0 0 0 0 0 0 0 0 0 0 0 0 0 0 0 0 0 0 0 0 0 0
0.9986734 0 0.9934025 -0.0321639 0.1509151 0 0.9986734 0.9960447 0 0 -0.02527158 -0.1266677 1 0 0 1.01 0 0.9295219 -0.02930624 -0.03122467 -0.03122467 1 -0.1012868 0.2046915 0 -0.1119892 0 0 -0.03024801 0 0.8084075 0 0 0 0 -0.9758875 0 0 0 0 -0.9758875 0 0 -0.2646006 -0.03065854 0 -0.2263056 -0.0426023 0 0 -0.02483222 -0.01324746 0 -0.0426023 0 0 0 0 0 -0.04268538 -0.0426023 0 0 0 -0.9691015 0 0 -0.2646006 -0.0426023 -0.181023 0 0 -0.0346759 -0.05065199 -0.002805038 -0.01873126 0 -0.1803917 0 0 -0.0426023 0 0 0 -0.0426023 0 0 0 0 -0.02067403 -0.04256074 -0.0426023 0 -0.01887812 -0.01873126 0 -0.02527158 0 0 0 0 -0.1998761 -0.09721315 0 0 0 0 0 -0.01892703 -0.04549457 -0.02364578 0 0 0 0 0 0 0 0 0 0 0 -0.0555503 -0.3235607 -0.9718195 -0.04549457 0 0 -0.04276841 0 -0.0555503 -0.0426023 -0.02768698 0 0 0 0 -0.05171219 -0.01873126 0 -0.04549457 -0.01391997 -0.961141 -0.05705948 0 0 0 0 -0.8996805 0 0 0 -0.04281035 -0.02768698 -0.01873126 0 0 0 -0.04549457 0 0 0 0 -0.02785446 -0.9718195
0 0 0 0 0 0 0 0 0 0 0 0 0 0 0 0 1.01 0 0 0 0 0 0 0 0 0 0 0 0 0 0 0 0 0 0 0 0 0 0 0 0 0 0 0 0 0 0 0 0 0 0 0 0 0 0 0 0 0 0 0 0 0 0 0 0 0 0 0 0 0 0 0 0 0 0 0 0 0 0 0 0 0 0 0 0 0 0 0 0 0 0 0 0 0 0 0 0 0 0 0 0 0 0 0 0 0 0 0 0 0 0 0 0 0 0 0 0 0 0 0 0 0 0 0 0 0 0 0 0 0 0 0 0 0 0 0 0 0 0 0 0 0 0 0 0 0 0 0 0 0 0 0 0 0 0 0 0 0 0 0 0 0 0 0 0
0.928289 0 0.923329 -0.0354158 0.1231179 0 0.928289 0.9257999 0 0 -0.0244668 -0.1344937 0.9295219 0 0 0.9295219 0 1.01 -0.03466629 -0.03471787 -0.03471787 0.9295219 -0.06550769 0.179115 0 -0.1180939 0 0 -0.03300846 0 0.749115 0 0 0 0 -0.9071131 0 0 0 0 -0.9071131 0 0 -0.2351257 -0.03541565 0 -0.1981781 -0.0478926 0 0 -0.02397613 -0.02055628 0 -0.0478926 0 0 0 0 0 -0.04798129 -0.0478926 0 0 0 -0.9007749 0 0 -0.2351257 -0.0478926 -0.1530313 0 0 -0.03883503 -0.05464104 -0.006382207 -0.02505097 0 -0.1523735 0 0 -0.0478926 0 0 0 -0.0478926 0 0 0 0 -0.02246436 -0.04784823 -0.0478926 0 -0.02520556 -0.02505097 0 -0.0244668 0 0 0 0 -0.1721587 -0.09993397 0 0 0 0 0 -0.02525704 -0.05400092 -0.02618427 0 0 0 0 0 0 0 0 0 0 0 -0.06237456 -0.2950043 -0.9033325 -0.05400092 0 0 -0.04806993 0 -0.06237456 -0.0478926 -0.0257567 0 0 0 0 -0.05490535 -0.02505097 0 -0.05400092 -0.01519958 -0.8932984 -0.06338843 0 0 0 0 -0.8354542 0 0 0 -0.04775552 -0.0257567 -0.02505097 0 0 0 -0.05400092 0 0 0 0 -0.02594366 -0.9033325
-0.03053852 0 -0.03119742 -0.05815972 -0.2514108 0 -0.03053852 -0.02980499 0 0 -0.06625335 -0.2456277 -0.02930624 0 0 -0.02930624 0 -0.03466629 1.01 -0.08822611 -0.08822611 -0.02930624 -0.1835691 -0.1888729 0 -0.2189874 0 0 -0.09137133 0 -0.03861343 0 0 0 0 0.03053263 0 0 0 0 0.03053263 0 0 -0.3963665 0.6007356 0 -0.3205889 -0.07715054 0 0 -0.06142841 -0.07688957 0 -0.07715054 0 0 0 0 0 -0.07731824 -0.07715054 0 0 0 0.03036441 0 0 -0.3963665 -0.07715054 -0.2141487 0 0 -0.06186436 -0.1013391 -0.02317296 0.7642285 0 -0.2137431 0 0 -0.07715054 0 0 0 -0.07715054 0 0 0 0 -0.0413459 -0.07706665 -0.07715054 0 0.7633201 0.7642285 0 -0.06121622 0 0 0 0 -0.2588827 -0.1572209 0 0 0 0 0 0.7630178 0.4885699 -0.06637701 0 0 0 0 0 0 0 0 0 0 0 0.4129009 0.1164792 0.03002685 0.4885699 0 0 -0.07469793 0 0.4129009 -0.07715054 -0.06908405 0 0 0 0 -0.1056199 0.7642285 0 0.4885699 -0.02646548 0.02703321 0.4055407 0 0 0 0 0.03530247 0 0 0 -0.08440176 -0.06908405 0.7642285 0 0 0 0.4885699 0 0 0 0 -0.06939335 0.03002685
-0.03103213 0 -0.03052088 -0.05392269 -0.2484198 0 -0.03103213 -0.03052088 0 0 -0.02401837 -0.2430371 -0.03122467 0 0 -0.03122467 0 -0.03471787 -0.08822611 1.01 1 -0.03122467 -0.2238943 -0.2006748 0 -0.2339118 0 0 0.9794879 0 -0.0393493 0 0 0 0 0.03163173 0 0 0 0 0.03163173 0 0 0.1462276 -0.1080094 0 -0.196848 -0.08030649 0 0 -0.05261854 -0.08051305 0 -0.08030649 0 0 0 0 0 -0.08050061 -0.08030649 0 0 0 0.03143636 0 0 0.1462276 -0.08030649 -0.2632596 0 0 -0.04734597 -0.09834271 -0.02890385 -0.09126053 0 -0.2615645 0 0 -0.08030649 0 0 0 -0.08030649 0 0 0 0 -0.03172009 -0.08020938 -0.08030649 0 -0.09155347 -0.09126053 0 -0.05270288 0 0 0 0 0.04620686 -0.1893704 0 0 0 0 0 -0.09165105 -0.1257836 0.6030188 0 0 0 0 0 0 0 0 0 0 0 -0.1451894 -0.09295825 0.03104429 -0.1257836 0 0 -0.07941427 0 -0.1451894 -0.08030649 -0.0597975 0 0 0 0 -0.1034179 -0.09126053 0 -0.1257836 -0.0449707 0.0312121 -0.09732627 0 0 0 0 0.03937258 0 0 0 -0.08158854 -0.0597975 -0.09126053 0 0 0 -0.1257836 0 0 0 0 -0.06017871 0.03104429
-0.03103213 0 -0.03052088 -0.05392269 -0.2484198 0 -0.03103213 -0.03052088 0 0 -0.02401837 -0.2430371 -0.03122467 0 0 -0.03122467 0 -0.03471787 -0.08822611 1 1.01 -0.03122467 -0.2238943 -0.2006748 0 -0.2339118 0 0 0.9794879 0 -0.0393493 0 0 0 0 0.03163173 0 0 0 0 0.03163173 0 0 0.1462276 -0.1080094 0 -0.196848 -0.08030649 0 0 -0.05261854 -0.08051305 0 -0.08030649 0 0 0 0 0 -0.08050061 -0.08030649 0 0 0 0.03143636 0 0 0.1462276 -0.08030649 -0.2632596 0 0 -0.04734597 -0.09834271 -0.02890385 -0.09126053 0 -0.2615645 0 0 -0.08030649 0 0 0 -0.08030649 0 0 0 0 -0.03172009 -0.08020938 -0.08030649 0 -0.09155347 -0.09126053 0 -0.05270288 0 0 0 0 0.04620686 -0.1893704 0 0 0 0 0 -0.09165105 -0.1257836 0.6030188 0 0 0 0 0 0 0 0 0 0 0 -0.1451894 -0.09295825 0.03104429 -0.1257836 0 0 -0.07941427 0 -0.1451894 -0.08030649 -0.0597975 0 0 0 0 -0.1034179 -0.09126053 0 -0.1257836 -0.0449707 0.0312121 -0.09732627 0 0 0 0 0.03937258 0 0 0 -0.08158854 -0.0597975 -0.09126053 0 0 0 -0.1257836 0 0 0 0 -0.06017871 0.03104429
0.9986734 0 0.9934025 -0.0321639 0.1509151 0 0.9986734 0.9960447 0 0 -0.02527158 -0.1266677 1 0 0 1 0 0.9295219 -0.02930624 -0.03122467 -0.03122467 1.01 -0.1012868 0.2046915 0 -0.1119892 0 0 -0.03024801 0 0.8084075 0 0 0 0 -0.9758875 0 0 0 0 -0.9758875 0 0 -0.2646006 -0.03065854 0 -0.2263056 -0.0426023 0 0 -0.02483222 -0.01324746 0 -0.0426023 0 0 0 0 0 -0.04268538 -0.0426023 0 0 0 -0.9691015 0 0 -0.2646006 -0.0426023 -0.181023 0 0 -0.0346759 -0.05065199 -0.002805038 -0.01873126 0 -0.1803917 0 0 -0.0426023 0 0 0 -0.0426023 0 0 0 0 -0.02067403 -0.04256074 -0.0426023 0 -0.01887812 -0.01873126 0 -0.02527158 0 0 0 0 -0.1998761 -0.09721315 0 0 0 0 0 -0.01892703 -0.04549457 -0.02364578 0 0 0 0 0 0 0 0 0 0 0 -0.0555503 -0.3235607 -0.9718195 -0.04549457 0 0 -0.04276841 0 -0.0555503 -0.0426023 -0.02768698 0 0 0 0 -0.05171219 -0.01873126 0 -0.04549457 -0.01391997 -0.961141 -0.05705948 0 0 0 0 -0.8996805 0 0 0 -0.04281035 -0.02768698 -0.01873126 0 0 0 -0.04549457 0 0 0 0 -0.02785446 -0.9718195
-0.1009309 0 -0.1023505 -0.1505549 -0.5553913 0 -0.1009309 -0.1023505 0 0 -0.1239029 -0.5338073 -0.1012868 0 0 -0.1012868 0 -0.06550769 -0.1835691 -0.2238943 -0.2238943 -0.1012868 1.01 -0.4358712 0 -0.5031956 0 0 -0.2018714 0 -0.1153013 0 0 0 0 0.09797481 0 0 0 0 0.09797481 0 0 0.3012846 -0.1727069 0 0.3654133 -0.20576 0 0 -0.1252869 -0.2071955 0 -0.20576 0 0 0 0 0 -0.2057557 -0.20576 0 0 0 0.09760986 0 0 0.3012846 -0.20576 0.4885535 0 0 -0.1439501 -0.2477553 -0.06421478 -0.1160992 0 0.4871357 0 0 -0.20576 0 0 0 -0.20576 0 0 0 0 -0.09766149 -0.2055667 -0.20576 0 -0.1159425 -0.1160992 0 -0.1267262 0 0 0 0 0.4197845 -0.2655652 0 0 0 0 0 -0.1165759 -0.2380644 -0.1672556 0 0 0 0 0 0 0 0 0 0 0 -0.2813575 0.2497925 0.09768198 -0.2380644 0 0 -0.2065327 0 -0.2813575 -0.20576 -0.1262732 0 0 0 0 -0.2469826 -0.1160992 0 -0.2380644 -0.07999354 0.09872232 -0.2875947 0 0 0 0 0.1026924 0 0 0 -0.1586268 -0.1262732 -0.1160992 0 0 0 -0.2380644 0 0 0 0 -0.1249133 0.09768198
0.2046458 0 0.2032646 -0.1459784 0.7386321 0 0.2046458 0.2056127 0 0 -0.1413105 0.6798561 0.2046915 0 0 0.2046915 0 0.179115 -0.1888729 -0.2006748 -0.2006748 0.2046915 -0.4358712 1.01 0 0.7685637 0 0 -0.2073046 0 0.253225 0 0 0 0 -0.1990885 0 0 0 0 -0.1990885 0 0 0.1873831 -0.1911143 0 0.2616873 -0.1590066 0 0 -0.142754 -0.1522731 0 -0.1590066 0 0 0 0 0 -0.1594238 -0.1590066 0 0 0 -0.199846 0 0 0.1873831 -0.1590066 0.2911371 0 0 -0.125915 -0.2179808 -0.06192231 -0.1254915 0 0.2900823 0 0 -0.1590066 0 0 0 -0.1590066 0 0 0 0 -0.1027762 -0.1591901 -0.1590066 0 -0.1245153 -0.1254915 0 -0.1379127 0 0 0 0 0.2150104 0.740187 0 0 0 0 0 -0.1235027 -0.2095608 -0.1683696 0 0 0 0 0 0 0 0 0 0 0 -0.2343057 0.001541199 -0.1989481 -0.2095608 0 0 -0.1594488 0 -0.2343057 -0.1590066 -0.08449046 0 0 0 0 -0.1852882 -0.1254915 0 -0.2095608 0.1913064 -0.1940065 -0.2413907 0 0 0 0 -0.1992008 0 0 0 -0.1673795 -0.08449046 -0.1254915 0 0 0 -0.2095608 0 0 0 0 -0.08482683 -0.1989481
0 0 0 0 0 0 0 0 0 0 0 0 0 0 0 0 0 0 0 0 0 0 0 0 1.01 0 0 0 0 0 0 0 0 0 0 0 0 0 0 0 0 0 0 0 0 0 0 0 0 0 0 0 0 0 0 0 0 0 0 0 0 0 0 0 0 0 0 0 0 0 0 0 0 0 0 0 0 0 0 0 0 0 0 0 0 0 0 0 0 0 0 0 0 0 0 0 0 0 0 0 0 0 0 0 0 0 0 0 0 0 0 0 0 0 0 0 0 0 0 0 0 0 0 0 0 0 0 0 0 0 0 0 0 0 0 0 0 0 0 0 0 0 0 0 0 0 0 0 0 0 0 0 0 0 0 0 0 0 0 0 0 0 0 0 0
-0.1115646 0 -0.1087577 -0.1698046 0.8350498 0 -0.1115646 -0.1102578 0 0 -0.1553889 0.8771 -0.1119892 0 0 -0.1119892 0 -0.1180939 -0.2189874 -0.2339118 -0.2339118 -0.1119892 -0.5031956 0.7685637 0 1.01 0 0 -0.2404327 0 -0.01773465 0 0 0 0 0.1096028 0 0 0 0 0.1096028 0 0 0.341818 -0.2307912 0 0.3873494 -0.1950252 0 0 -0.1569048 -0.197567 0 -0.1950252 0 0 0 0 0 -0.1951224 -0.1950252 0 0 0 0.1068563 0 0 0.341818 -0.1950252 0.1397577 0 0 -0.1435412 -0.2568193 -0.06637725 -0.1627692 0 0.1390969 0 0 -0.1950252 0 0 0 -0.1950252 0 0 0 0 -0.1119754 -0.1951646 -0.1950252 0 -0.1619464 -0.1627692 0 -0.1526755 0 0 0 0 0.07410799 0.6465929 0 0 0 0 0 -0.1610135 -0.2633627 -0.1351927 0 0 0 0 0 0 0 0 0 0 0 -0.2932951 -0.2468013 0.1082992 -0.2633627 0 0 -0.195595 0 -0.2932951 -0.1950252 -0.1038571 0 0 0 0 -0.2267896 -0.1627692 0 -0.2633627 0.1647359 0.1106897 -0.3021068 0 0 0 0 0.08916206 0 0 0 -0.2073385 -0.1038571 -0.1627692 0 0 0 -0.2633627 0 0 0 0 -0.1043337 0.1082992
0 0 0 0 0 0 0 0 0 0 0 0 0 0 0 0 0 0 0 0 0 0 0 0 0 0 1.01 0 0 0 0 0 0 0 0 0 0 0 0 0 0 0 0 0 0 0 0 0 0 0 0 0 0 0 0 0 0 0 0 0 0 0 0 0 0 0 0 0 0 0 0 0 0 0 0 0 0 0 0 0 0 0 0 0 0 0 0 0 0 0 0 0 0 0 0 0 0 0 0 0 0 0 0 0 0 0 0 0 0 0 0 0 0 0 0 0 0 0 0 0 0 0 0 0 0 0 0 0 0 0 0 0 0 0 0 0 0 0 0 0 0 0 0 0 0 0 0 0 0 0 0 0 0 0 0 0 0 0 0 0 0 0 0 0 0
0 0 0 0 0 0 0 0 0 0 0 0 0 0 0 0 0 0 0 0 0 0 0 0 0 0 0 1.01 0 0 0 0 0 0 0 0 0 0 0 0 0 0 0 0 0 0 0 0 0 0 0 0 0 0 0 0 0 0 0 0 0 0 0 0 0 0 0 0 0 0 0 0 0 0 0 0 0 0 0 0 0 0 0 0 0 0 0 0 0 0 0 0 0 0 0 0 0 0 0 0 0 0 0 0 0 0 0 0 0 0 0 0 0 0 0 0 0 0 0 0 0 0 0 0 0 0 0 0 0 0 0 0 0 0 0 0 0 0 0 0 0 0 0 0 0 0 0 0 0 0 0 0 0 0 0 0 0 0 0 0 0 0 0 0 0
-0.03004939 0 -0.02958295 -0.05475439 -0.2553307 0 -0.03004939 -0.02958295 0 0 -0.02467639 -0.2503325 -0.03024801 0 0 -0.03024801 0 -0.03300846 -0.09137133 0.9794879 0.9794879 -0.03024801 -0.2018714 -0.2073046 0 -0.2404327 0 0 1.01 0 -0.03961775 0 0 0 0 0.03047959 0 0 0 0 0.03047959 0 0 0.1496373 -0.1108208 0 -0.2113053 -0.08276733 0 0 -0.05277258 -0.08304453 0 -0.08276733 0 0 0 0 0 -0.08296521 -0.08276733 0 0 0 0.03027774 0 0 0.1496373 -0.08276733 -0.273087 0 0 -0.04870826 -0.1005297 -0.02878004 -0.094517 0 -0.2713669 0 0 -0.08276733 0 0 0 -0.08276733 0 0 0 0 -0.03324175 -0.08266834 -0.08276733 0 -0.09481512 -0.094517 0 -0.05289901 0 0 0 0 0.05234034 -0.1955249 0 0 0 0 0 -0.09491441 -0.129967 0.6352301 0 0 0 0 0 0 0 0 0 0 0 -0.1492658 -0.08914912 0.02987266 -0.129967 0 0 -0.08190326 0 -0.1492658 -0.08276733 -0.06028511 0 0 0 0 -0.1057109 -0.094517 0 -0.129967 -0.04574093 0.03011607 -0.102433 0 0 0 0 0.03860677 0 0 0 -0.08457088 -0.06028511 -0.094517 0 0 0 -0.129967 0 0 0 0 -0.06067559 0.02987266
0 0 0 0 0 0 0 0 0 0 0 0 0 0 0 0 0 0 0 0 0 0 0 0 0 0 0 0 0 1.01 0 0 0 0 0 0 0 0 0 0 0 0 0 0 0 0 0 0 0 0 0 0 0 0 0 0 0 0 0 0 0 0 0 0 0 0 0 0 0 0 0 0 0 0 0 0 0 0 0 0 0 0 0 0 0 0 0 0 0 0 0 0 0 0 0 0 0 0 0 0 0 0 0 0 0 0 0 0 0 0 0 0 0 0 0 0 0 0 0 0 0 0 0 0 0 0 0 0 0 0 0 0 0 0 0 0 0 0 0 0 0 0 0 0 0 0 0 0 0 0 0 0 0 0 0 0 0 0 0 0 0 0 0 0 0
0.8073245 0 0.8028961 -0.04440908 0.1851973 0 0.8073245 0.8050844 0 0 -0.03641059 -0.03971392 0.8084075 0 0 0.8084075 0 0.749115 -0.03861343 -0.0393493 -0.0393493 0.8084075 -0.1153013 0.253225 0 -0.01773465 0 0 -0.03961775 0 1.01 0 0 0 0 -0.7999526 0 0 0 0 -0.7999526 0 0 -0.1819295 -0.05017285 0 -0.1451677 -0.05865816 0 0 -0.03909527 -0.03465219 0 -0.05865816 0 0 0 0 0 -0.0587564 -0.05865816 0 0 0 -0.7943624 0 0 -0.1819295 -0.05865816 -0.1632484 0 0 -0.04481444 -0.07259645 -0.006107034 -0.03177204 0 -0.1625102 0 0 -0.05865816 0 0 0 -0.05865816 0 0 0 0 -0.03030769 -0.05860901 -0.05865816 0 -0.03194413 -0.03177204 0 -0.03957706 0 0 0 0 -0.188154 -0.06172817 0 0 0 0 0 -0.03200145 -0.06691926 -0.03609796 0 0 0 0 0 0 0 0 0 0 0 -0.08200529 -0.3370911 -0.7966742 -0.06691926 0 0 -0.05885458 0 -0.08200529 -0.05865816 -0.04131367 0 0 0 0 -0.07327185 -0.03177204 0 -0.06691926 -0.01769665 -0.7876118 -0.08439842 0 0 0 0 -0.7352755 0 0 0 -0.05585487 -0.04131367 -0.03177204 0 0 0 -0.06691926 0 0 0 0 -0.04150597 -0.7966742
0 0 0 0 0 0 0 0 0 0 0 0 0 0 0 0 0 0 0 0 0 0 0 0 0 0 0 0 0 0 0 1.01 0 0 0 0 0 0 0 0 0 0 0 0 0 0 0 0 0 0 0 0 0 0 0 0 0 0 0 0 0 0 0 0 0 0 0 0 0 0 0 0 0 0 0 0 0 0 0 0 0 0 0 0 0 0 0 0 0 0 0 0 0 0 0 0 0 0 0 0 0 0 0 0 0 0 0 0 0 0 0 0 0 0 0 0 0 0 0 0 0 0 0 0 0 0 0 0 0 0 0 0 0 0 0 0 0 0 0 0 0 0 0 0 0 0 0 0 0 0 0 0 0 0 0 0 0 0 0 0 0 0 0 0 0
0 0 0 0 0 0 0 0 0 0 0 0 0 0 0 0 0 0 0 0 0 0 0 0 0 0 0 0 0 0 0 0 1.01 0 0 0 0 0 0 0 0 0 0 0 0 0 0 0 0 0 0 0 0 0 0 0 0 0 0 0 0 0 0 0 0 0 0 0 0 0 0 0 0 0 0 0 0 0 0 0 0 0 0 0 0 0 0 0 0 0 0 0 0 0 0 0 0 0 0 0 0 0 0 0 0 0 0 0 0 0 0 0 0 0 0 0 0 0 0 0 0 0 0 0 0 0 0 0 0 0 0 0 0 0 0 0 0 0 0 0 0 0 0 0 0 0 0 0 0 0 0 0 0 0 0 0 0 0 0 0 0 0 0 0 0
0 0 0 0 0 0 0 0 0 0 0 0 0 0 0 0 0 0 0 0 0 0 0 0 0 0 0 0 0 0 0 0 0 1.01 0 0 0 0 0 0 0 0 0 0 0 0 0 0 0 0 0 0 0 0 0 0 0 0 0 0 0 0 0 0 0 0 0 0 0 0 0 0 0 0 0 0 0 0 0 0 0 0 0 0 0 0 0 0 0 0 0 0 0 0 0 0 0 0 0 0 0 0 0 0 0 0 0 0 0 0 0 0 0 0 0 0 0 0 0 0 0 0 0 0 0 0 0 0 0 0 0 0 0 0 0 0 0 0 0 0 0 0 0 0 0 0 0 0 0 0 0 0 0 0 0 0 0 0 0 0 0 0 0 0 0
0 0 0 0 0 0 0 0 0 0 0 0 0 0 0 0 0 0 0 0 0 0 0 0 0 0 0 0 0 0 0 0 0 0 1.01 0 0 0 0 0 0 0 0 0 0 0 0 0 0 0 0 0 0 0 0 0 0 0 0 0 0 0 0 0 0 0 0 0 0 0 0 0 0 0 0 0 0 0 0 0 0 0 0 0 0 0 0 0 0 0 0 0 0 0 0 0 0 0 0 0 0 0 0 0 0 0 0 0 0 0 0 0 0 0 0 0 0 0 0 0 0 0 0 0 0 0 0 0 0 0 0 0 0 0 0 0 0 0 0 0 0 0 0 0 0 0 0 0 0 0 0 0 0 0 0 0 0 0 0 0 0 0 0 0 0
-0.9744682 0 -0.9693254 0.0300095 -0.1482948 0 -0.9744682 -0.9720278 0 0 0.02513945 0.122522 -0.9758875 0 0 -0.9758875 0 -0.9071131 0.03053263 0.03163173 0.03163173 -0.9758875 0.09797481 -0.1990885 0 0.1096028 0 0 0.03047959 0 -0.7999526 0 0 0 0 1.01 0 0 0 0 1 0 0 0.2702622 0.03608727 0 0.2306825 0.03964866 0 0 0.02274687 0.009593207 0 0.03964866 0 0 0 0 0 0.03973053 0.03964866 0 0 0 0.9930564 0 0 0.2702622 0.03964866 0.1776611 0 0 0.03274919 0.04692996 0.001614749 0.02674658 0 0.1770449 0 0 0.03964866 0 0 0 0.03964866 0 0 0 0 0.01926417 0.03960771 0.03964866 0 0.02688326 0.02674658 0 0.02318423 0 0 0 0 0.1970447 0.09608661 0 0 0 0 0 0.02692878 0.04900318 0.02504599 0 0 0 0 0 0 0 0 0 0 0 0.05767836 0.322246 0.9958312 0.04900318 0 0 0.03981234 0 0.05767836 0.03964866 0.02552067 0 0 0 0 0.0479407 0.02674658 0 0.04900318 0.01259211 0.984925 0.0590265 0 0 0 0 0.9221845 0 0 0 0.03962785 0.02552067 0.02674658 0 0 0 0.04900318 0 0 0 0 0.0256863 0.9958312
0 0 0 0 0 0 0 0 0 0 0 0 0 0 0 0 0 0 0 0 0 0 0 0 0 0 0 0 0 0 0 0 0 0 0 0 1.01 0 0 0 0 0 0 0 0 0 0 0 0 0 0 0 0 0 0 0 0 0 0 0 0 0 0 0 0 0 0 0 0 0 0 0 0 0 0 0 0 0 0 0 0 0 0 0 0 0 0 0 0 0 0 0 0 0 0 0 0 0 0 0 0 0 0 0 0 0 0 0 0 0 0 0 0 0 0 0 0 0 0 0 0 0 0 0 0 0 0 0 0 0 0 0 0 0 0 0 0 0 0 0 0 0 0 0 0 0 0 0 0 0 0 0 0 0 0 0 0 0 0 0 0 0 0 0 0
0 0 0 0 0 0 0 0 0 0 0 0 0 0 0 0 0 0 0 0 0 0 0 0 0 0 0 0 0 0 0 0 0 0 0 0 0 1.01 0 0 0 0 0 0 0 0 0 0 0 0 0 0 0 0 0 0 0 0 0 0 0 0 0 0 0 0 0 0 0 0 0 0 0 0 0 0 0 0 0 0 0 0 0 0 0 0 0 0 0 0 0 0 0 0 0 0 0 0 0 0 0 0 0 0 0 0 0 0 0 0 0 0 0 0 0 0 0 0 0 0 0 0 0 0 0 0 0 0 0 0 0 0 0 0 0 0 0 0 0 0 0 0 0 0 0 0 0 0 0 0 0 0 0 0 0 0 0 0 0 0 0 0 0 0 0
0 0 0 0 0 0 0 0 0 0 0 0 0 0 0 0 0 0 0 0 0 0 0 0 0 0 0 0 0 0 0 0 0 0 0 0 0 0 1.01 0 0 0 0 0 0 0 0 0 0 0 0 0 0 0 0 0 0 0 0 0 0 0 0 0 0 0 0 0 0 0 0 0 0 0 0 0 0 0 0 0 0 0 0 0 0 0 0 0 0 0 0 0 0 0 0 0 0 0 0 0 0 0 0 0 0 0 0 0 0 0 0 0 0 0 0 0 0 0 0 0 0 0 0 0 0 0 0 0 0 0 0 0 0 0 0 0 0 0 0 0 0 0 0 0 0 0 0 0 0 0 0 0 0 0 0 0 0 0 0 0 0 0 0 0 0
0 0 0 0 0 0 0 0 0 0 0 0 0 0 0 0 0 0 0 0 0 0 0 0 0 0 0 0 0 0 0 0 0 0 0 0 0 0 0 1.01 0 0 0 0 0 0 0 0 0 0 0 0 0 0 0 0 0 0 0 0 0 0 0 0 0 0 0 0 0 0 0 0 0 0 0 0 0 0 0 0 0 0 0 0 0 0 0 0 0 0 0 0 0 0 0 0 0 0 0 0 0 0 0 0 0 0 0 0 0 0 0 0 0 0 0 0 0 0 0 0 0 0 0 0 0 0 0 0 0 0 0 0 0 0 0 0 0 0 0 0 0 0 0 0 0 0 0 0 0 0 0 0 0 0 0 0 0 0 0 0 0 0 0 0 0
-0.9744682 0 -0.9693254 0.0300095 -0.1482948 0 -0.9744682 -0.9720278 0 0 0.02513945 0.122522 -0.9758875 0 0 -0.9758875 0 -0.9071131 0.03053263 0.03163173 0.03163173 -0.9758875 0.09797481 -0.1990885 0 0.1096028 0 0 0.03047959 0 -0.7999526 0 0 0 0 1 0 0 0 0 1.01 0 0 0.2702622 0.03608727 0 0.2306825 0.03964866 0 0 0.02274687 0.009593207 0 0.03964866 0 0 0 0 0 0.03973053 0.03964866 0 0 0 0.9930564 0 0 0.2702622 0.03964866 0.1776611 0 0 0.03274919 0.04692996 0.001614749 0.02674658 0 0.1770449 0 0 0.03964866 0 0 0 0.03964866 0 0 0 0 0.01926417 0.03960771 0.03964866 0 0.02688326 0.02674658 0 0.02318423 0 0 0 0 0.1970447 0.09608661 0 0 0 0 0 0.02692878 0.04900318 0.02504599 0 0 0 0 0 0 0 0 0 0 0 0.05767836 0.322246 0.9958312 0.04900318 0 0 0.03981234 0 0.05767836 0.03964866 0.02552067 0 0 0 0 0.0479407 0.02674658 0 0.04900318 0.01259211 0.984925 0.0590265 0 0 0 0 0.9221845 0 0 0 0.03962785 0.02552067 0.02674658 0 0 0 0.04900318 0 0 0 0 0.0256863 0.9958312
0 0 0 0 0 0 0 0 0 0 0 0 0 0 0 0 0 0 0 0 0 0 0 0 0 0 0 0 0 0 0 0 0 0 0 0 0 0 0 0 0 1.01 0 0 0 0 0 0 0 0 0 0 0 0 0 0 0 0 0 0 0 0 0 0 0 0 0 0 0 0 0 0 0 0 0 0 0 0 0 0 0 0 0 0 0 0 0 0 0 0 0 0 0 0 0 0 0 0 0 0 0 0 0 0 0 0 0 0 0 0 0 0 0 0 0 0 0 0 0 0 0 0 0 0 0 0 0 0 0 0 0 0 0 0 0 0 0 0 0 0 0 0 0 0 0 0 0 0 0 0 0 0 0 0 0 0 0 0 0 0 0 0 0 0 0
0 0 0 0 0 0 0 0 0 0 0 0 0 0 0 0 0 0 0 0 0 0 0 0 0 0 0 0 0 0 0 0 0 0 0 0 0 0 0 0 0 0 1.01 0 0 0 0 0 0 0 0 0 0 0 0 0 0 0 0 0 0 0 0 0 0 0 0 0 0 0 0 0 0 0 0 0 0 0 0 0 0 0 0 0 0 0 0 0 0 0 0 0 0 0 0 0 0 0 0 0 0 0 0 0 0 0 0 0 0 0 0 0 0 0 0 0 0 0 0 0 0 0 0 0 0 0 0 0 0 0 0 0 0 0 0 0 0 0 0 0 0 0 0 0 0 0 0 0 0 0 0 0 0 0 0 0 0 0 0 0 0 0 0 0 0
-0.2644111 0 -0.2625182 -0.2199403 0.1804799 0 -0.2644111 -0.2634018 0 0 -0.3510003 0.257064 -0.2646006 0 0 -0.2646006 0 -0.2351257 -0.3963665 0.1462276 0.1462276 -0.2646006 0.3012846 0.1873831 0 0.341818 0 0 0.1496373 0 -0.1819295 0 0 0 0 0.2702622 0 0 0 0 0.2702622 0 0 1.01 -0.6846731 0 0.8387586 -0.582218 0 0 -0.3733232 -0.5874292 0 -0.582218 0 0 0 0 0 -0.5824696 -0.582218 0 0 0 0.2709929 0 0 1 -0.582218 0.6231963 0 0 -0.3926737 -0.711292 -0.1802927 -0.5496731 0 0.6216413 0 0 -0.582218 0 0 0 -0.582218 0 0 0 0 -0.2677719 -0.5820922 -0.582218 0 -0.5486606 -0.5496731 0 -0.370178 0 0 0 0 0.7124081 0.3402672 0 0 0 0 0 -0.5483236 -0.8318331 0.1207085 0 0 0 0 0 0 0 0 0 0 0 -0.9206871 -0.08761192 0.2706403 -0.8318331 0 0 -0.5827213 0 -0.9206871 -0.582218 -0.316686 0 0 0 0 -0.678075 -0.5496731 0 -0.8318331 0.06496694 0.2749054 -0.9041972 0 0 0 0 0.2607748 0 0 0 -0.5445666 -0.316686 -0.5496731 0 0 0 -0.8318331 0 0 0 0 -0.3160311 0.2706403
-0.03043551 0 -0.03132469 -0.07846193 -0.2813832 0 -0.03043551 -0.03132469 0 0 0.5214398 -0.2761761 -0.03065854 0 0 -0.03065854 0 -0.03541565 0.6007356 -0.1080094 -0.1080094 -0.03065854 -0.1727069 -0.1911143 0 -0.2307912 0 0 -0.1108208 0 -0.05017285 0 0 0 0 0.03608727 0 0 0 0 0.03608727 0 0 -0.6846731 1.01 0 -0.5693892 -0.09779906 0 0 0.5531443 -0.09725763 0 -0.09779906 0 0 0 0 0 -0.09685393 -0.09779906 0 0 0 0.03705884 0 0 -0.6846731 -0.09779906 -0.4218771 0 0 -0.07638395 0.2397367 -0.0376666 0.7971092 0 -0.4209302 0 0 -0.09779906 0 0 0 -0.09779906 0 0 0 0 -0.05677201 -0.09769102 -0.09779906 0 0.7960845 0.7971092 0 0.5499586 0 0 0 0 -0.487224 -0.2315254 0 0 0 0 0 0.7957435 0.4965352 -0.08958949 0 0 0 0 0 0 0 0 0 0 0 0.697089 0.1428332 0.0366202 0.4965352 0 0 -0.09590968 0 0.697089 -0.09779906 0.4833433 0 0 0 0 0.2073851 0.7971092 0 0.4965352 -0.04258022 0.02528548 0.6860899 0 0 0 0 0.01553551 0 0 0 -0.101537 0.4833433 0.7971092 0 0 0 0.4965352 0 0 0 0 0.4820529 0.0366202
0 0 0 0 0 0 0 0 0 0 0 0 0 0 0 0 0 0 0 0 0 0 0 0 0 0 0 0 0 0 0 0 0 0 0 0 0 0 0 0 0 0 0 0 0 1.01 0 0 0 0 0 0 0 0 0 0 0 0 0 0 0 0 0 0 0 0 0 0 0 0 0 0 0 0 0 0 0 0 0 0 0 0 0 0 0 0 0 0 0 0 0 0 0 0 0 0 0 0 0 0 0 0 0 0 0 0 0 0 0 0 0 0 0 0 0 0 0 0 0 0 0 0 0 0 0 0 0 0 0 0 0 0 0 0 0 0 0 0 0 0 0 0 0 0 0 0 0 0 0 0 0 0 0 0 0 0 0 0 0 0 0 0 0 0 0
-0.2262273 0 -0.2249407 -0.2445995 0.2294014 0 -0.2262273 -0.2249407 0 0 -0.3114247 0.2932165 -0.2263056 0 0 -0.2263056 0 -0.1981781 -0.3205889 -0.196848 -0.196848 -0.2263056 0.3654133 0.2616873 0 0.3873494 0 0 -0.2113053 0 -0.1451677 0 0 0 0 0.2306825 0 0 0 0 0.2306825 0 0 0.8387586 -0.5693892 0 1.01 -0.4918056 0 0 -0.3124333 -0.4966989 0 -0.4918056 0 0 0 0 0 -0.49194 -0.4918056 0 0 0 0.2314385 0 0 0.8387586 -0.4918056 0.7437315 0 0 -0.3346823 -0.5994178 -0.1446509 -0.4556926 0 0.7414343 0 0 -0.4918056 0 0 0 -0.4918056 0 0 0 0 -0.2312029 -0.4917384 -0.4918056 0 -0.4546351 -0.4556926 0 -0.3096874 0 0 0 0 0.5561906 0.3955882 0 0 0 0 0 -0.4542831 -0.6964903 -0.4277002 0 0 0 0 0 0 0 0 0 0 0 -0.7655006 -0.1265697 0.2313078 -0.6964903 0 0 -0.4920746 0 -0.7655006 -0.4918056 -0.2544127 0 0 0 0 -0.564202 -0.4556926 0 -0.6964903 0.07622245 0.2352759 -0.7813292 0 0 0 0 0.2194691 0 0 0 -0.4564105 -0.2544127 -0.4556926 0 0 0 -0.6964903 0 0 0 0 -0.2536443 0.2313078
-0.04244102 0 -0.04176537 0.431964 -0.02154231 0 -0.04244102 -0.04176537 0 0 -0.05625226 -0.01068158 -0.0426023 0 0 -0.0426023 0 -0.0478926 -0.07715054 -0.08030649 -0.08030649 -0.0426023 -0.20576 -0.1590066 0 -0.1950252 0 0 -0.08276733 0 -0.05865816 0 0 0 0 0.03964866 0 0 0 0 0.03964866 0 0 -0.582218 -0.09779906 0 -0.4918056 1.01 0 0 -0.06015913 0.9924881 0 1 0 0 0 0 0 0.9993398 1 0 0 0 0.03812568 0 0 -0.582218 1 -0.3634197 0 0 0.6897115 0.8126233 0.3126509 -0.07356259 0 -0.3624747 0 0 1 0 0 0 1 0 0 0 0 0.4735241 0.9996696 1 0 -0.07384192 -0.07356259 0 -0.06102323 0 0 0 0 -0.4129333 -0.1983045 0 0 0 0 0 -0.07393496 0.7007429 -0.06633527 0 0 0 0 0 0 0 0 0 0 0 0.6097972 0.1260136 0.04050473 0.7007429 0 0 0.9986806 0 0.6097972 1 -0.06400307 0 0 0 0 0.8003179 -0.07356259 0 0.7007429 -0.04252356 0.0417113 0.5983346 0 0 0 0 0.04328611 0 0 0 0.9479947 -0.06400307 -0.07356259 0 0 0 0.7007429 0 0 0 0 -0.06343386 0.04050473
0 0 0 0 0 0 0 0 0 0 0 0 0 0 0 0 0 0 0 0 0 0 0 0 0 0 0 0 0 0 0 0 0 0 0 0 0 0 0 0 0 0 0 0 0 0 0 0 1.01 0 0 0 0 0 0 0 0 0 0 0 0 0 0 0 0 0 0 0 0 0 0 0 0 0 0 0 0 0 0 0 0 0 0 0 0 0 0 0 0 0 0 0 0 0 0 0 0 0 0 0 0 0 0 0 0 0 0 0 0 0 0 0 0 0 0 0 0 0 0 0 0 0 0 0 0 0 0 0 0 0 0 0 0 0 0 0 0 0 0 0 0 0 0 0 0 0 0 0 0 0 0 0 0 0 0 0 0 0 0 0 0 0 0 0 0
0 0 0 0 0 0 0 0 0 0 0 0 0 0 0 0 0 0 0 0 0 0 0 0 0 0 0 0 0 0 0 0 0 0 0 0 0 0 0 0 0 0 0 0 0 0 0 0 0 1.01 0 0 0 0 0 0 0 0 0 0 0 0 0 0 0 0 0 0 0 0 0 0 0 0 0 0 0 0 0 0 0 0 0 0 0 0 0 0 0 0 0 0 0 0 0 0 0 0 0 0 0 0 0 0 0 0 0 0 0 0 0 0 0 0 0 0 0 0 0 0 0 0 0 0 0 0 0 0 0 0 0 0 0 0 0 0 0 0 0 0 0 0 0 0 0 0 0 0 0 0 0 0 0 0 0 0 0 0 0 0 0 0 0 0 0
-0.02471843 0 -0.02517218 -0.04017615 -0.180584 0 -0.02471843 -0.02517218 0 0 0.9514985 -0.1748679 -0.02483222 0 0 -0.02483222 0 -0.02397613 -0.06142841 -0.05261854 -0.05261854 -0.02483222 -0.1252869 -0.142754 0 -0.1569048 0 0 -0.05277258 0 -0.03909527 0 0 0 0 0.02274687 0 0 0 0 0.02274687 0 0 -0.3733232 0.5531443 0 -0.3124333 -0.06015913 0 0 1.01 -0.05951006 0 -0.06015913 0 0 0 0 0 -0.05835676 -0.06015913 0 0 0 0.02459834 0 0 -0.3733232 -0.06015913 -0.2320352 0 0 -0.03165261 0.5324402 -0.03416975 -0.06212991 0 -0.231159 0 0 -0.06015913 0 0 0 -0.06015913 0 0 0 0 -0.03022914 -0.06010069 -0.06015913 0 -0.06230902 -0.06212991 0 0.9944774 0 0 0 0 -0.266258 -0.131176 0 0 0 0 0 -0.06236868 -0.08976661 -0.04592746 0 0 0 0 0 0 0 0 0 0 0 0.3666376 0.0789536 0.02436617 -0.08976661 0 0 -0.06039272 0 0.3666376 -0.06015913 0.8955279 0 0 0 0 0.4850965 -0.06212991 0 -0.08976661 -0.03362739 0.009625225 0.3611753 0 0 0 0 -0.01855284 0 0 0 -0.06016932 0.8955279 -0.06212991 0 0 0 -0.08976661 0 0 0 0 0.8938334 0.02436617
-0.01304853 0 -0.01253107 0.4282932 -0.01788971 0 -0.01304853 -0.01253107 0 0 -0.05564721 -0.01521688 -0.01324746 0 0 -0.01324746 0 -0.02055628 -0.07688957 -0.08051305 -0.08051305 -0.01324746 -0.2071955 -0.1522731 0 -0.197567 0 0 -0.08304453 0 -0.03465219 0 0 0 0 0.009593207 0 0 0 0 0.009593207 0 0 -0.5874292 -0.09725763 0 -0.4966989 0.9924881 0 0 -0.05951006 1.01 0 0.9924881 0 0 0 0 0 0.9918296 0.9924881 0 0 0 0.008038487 0 0 -0.5874292 0.9924881 -0.3664809 0 0 0.6845407 0.8066326 0.3098752 -0.07338439 0 -0.3655232 0 0 0.9924881 0 0 0 0.9924881 0 0 0 0 0.4693312 0.992161 0.9924881 0 -0.07366649 -0.07338439 0 -0.06038768 0 0 0 0 -0.4159601 -0.2005721 0 0 0 0 0 -0.07376044 0.6952111 -0.06598617 0 0 0 0 0 0 0 0 0 0 0 0.6049722 0.1167784 0.01031888 0.6952111 0 0 0.9911721 0 0.6049722 0.9924881 -0.06352 0 0 0 0 0.7943333 -0.07338439 0 0.6952111 -0.04327134 0.01192832 0.5934773 0 0 0 0 0.01552918 0 0 0 0.9406158 -0.06352 -0.07338439 0 0 0 0.6952111 0 0 0 0 -0.06296077 0.01031888
0 0 0 0 0 0 0 0 0 0 0 0 0 0 0 0 0 0 0 0 0 0 0 0 0 0 0 0 0 0 0 0 0 0 0 0 0 0 0 0 0 0 0 0 0 0 0 0 0 0 0 0 1.01 0 0 0 0 0 0 0 0 0 0 0 0 0 0 0 0 0 0 0 0 0 0 0 0 0 0 0 0 0 0 0 0 0 0 0 0 0 0 0 0 0 0 0 0 0 0 0 0 0 0 0 0 0 0 0 0 0 0 0 0 0 0 0 0 0 0 0 0 0 0 0 0 0 0 0 0 0 0 0 0 0 0 0 0 0 0 0 0 0 0 0 0 0 0 0 0 0 0 0 0 0 0 0 0 0 0 0 0 0 0 0 0
-0.04244102 0 -0.04176537 0.431964 -0.02154231 0 -0.04244102 -0.04176537 0 0 -0.05625226 -0.01068158 -0.0426023 0 0 -0.0426023 0 -0.0478926 -0.07715054 -0.08030649 -0.08030649 -0.0426023 -0.20576 -0.1590066 0 -0.1950252 0 0 -0.08276733 0 -0.05865816 0 0 0 0 0.03964866 0 0 0 0 0.03964866 0 0 -0.582218 -0.09779906 0 -0.4918056 1 0 0 -0.06015913 0.9924881 0 1.01 0 0 0 0 0 0.9993398 1 0 0 0 0.03812568 0 0 -0.582218 1 -0.3634197 0 0 0.6897115 0.8126233 0.3126509 -0.07356259 0 -0.3624747 0 0 1 0 0 0 1 0 0 0 0 0.4735241 0.9996696 1 0 -0.07384192 -0.07356259 0 -0.06102323 0 0 0 0 -0.4129333 -0.1983045 0 0 0 0 0 -0.07393496 0.7007429 -0.06633527 0 0 0 0 0 0 0 0 0 0 0 0.6097972 0.1260136 0.04050473 0.7007429 0 0 0.9986806 0 0.6097972 1 -0.06400307 0 0 0 0 0.8003179 -0.07356259 0 0.7007429 -0.04252356 0.0417113 0.5983346 0 0 0 0 0.04328611 0 0 0 0.9479947 -0.06400307 -0.07356259 0 0 0 0.7007429 0 0 0 0 -0.06343386 0.04050473
0 0 0 0 0 0 0 0 0 0 0 0 0 0 0 0 0 0 0 0 0 0 0 0 0 0 0 0 0 0 0 0 0 0 0 0 0 0 0 0 0 0 0 0 0 0 0 0 0 0 0 0 0 0 1.01 0 0 0 0 0 0 0 0 0 0 0 0 0 0 0 0 0 0 0 0 0 0 0 0 0 0 0 0 0 0 0 0 0 0 0 0 0 0 0 0 0 0 0 0 0 0 0 0 0 0 0 0 0 0 0 0 0 0 0 0 0 0 0 0 0 0 0 0 0 0 0 0 0 0 0 0 0 0 0 0 0 0 0 0 0 0 0 0 0 0 0 0 0 0 0 0 0 0 0 0 0 0 0 0 0 0 0 0 0 0
0 0 0 0 0 0 0 0 0 0 0 0 0 0 0 0 0 0 0 0 0 0 0 0 0 0 0 0 0 0 0 0 0 0 0 0 0 0 0 0 0 0 0 0 0 0 0 0 0 0 0 0 0 0 0 1.01 0 0 0 0 0 0 0 0 0 0 0 0 0 0 0 0 0 0 0 0 0 0 0 0 0 0 0 0 0 0 0 0 0 0 0 0 0 0 0 0 0 0 0 0 0 0 0 0 0 0 0 0 0 0 0 0 0 0 0 0 0 0 0 0 0 0 0 0 0 0 0 0 0 0 0 0 0 0 0 0 0 0 0 0 0 0 0 0 0 0 0 0 0 0 0 0 0 0 0 0 0 0 0 0 0 0 0 0 0
0 0 0 0 0 0 0 0 0 0 0 0 0 0 0 0 0 0 0 0 0 0 0 0 0 0 0 0 0 0 0 0 0 0 0 0 0 0 0 0 0 0 0 0 0 0 0 0 0 0 0 0 0 0 0 0 1.01 0 0 0 0 0 0 0 0 0 0 0 0 0 0 0 0 0 0 0 0 0 0 0 0 0 0 0 0 0 0 0 0 0 0 0 0 0 0 0 0 0 0 0 0 0 0 0 0 0 0 0 0 0 0 0 0 0 0 0 0 0 0 0 0 0 0 0 0 0 0 0 0 0 0 0 0 0 0 0 0 0 0 0 0 0 0 0 0 0 0 0 0 0 0 0 0 0 0 0 0 0 0 0 0 0 0 0 0
0 0 0 0 0 0 0 0 0 0 0 0 0 0 0 0 0 0 0 0 0 0 0 0 0 0 0 0 0 0 0 0 0 0 0 0 0 0 0 0 0 0 0 0 0 0 0 0 0 0 0 0 0 0 0 0 0 1.01 0 0 0 0 0 0 0 0 0 0 0 0 0 0 0 0 0 0 0 0 0 0 0 0 0 0 0 0 0 0 0 0 0 0 0 0 0 0 0 0 0 0 0 0 0 0 0 0 0 0 0 0 0 0 0 0 0 0 0 0 0 0 0 0 0 0 0 0 0 0 0 0 0 0 0 0 0 0 0 0 0 0 0 0 0 0 0 0 0 0 0 0 0 0 0 0 0 0 0 0 0 0 0 0 0 0 0
0 0 0 0 0 0 0 0 0 0 0 0 0 0 0 0 0 0 0 0 0 0 0 0 0 0 0 0 0 0 0 0 0 0 0 0 0 0 0 0 0 0 0 0 0 0 0 0 0 0 0 0 0 0 0 0 0 0 1.01 0 0 0 0 0 0 0 0 0 0 0 0 0 0 0 0 0 0 0 0 0 0 0 0 0 0 0 0 0 0 0 0 0 0 0 0 0 0 0 0 0 0 0 0 0 0 0 0 0 0 0 0 0 0 0 0 0 0 0 0 0 0 0 0 0 0 0 0 0 0 0 0 0 0 0 0 0 0 0 0 0 0 0 0 0 0 0 0 0 0 0 0 0 0 0 0 0 0 0 0 0 0 0 0 0 0
-0.04252403 0 -0.04184925 0.4316142 -0.02181496 0 -0.04252403 -0.04184925 0 0 -0.05446396 -0.01093572 -0.04268538 0 0 -0.04268538 0 -0.04798129 -0.07731824 -0.08050061 -0.08050061 -0.04268538 -0.2057557 -0.1594238 0 -0.1951224 0 0 -0.08296521 0 -0.0587564 0 0 0 0 0.03973053 0 0 0 0 0.03973053 0 0 -0.5824696 -0.09685393 0 -0.49194 0.9993398 0 0 -0.05835676 0.9918296 0 0.9993398 0 0 0 0 0 1.01 0.9993398 0 0 0 0.03820808 0 0 -0.5824696 0.9993398 -0.3637439 0 0 0.6892556 0.8131152 0.3124431 -0.07373667 0 -0.3627976 0 0 0.9993398 0 0 0 0.9993398 0 0 0 0 0.4732102 0.9990096 0.9993398 0 -0.07401614 -0.07373667 0 -0.05923279 0 0 0 0 -0.4133592 -0.1986646 0 0 0 0 0 -0.07410922 0.700121 -0.06650365 0 0 0 0 0 0 0 0 0 0 0 0.6100773 0.1257636 0.04058578 0.700121 0 0 0.9980207 0 0.6100773 0.9993398 -0.06230755 0 0 0 0 0.8007978 -0.07373667 0 0.700121 -0.04259373 0.04179268 0.5986039 0 0 0 0 0.04337344 0 0 0 0.9473451 -0.06230755 -0.07373667 0 0 0 0.700121 0 0 0 0 -0.06174174 0.04058578
