1.01 0.9919943 0 0.5143012 0.9919943 0 -0.01496064 0 0 -0.02205559 0.5143012 -0.01106512 -0.03025613 -0.08650736 -0.01113674 -0.08660052 0 -0.01088788 0.313473 -0.03319282 0.04456895 0 -0.03629 0.000793882 -0.08654663 -0.005845762 -0.03297135 -0.01579275 0 -0.08654663 -0.03319282 -0.005411166 -0.01374083 -0.01102925 0.9879983 0 -0.02483188 -0.03206573 -0.03359883 -0.03311657 0.06115229 -0.03191098 0 0 -0.01940459 -0.01295713 0.9919943 -0.00310845 0.7752435 0 -0.0875925 0.1604492 0 -0.08975518 -0.08908107 0 0.1361428 0.04870601 -0.009651659 0 0.06344306 0 0.9919943 -0.01439566 0.06163359 -0.01522543 -0.08799551 0 -0.01663232 -0.02012716 -0.005038382 -0.01862391 -0.0287582 -0.008761159 -0.01623337 -0.003081302 0 -0.01626557 -0.01594292 0 -0.02298145 -0.00200273 -0.0113411 0 0.0009363432 -0.01833858 -0.02345242 -0.02381922 -0.01373059 -0.02118158 0.02878552 -0.01272595 -0.02447931 0.03511704 -0.02276124 0.02281411 -0.01833566 -0.00216551 -0.0004060454 -0.01833566 0.002393873 -0.01373059 0 0 -0.02671228 0.002421624 -0.02050369 0.04232514 0 -0.01373059 -0.02486005 0 -0.006881983 0.03104282 0.03104282 -0.02303293 -0.02447931 0 -0.02463211 0.002421624 -0.003875056 -0.02306777 0 -0.02445589 0.02014346 -0.02303273 0.03382251 0.03408713 0.007911604 0.02041291 0.001488461 0 -0.01077641 -0.01497031 -0.02297437 -0.01157291 -0.02645915 -0.01544556 0.02791832 0.02960578 0.01733641 0.03983963 0.02960578 0.02960578 0.006017187 -0.01984949 0.02837351 -0.01379393 0.02837351 -0.01371038 0.02830259 0.03184685 0.02922329
0.9919943 1.01 0 0.5187463 1 0 -0.01484087 0 0 -0.02176524 0.5187463 -0.0106581 -0.02950512 -0.08592525 -0.01072952 -0.08601762 0 -0.01035399 0.3165974 -0.03215936 0.0484653 0 -0.03513207 0.001021518 -0.08596419 -0.005518077 -0.03210693 -0.01540818 0 -0.08596419 -0.03215936 -0.005013654 -0.01339641 -0.01062233 0.9959734 0 -0.02448572 -0.03107419 -0.03256281 -0.03225152 0.06195691 -0.03088284 0 0 -0.01912661 -0.01270519 1 -0.00261324 0.7816008 0 -0.08704206 0.1630954 0 -0.08920749 -0.0885187 0 0.138879 0.05235032 -0.009472393 0 0.06599238 0 1 -0.01419722 0.06381674 -0.01510354 -0.08711952 0 -0.01642282 -0.01943378 -0.004711958 -0.02411242 -0.03202555 -0.008584983 -0.01602634 -0.002647084 0 -0.01587758 -0.0157363 0 -0.02273507 -0.001482058 -0.01125031 0 -0.002929118 -0.01744668 -0.02291727 -0.02351999 -0.01338723 -0.02040079 0.02951252 -0.01253485 -0.02850609 0.03569401 -0.02257902 0.02350705 -0.0180621 -0.01305116 -0.0001782401 -0.0180621 0.001216811 -0.01338723 0 0 -0.02611665 0.00124355 -0.01972445 0.04384042 0 -0.01338723 -0.02424775 0 -0.006551749 0.03175907 0.03175907 -0.02284853 -0.02850609 0 -0.0286514 0.00124355 -0.00584475 -0.0228831 0 -0.0240056 0.02084974 -0.02463968 0.03466817 0.03487642 0.008398726 0.01926166 -0.002421364 0 -0.01053125 -0.01471111 -0.02279045 -0.01127634 -0.02999165 -0.01532191 0.02872985 0.03044403 0.01592289 0.04023641 0.03044403 0.03044403 0.006507607 -0.01927452 0.02918336 -0.01353834 0.02918336 -0.01360062 0.02911225 0.03242672 0.03006466
0 0 1.01 0 0 0 0 0 0 0 0 0 0 0 0 0 0 0 0 0 0 0 0 0 0 0 0 0 0 0 0 0 0 0 0 0 0 0 0 0 0 0 0 0 0 0 0 0 0 0 0 0 0 0 0 0 0 0 0 0 0 0 0 0 0 0 0 0 0 0 0 0 0 0 0 0 0 0 0 0 0 0 0 0 0 0 0 0 0 0 0 0 0 0 0 0 0 0 0 0 0 0 0 0 0 0 0 0 0 0 0 0 0 0 0 0 0 0 0 0 0 0 0 0 0 0 0 0 0 0 0 0 0 0 0 0 0 0 0 0 0 0 0 0 0 0 0 0 0 0 0 0 0
0.5143012 0.5187463 0 1.01 0.5187463 0 -0.0153202 0 0 -0.02963987 1 -0.02150588 -0.06299998 -0.1650772 -0.02335772 -0.1652612 0 -0.03311858 0.6052453 -0.07965883 0.07174961 0 -0.08562666 -0.0121877 -0.1651545 -0.0165993 -0.07335066 -0.0360643 0 -0.1651545 -0.07965883 -0.0332957 -0.01984384 -0.02315018 0.5165109 0 -0.03346044 -0.07645385 -0.07884257 -0.073627 0.01233308 -0.0788545 0 0 -0.03131863 -0.01970521 0.5187463 -0.01851826 0.4093848 0 -0.1278317 0.2534067 0 -0.1302449 -0.1300995 0 0.2014783 0.08096477 0.001467096 0 0.1160932 0 0.5187463 -0.02499971 0.1306806 0.004525252 0.04803623 0 -0.02224286 -0.05453496 0.03568744 -0.04985503 -0.05858174 0.004015821 -0.02634166 0.02847749 0 -0.03531785 -0.01033704 0 -0.02849155 0.1358925 -0.01757201 0 0.1644898 -0.0537375 -0.04386483 -0.03897049 -0.02550565 0.03612481 0.03101845 -0.02150225 0.04165532 -0.0472494 -0.03059275 -0.001783465 -0.01467644 -0.01688982 0.02226861 -0.01467644 -0.04157622 -0.02550565 0 0 -0.053405 -0.04155352 0.03694993 -0.02183952 0 -0.02550565 -0.05179403 0 -0.002975897 -0.05512384 -0.05512384 -0.03120374 0.04165532 0 0.04122317 -0.04155352 0.003359998 -0.03142161 0 -0.03815479 -0.008414683 -0.05174401 0.003658799 0.004669797 0.02265097 -0.002876215 0.1672544 0 -0.0227253 -0.02848189 -0.03112441 -0.02803953 0.02674057 0.01668319 -0.00175967 -0.001500229 -0.003130442 -0.04586184 -0.001500229 -0.001500229 0.1636993 -0.03397003 -0.002328462 -0.02614577 -0.002328462 -0.02304188 -0.00107332 -0.05286165 -0.002926483
0.9919943 1 0 0.5187463 1.01 0 -0.01484087 0 0 -0.02176524 0.5187463 -0.0106581 -0.02950512 -0.08592525 -0.01072952 -0.08601762 0 -0.01035399 0.3165974 -0.03215936 0.0484653 0 -0.03513207 0.001021518 -0.08596419 -0.005518077 -0.03210693 -0.01540818 0 -0.08596419 -0.03215936 -0.005013654 -0.01339641 -0.01062233 0.9959734 0 -0.02448572 -0.03107419 -0.03256281 -0.03225152 0.06195691 -0.03088284 0 0 -0.01912661 -0.01270519 1 -0.00261324 0.7816008 0 -0.08704206 0.1630954 0 -0.08920749 -0.0885187 0 0.138879 0.05235032 -0.009472393 0 0.06599238 0 1 -0.01419722 0.06381674 -0.01510354 -0.08711952 0 -0.01642282 -0.01943378 -0.004711958 -0.02411242 -0.03202555 -0.008584983 -0.01602634 -0.002647084 0 -0.01587758 -0.0157363 0 -0.02273507 -0.001482058 -0.01125031 0 -0.002929118 -0.01744668 -0.02291727 -0.02351999 -0.01338723 -0.02040079 0.02951252 -0.01253485 -0.02850609 0.03569401 -0.02257902 0.02350705 -0.0180621 -0.01305116 -0.0001782401 -0.0180621 0.001216811 -0.01338723 0 0 -0.02611665 0.00124355 -0.01972445 0.04384042 0 -0.01338723 -0.02424775 0 -0.006551749 0.03175907 0.03175907 -0.02284853 -0.02850609 0 -0.0286514 0.00124355 -0.00584475 -0.0228831 0 -0.0240056 0.02084974 -0.02463968 0.03466817 0.03487642 0.008398726 0.01926166 -0.002421364 0 -0.01053125 -0.01471111 -0.02279045 -0.01127634 -0.02999165 -0.01532191 0.02872985 0.03044403 0.01592289 0.04023641 0.03044403 0.03044403 0.006507607 -0.01927452 0.02918336 -0.01353834 0.02918336 -0.01360062 0.02911225 0.03242672 0.03006466
0 0 0 0 0 1.01 0 0 0 0 0 0 0 0 0 0 0 0 0 0 0 0 0 0 0 0 0 0 0 0 0 0 0 0 0 0 0 0 0 0 0 0 0 0 0 0 0 0 0 0 0 0 0 0 0 0 0 0 0 0 0 0 0 0 0 0 0 0 0 0 0 0 0 0 0 0 0 0 0 0 0 0 0 0 0 0 0 0 0 0 0 0 0 0 0 0 0 0 0 0 0 0 0 0 0 0 0 0 0 0 0 0 0 0 0 0 0 0 0 0 0 0 0 0 0 0 0 0 0 0 0 0 0 0 0 0 0 0 0 0 0 0 0 0 0 0 0 0 0 0 0 0 0
-0.01496064 -0.01484087 0 -0.0153202 -0.01484087 0 1.01 0 0 -0.02480821 -0.0153202 -0.01621872 -0.01934307 -0.09845992 -0.01629802 -0.09856914 0 -0.01896401 -0.02613759 -0.03624449 -0.1844641 0 -0.04145216 -0.003635766 -0.09850581 -0.01982644 -0.03242797 -0.02062 0 -0.09850581 -0.03624449 -0.02589645 -0.02370074 -0.01617901 -0.01490087 0 -0.007970444 -0.0352546 -0.0367188 -0.03260213 -0.01500925 -0.03607921 0 0 -0.02495766 -0.02592996 -0.01484087 -0.01277906 -0.01358109 0 -0.09677255 -0.03695493 0 -0.09781607 -0.09850426 0 -0.04158868 -0.1640246 0.0032476 0 -0.1261018 0 -0.01484087 -0.009413425 0.06770806 0.9829924 -0.1089411 0 -0.0249386 -0.02841075 -0.01143399 -0.02209456 -0.01233626 0.1759764 -0.01623614 -0.01785789 0 -0.02116675 -0.01158358 0 -0.001089949 -0.02844916 -0.005488788 0 -0.01397313 -0.01426412 -0.02366298 -0.02981757 -0.01423894 -0.03490012 -0.02523502 0.05065232 -0.03394219 0.05567553 -0.0187245 -0.02654354 -0.01356611 -0.01238796 -0.01692688 -0.01356611 0.09377208 -0.01423894 0 0 -0.02543705 0.09386651 -0.03417673 -0.002352285 0 -0.01423894 -0.02399727 0 -0.01336485 0.04810296 0.04810296 -0.01908452 -0.03394219 0 -0.03411177 0.09386651 0.001189303 -0.01920817 0 0.02135946 -0.02977274 0.02586531 0.03891275 0.04384093 -0.008103819 0.0247385 -0.01348695 0 -0.01562933 -0.01637818 -0.019036 -0.01743296 -0.03261222 -0.0123812 0.03479951 0.03369876 -0.02838373 0.06294624 0.03369876 0.03369876 -0.02281057 -0.02305376 0.03533333 -0.0188712 0.03533333 -0.003319455 0.03524915 0.04993437 0.03325386
0 0 0 0 0 0 0 1.01 0 0 0 0 0 0 0 0 0 0 0 0 0 0 0 0 0 0 0 0 0 0 0 0 0 0 0 0 0 0 0 0 0 0 0 0 0 0 0 0 0 0 0 0 0 0 0 0 0 0 0 0 0 0 0 0 0 0 0 0 0 0 0 0 0 0 0 0 0 0 0 0 0 0 0 0 0 0 0 0 0 0 0 0 0 0 0 0 0 0 0 0 0 0 0 0 0 0 0 0 0 0 0 0 0 0 0 0 0 0 0 0 0 0 0 0 0 0 0 0 0 0 0 0 0 0 0 0 0 0 0 0 0 0 0 0 0 0 0 0 0 0 0 0 0
0 0 0 0 0 0 0 0 1.01 0 0 0 0 0 0 0 0 0 0 0 0 0 0 0 0 0 0 0 0 0 0 0 0 0 0 0 0 0 0 0 0 0 0 0 0 0 0 0 0 0 0 0 0 0 0 0 0 0 0 0 0 0 0 0 0 0 0 0 0 0 0 0 0 0 0 0 0 0 0 0 0 0 0 0 0 0 0 0 0 0 0 0 0 0 0 0 0 0 0 0 0 0 0 0 0 0 0 0 0 0 0 0 0 0 0 0 0 0 0 0 0 0 0 0 0 0 0 0 0 0 0 0 0 0 0 0 0 0 0 0 0 0 0 0 0 0 0 0 0 0 0 0 0
-0.02205559 -0.02176524 0 -0.02963987 -0.02176524 0 -0.02480821 0 0 1.01 -0.02963987 -0.02864136 -0.07292257 0.1843042 -0.02879989 0.1839371 0 -0.04693719 -0.04652732 -0.0906335 0.09711943 0 -0.09840458 -0.02506406 0.1841757 -0.03360296 -0.07816304 -0.03482042 0 0.1841757 -0.0906335 -0.03624778 0.06299976 -0.02856197 -0.0219108 0 -0.03160909 -0.08547653 -0.09084173 -0.07849006 -0.02799521 -0.08852517 0 0 -0.03906804 -0.03176683 -0.02176524 -0.0388704 -0.02855281 0 0.1858112 -0.09359904 0 0.1853922 0.1841042 0 -0.1163228 0.1033294 -0.02208671 0 0.1414325 0 -0.02176524 -0.02105703 0.155155 -0.02556047 0.165226 0 -0.03358233 -0.04184772 0.03063593 -0.05198275 -0.06960361 -0.02907739 -0.03481861 -0.03580298 0 -0.04319517 -0.02292475 0 0.094349 0.05753478 -0.01765797 0 -0.03079835 -0.06635814 -0.05163761 -0.02508687 -0.03816866 -0.07763291 -0.0324913 -0.01389328 0.07352645 -0.08918062 -0.02724115 -0.03412195 0.155574 -0.01529038 0.151329 0.155574 -0.07726069 -0.03816866 0 0 -0.06816266 -0.07725413 -0.07715059 -0.07902706 0 -0.03816866 -0.02299255 0 0.08521525 -0.1005923 -0.1005923 -0.02799749 0.07352645 0 0.07298736 -0.07725413 -0.07226152 -0.0283392 0 -0.04034449 -0.04156839 -0.08824187 -0.108372 -0.1049727 -0.0261811 -0.03712566 -0.0298849 0 -0.03597887 -0.04014713 -0.02792631 -0.04200832 0.07040367 0.4203955 -0.1155157 -0.1150295 -0.07070868 -0.0923587 -0.1150295 -0.1150295 -0.03292196 0.03243821 -0.1148205 0.04036496 -0.1148205 -0.02117907 -0.1154438 -0.09442227 -0.1117707
0.5143012 0.5187463 0 1 0.5187463 0 -0.0153202 0 0 -0.02963987 1.01 -0.02150588 -0.06299998 -0.1650772 -0.02335772 -0.1652612 0 -0.03311858 0.6052453 -0.07965883 0.07174961 0 -0.08562666 -0.0121877 -0.1651545 -0.0165993 -0.07335066 -0.0360643 0 -0.1651545 -0.07965883 -0.0332957 -0.01984384 -0.02315018 0.5165109 0 -0.03346044 -0.07645385 -0.07884257 -0.073627 0.01233308 -0.0788545 0 0 -0.03131863 -0.01970521 0.5187463 -0.01851826 0.4093848 0 -0.1278317 0.2534067 0 -0.1302449 -0.1300995 0 0.2014783 0.08096477 0.001467096 0 0.1160932 0 0.5187463 -0.02499971 0.1306806 0.004525252 0.04803623 0 -0.02224286 -0.05453496 0.03568744 -0.04985503 -0.05858174 0.004015821 -0.02634166 0.02847749 0 -0.03531785 -0.01033704 0 -0.02849155 0.1358925 -0.01757201 0 0.1644898 -0.0537375 -0.04386483 -0.03897049 -0.02550565 0.03612481 0.03101845 -0.02150225 0.04165532 -0.0472494 -0.03059275 -0.001783465 -0.01467644 -0.01688982 0.02226861 -0.01467644 -0.04157622 -0.02550565 0 0 -0.053405 -0.04155352 0.03694993 -0.02183952 0 -0.02550565 -0.05179403 0 -0.002975897 -0.05512384 -0.05512384 -0.03120374 0.04165532 0 0.04122317 -0.04155352 0.003359998 -0.03142161 0 -0.03815479 -0.008414683 -0.05174401 0.003658799 0.004669797 0.02265097 -0.002876215 0.1672544 0 -0.0227253 -0.02848189 -0.03112441 -0.02803953 0.02674057 0.01668319 -0.00175967 -0.001500229 -0.003130442 -0.04586184 -0.001500229 -0.001500229 0.1636993 -0.03397003 -0.002328462 -0.02614577 -0.002328462 -0.02304188 -0.00107332 -0.05286165 -0.002926483
-0.01106512 -0.0106581 0 -0.02150588 -0.0106581 0 -0.01621872 0 0 -0.02864136 -0.02150588 1.01 -0.07963539 -0.1874625 0.9972004 -0.1850458 0 0.1155963 -0.05044028 -0.1084027 0.09783546 0 0.338525 -0.02757319 -0.1875598 -0.03100169 -0.09779577 -0.04620653 0 -0.1875598 -0.1084027 -0.02811141 -0.03183762 0.9992988 -0.01086232 0 -0.04233329 -0.1026154 -0.08779087 -0.0974108 -0.03437884 -0.0863877 0 0 -0.01868295 -0.01284312 -0.0106581 0.007739017 -0.01295654 0 -0.1865848 -0.0622339 0 -0.1861044 -0.1870026 0 0.2961889 0.1105162 0.06617389 0 0.1573594 0 -0.0106581 -0.02554394 -0.2231807 -0.01718751 -0.2084417 0 -0.01155289 0.5450251 -0.02936012 -0.04215116 0.03965006 -0.02336269 0.01614616 -0.0328057 0 -0.0337207 0.04326889 0 -0.03875238 -0.03112976 -0.01609862 0 -0.02011934 -0.05956569 0.1197015 -0.03404793 -0.03952684 -0.0604875 -0.03838145 -0.02318694 -0.08853215 -0.06335318 -0.02273994 -0.03883095 0.02337014 -0.02687623 -0.01149182 0.02337014 0.01216346 -0.03952684 0 0 -0.04950259 0.01223497 -0.05890553 -0.07816928 0 -0.03952684 -0.05038798 0 -0.02407929 -0.07673377 -0.07673377 -0.02168968 -0.08853215 0 -0.08885838 0.01223497 -0.1827239 -0.02401255 0 -0.05204344 -0.04278336 -0.1300517 -0.08147853 -0.07973642 -0.03085144 -0.1339521 -0.01901503 0 0.03784138 0.02535224 -0.02352128 0.02350126 -0.1114229 -0.0127035 -0.0678772 -0.0683052 -0.1087021 -0.05142853 -0.0683052 -0.0683052 -0.02961523 0.1662975 -0.06703221 0.02693096 -0.06703221 -0.01767682 -0.06599899 -0.06654116 -0.07861601
-0.03025613 -0.02950512 0 -0.06299998 -0.02950512 0 -0.01934307 0 0 -0.07292257 -0.06299998 -0.07963539 1.01 -0.3811615 -0.07837192 -0.3813292 0 -0.07994835 -0.1078879 0.756652 0.1876012 0 0.6808306 -0.02399847 -0.3813556 0.309608 0.868645 -0.08530163 0 -0.3813556 0.756652 -0.07099833 -0.07437836 -0.08026833 -0.02988185 0 -0.08770152 0.6840861 0.7531312 0.8706824 -0.05297276 0.7357295 0 0 -0.06474958 -0.04618195 -0.02950512 -0.06830025 0.07363392 0 -0.374096 0.6854624 0 -0.3766524 -0.3780168 0 0.5792649 0.1972173 -0.03686012 0 -0.4827506 0 -0.02950512 0.3088781 -0.4261628 -0.01991425 -0.3815196 0 -0.04245625 -0.05974437 0.01186828 0.1201315 0.03405875 -0.03373418 0.0597085 0.04571891 0 0.03069072 0.03867957 0 -0.06808962 -0.05997921 -0.01654942 0 -0.01238464 -0.09894956 0.1230641 -0.07656015 0.003945294 0.1151118 -0.04422115 -0.03571405 0.07595396 -0.02544191 0.05173055 0.009776981 0.01034514 0.07534926 0.06330189 0.01034514 0.06568958 0.003945294 0 0 0.1521887 0.06586096 0.1174842 -0.1056617 0 0.003945294 0.1115402 0 0.07532464 -0.02562615 -0.02562615 0.05269368 0.07595396 0 0.07531596 0.06586096 0.09594399 0.04547643 0 -0.07103363 0.004394701 0.05489106 -0.03203639 -0.02464315 0.02794425 0.02639687 -0.009885275 0 0.006999894 -0.001915182 0.04723986 -0.002865367 0.143607 -0.03617152 -0.01837328 -0.02053906 0.1125732 -0.03052941 -0.02053906 -0.02053906 -0.0344966 -0.01409987 -0.01801961 -0.00192343 -0.01801961 -0.01571555 -0.01824991 -0.005555628 -0.02240177
-0.08650736 -0.08592525 0 -0.1650772 -0.08592525 0 -0.09845992 0 0 0.1843042 -0.1650772 -0.1874625 -0.3811615 1.01 -0.1877633 0.9991983 0 -0.2445152 -0.2625659 -0.5014251 0.4951391 0 -0.5572331 -0.083337 0.9996991 -0.08628766 -0.4337679 -0.1982425 0 0.9996991 -0.5014251 0.1657159 -0.14058 -0.1870466 -0.08431162 0 0.1179508 -0.4827106 -0.5031776 -0.4347339 0.1217035 -0.4960296 0 0 -0.1760536 -0.1467631 -0.08592525 -0.2053479 -0.1054828 0 0.9656321 -0.5063314 0 0.9710863 0.9746831 0 -0.5933273 0.528022 -0.104016 0 0.7494788 0 -0.08592525 -0.116866 0.8468188 -0.09999987 0.8667406 0 -0.137564 -0.02098631 0.0771834 -0.2203691 -0.2436275 -0.05946263 0.02593759 -0.1520218 0 -0.09642621 -0.08871339 0 0.1662988 0.0646094 0.07653158 0 0.03770657 0.02490389 -0.06627966 0.06804971 0.02857107 0.0225908 0.01415773 0.06978475 0.06502186 -0.0634341 -0.1281634 0.004039102 -0.04716906 -0.08145671 -0.002475706 -0.04716906 -0.07779623 0.02857107 0 0 0.0117793 -0.07817719 0.0174588 -0.03015389 0 0.02857107 -0.02614282 0 0.0372307 -0.05677588 -0.05677588 -0.119538 0.06502186 0 0.06598706 -0.07817719 -0.0109824 -0.1118592 0 -0.09460343 0.02619786 -0.02481508 -0.03436801 -0.04371297 -0.01731149 -0.003363241 0.04077387 0 0.02985769 0.06343086 -0.1142371 0.05312606 0.05410286 0.06732859 0.01053746 0.005360186 -0.03503368 -0.02999495 0.005360186 0.005360186 0.01486698 -0.1253331 0.008648367 0.02896911 0.008648367 0.004358028 0.008017458 -0.01617596 -0.002337432
-0.01113674 -0.01072952 0 -0.02335772 -0.01072952 0 -0.01629802 0 0 -0.02879989 -0.02335772 0.9972004 -0.07837192 -0.1877633 1.01 -0.1853501 0 0.1152008 -0.05173875 -0.1075044 0.09691134 0 0.3387581 -0.02763226 -0.1878607 -0.03111994 -0.09670565 -0.04636277 0 -0.1878607 -0.1075044 -0.0282607 -0.03044143 0.9979005 -0.01093384 0 -0.04250773 -0.1016725 -0.08692066 -0.09632316 -0.03233807 -0.08550079 0 0 -0.01883957 -0.01297482 -0.01072952 0.007513853 -0.01304874 0 -0.186877 -0.06210229 0 -0.1864031 -0.1873042 0 0.2957235 0.1096685 0.06598884 0 0.155769 0 -0.01072952 -0.02564295 -0.2241569 -0.0172674 -0.2093768 0 -0.0116805 0.5440204 -0.02381591 -0.04233981 0.03921843 -0.02343663 0.0159878 -0.02832595 0 -0.03525506 0.04307926 0 -0.0388836 -0.03131548 -0.01615419 0 -0.02202669 -0.0599251 0.1223148 -0.03420946 -0.03966718 -0.05838991 -0.03854361 -0.02328025 -0.0903042 -0.06282931 -0.02476299 -0.03899794 0.02316864 -0.02696802 -0.002686892 0.02316864 0.01350642 -0.03966718 0 0 -0.04703103 0.01357894 -0.05679164 -0.07856721 0 -0.03966718 -0.04793742 0 -0.02421025 -0.07627884 -0.07627884 -0.02370498 -0.0903042 0 -0.0906285 0.01357894 -0.1822442 -0.02600491 0 -0.05224833 -0.0429599 -0.1299259 -0.08107147 -0.0793028 -0.03099115 -0.1337736 -0.02094012 0 0.0376591 0.02516534 -0.0255292 0.02331215 -0.1105522 -0.0127902 -0.0674904 -0.06792429 -0.1085184 -0.05080228 -0.06792429 -0.06792429 -0.02976398 0.1657951 -0.06664319 0.02674752 -0.06664319 -0.01774613 -0.06561175 -0.06602644 -0.0782253
-0.08660052 -0.08601762 0 -0.1652612 -0.08601762 0 -0.09856914 0 0 0.1839371 -0.1652612 -0.1850458 -0.3813292 0.9991983 -0.1853501 1.01 0 -0.2448052 -0.2628731 -0.5017876 0.4954794 0 -0.5565087 -0.0834423 0.9994988 -0.08648758 -0.4340253 -0.1984817 0 0.9994988 -0.5017876 0.1653713 -0.1408073 -0.1846282 -0.08440516 0 0.1175619 -0.4830431 -0.5035433 -0.4349923 0.1214502 -0.496383 0 0 -0.1762527 -0.1469259 -0.08601762 -0.2055911 -0.1056028 0 0.9654621 -0.5067562 0 0.9709049 0.9744944 0 -0.5928149 0.5284168 -0.1041342 0 0.7499674 0 -0.08601762 -0.1170144 0.8464209 -0.1001111 0.8664078 0 -0.137722 -0.02151373 0.07692151 -0.2201755 -0.2437981 -0.05959259 0.02571635 -0.1522482 0 -0.09671152 -0.08888611 0 0.1659621 0.06474959 0.07638705 0 0.03811749 0.02595943 -0.06670547 0.06771569 0.02827535 0.02259599 0.01383693 0.06957299 0.06451692 -0.06251228 -0.1283384 0.003714312 -0.04741272 -0.08161108 -0.002620067 -0.04741272 -0.07733772 0.02827535 0 0 0.01161416 -0.07771797 0.01747428 -0.02932028 0 0.02827535 -0.02664055 0 0.0369736 -0.0559906 -0.0559906 -0.1197192 0.06451692 0 0.06548055 -0.07771797 -0.01016966 -0.1120439 0 -0.09496923 0.02632391 -0.02390769 -0.03346786 -0.0427623 -0.01757181 -0.002935055 0.04119337 0 0.02963787 0.06316773 -0.11442 0.05286044 0.05349219 0.06714682 0.01141404 0.006228569 -0.03426742 -0.0289002 0.006228569 0.006228569 0.01517993 -0.1257421 0.00953141 0.02872815 0.00953141 0.008909239 0.008690469 -0.01529346 -0.001469691
0 0 0 0 0 0 0 0 0 0 0 0 0 0 0 0 1.01 0 0 0 0 0 0 0 0 0 0 0 0 0 0 0 0 0 0 0 0 0 0 0 0 0 0 0 0 0 0 0 0 0 0 0 0 0 0 0 0 0 0 0 0 0 0 0 0 0 0 0 0 0 0 0 0 0 0 0 0 0 0 0 0 0 0 0 0 0 0 0 0 0 0 0 0 0 0 0 0 0 0 0 0 0 0 0 0 0 0 0 0 0 0 0 0 0 0 0 0 0 0 0 0 0 0 0 0 0 0 0 0 0 0 0 0 0 0 0 0 0 0 0 0 0 0 0 0 0 0 0 0 0 0 0 0
-0.01088788 -0.01035399 0 -0.03311858 -0.01035399 0 -0.01896401 0 0 -0.04693719 -0.03311858 0.1155963 -0.07994835 -0.2445152 0.1152008 -0.2448052 0 1.01 -0.06099104 0.3538111 0.07079387 0 0.3860437 -0.03192111 -0.2446362 -0.03396719 -0.09347547 -0.05020954 0 -0.2446362 0.3538111 -0.03557118 -0.04351222 0.1157945 -0.01062189 0 -0.04126972 0.3718169 0.3378702 -0.09331564 -0.03308911 0.3445586 0 0 0.08399734 -0.03305165 -0.01035399 0.7976804 -0.02272282 0 -0.2418849 0.2432601 0 -0.2423753 -0.2432749 0 0.3294551 0.07849427 0.3458281 0 0.07945171 0 -0.01035399 -0.01704374 -0.2871328 -0.02020138 -0.2742382 0 -0.03281288 0.05684484 -0.02227609 0.13142 0.1280026 -0.03506959 -0.03315013 0.1230961 0 0.05038108 -0.03186711 0 -0.02755424 -0.04981985 -0.02804766 0 -0.05174643 0.03383967 0.1602303 0.04211934 0.04346637 0.02952029 -0.0483935 -0.03583616 -0.04149416 -0.03189371 -0.008220834 -0.05350614 -0.03900409 -0.02572151 -0.01420595 -0.03900409 -0.0411494 0.04346637 0 0 0.05817427 -0.04109826 0.02943624 0.005633491 0 0.04346637 0.05843426 0 -0.0306619 0.007341814 0.007341814 -0.009391143 -0.04149416 0 -0.04142244 -0.04109826 0.009817879 -0.01014974 0 0.1412107 -0.05544114 0.03412816 -0.002236643 0.005121431 0.09691956 -0.01676421 -0.05214352 0 -0.006550913 -0.01939511 -0.01095537 -0.01969449 0.0205155 -0.03302387 -0.02157595 0.000787541 0.02730162 -0.008365665 0.000787541 0.000787541 -0.0434627 0.04608526 -0.02086183 -0.009899044 -0.02086183 0.05233828 -0.02146459 0.0001913136 -0.0008427437
0.313473 0.3165974 0 0.6052453 0.3165974 0 -0.02613759 0 0 -0.04652732 0.6052453 -0.05044028 -0.1078879 -0.2625659 -0.05173875 -0.2628731 0 -0.06099104 1.01 -0.1373869 0.1191969 0 -0.1527533 -0.01625774 -0.2626942 -0.0400097 -0.1228055 0.7736935 0 -0.2626942 -0.1373869 -0.04352415 -0.03798702 -0.05142041 0.3150266 0 -0.05676252 -0.1319337 -0.1381631 -0.1232593 -0.004505867 -0.1349779 0 0 -0.03982614 -0.03248066 0.3165974 -0.0446437 0.2374169 0 -0.2150711 0.06702568 0 -0.2167436 -0.2174096 0 0.3429945 0.1027076 -0.02054715 0 0.1678665 0 0.3165974 -0.03609923 0.1962398 -0.01429961 0.1503069 0 -0.03791373 -0.005595411 0.0002660025 -0.06920748 0.1578425 -0.01291452 -0.03963396 -0.003357623 0 0.04921023 -0.03029599 0 -0.04210972 0.1109928 -0.02193132 0 0.08875217 0.05337457 -0.0727777 0.04995831 -0.04036933 -0.002383388 -0.008100568 -0.03544277 -0.04604594 -0.0190979 -0.04836322 -0.03161495 -0.03690633 -0.03179945 0.0105068 -0.03690633 -0.08108264 -0.04036933 0 0 -0.08703441 -0.08105378 -0.001037932 0.05102274 0 -0.04036933 -0.08452765 0 -0.02602433 -0.03409321 -0.03409321 -0.04791638 -0.04604594 0 -0.04658778 -0.08105378 -0.0694421 -0.04976332 0 -0.05247297 -0.03833618 -0.1285191 0.02123705 0.02646837 -0.006230406 -0.02116172 0.08864566 0 -0.03941019 -0.04523611 -0.04925651 -0.04399224 -0.06057482 -0.009462726 0.01173709 0.01094644 -0.08371143 -0.007414716 0.01094644 0.01094644 0.1475831 -0.01000598 0.01134183 -0.04279971 0.01134183 -0.03461748 0.01288546 -0.02765836 0.009707531
-0.03319282 -0.03215936 0 -0.07965883 -0.03215936 0 -0.03624449 0 0 -0.0906335 -0.07965883 -0.1084027 0.756652 -0.5014251 -0.1075044 -0.5017876 0 0.3538111 -0.1373869 1.01 0.2527311 0 0.8985711 0.1696977 -0.501679 0.2341718 0.8668572 -0.1090761 0 -0.501679 1 -0.0841229 -0.08469749 -0.1088528 -0.03267785 0 -0.1037009 0.9551766 0.9875031 0.8683403 -0.069448 0.9784472 0 0 -0.08964697 -0.06920348 -0.03215936 0.3779364 0.04639159 0 -0.4926758 0.8441887 0 -0.4953997 -0.4974112 0 0.6295327 0.1134514 0.1532786 0 -0.4597097 0 -0.03215936 0.2405489 -0.573344 -0.03888553 -0.5247395 0 -0.06443773 -0.0946323 -0.0113505 0.1349191 0.01583954 0.08638103 0.02871857 0.1226316 0 -0.006571402 0.009502717 0 -0.07834406 -0.08677961 -0.03485078 0 -0.03579255 -0.06493424 0.1340631 -0.09873053 0.02398018 0.1101052 -0.01966699 -0.04814874 0.04608726 -0.02052364 0.03055237 0.009455682 -0.02079886 0.09332027 0.04334706 -0.02079886 0.01941452 0.02398018 0 0 0.1632538 0.01959337 0.1129191 -0.05129542 0 0.02398018 0.1726844 0 0.04230513 -0.0004011427 -0.0004011427 0.03048356 0.04608726 0 0.04546684 0.01959337 0.1032417 0.02399216 0 0.01043665 0.001555339 0.03499534 -0.01496256 -0.0127122 0.07377356 0.03307082 -0.04024421 0 -0.002539514 -0.01918798 0.02512368 -0.005704506 0.1433867 -0.05699976 -0.01377804 -0.003006707 0.1003697 -0.007268561 -0.003006707 -0.003006707 -0.06267304 -0.06035584 -0.01306084 -0.01304565 -0.01306084 0.007097739 -0.01336996 0.01516207 -0.005186051
0.04456895 0.0484653 0 0.07174961 0.0484653 0 -0.1844641 0 0 0.09711943 0.07174961 0.09783546 0.1876012 0.4951391 0.09691134 0.4954794 0 0.07079387 0.1191969 0.2527311 1.01 0 0.2823408 0.04511155 0.4951339 0.09090709 0.2160377 0.09253526 0 0.4951339 0.2527311 0.08248459 -0.3014959 0.09763125 0.04890391 0 -0.01363532 0.2366627 0.2471176 0.2162399 0.06308495 0.249493 0 0 -0.3460043 -0.2810629 0.0484653 0.1033549 0.05424946 0 0.4911814 0.234888 0 0.4944631 0.4960982 0 0.2466471 0.8946654 0.04433541 0 0.6514369 0 0.0484653 0.06396492 0.4944091 -0.1822865 0.5478073 0 -0.2673632 0.132526 0.07165243 -0.2020212 -0.1743632 -0.005741941 0.04522728 -0.08376865 0 -0.1143885 -0.09984618 0 0.08334668 0.0467218 0.03956372 0 0.05413736 -0.03044661 0.06558512 -0.0006181335 0.01677907 0.110773 -0.02547448 0.005864902 0.05668719 -0.1422358 -0.1713689 -0.02315772 -0.09202917 -0.03957862 0.04205192 -0.09202917 -0.1215764 0.01677907 0 0 0.1042362 -0.121821 0.1087705 -0.09604576 0 0.01677907 0.06729663 0 0.06249316 -0.128931 -0.128931 -0.1598177 0.05668719 0 0.05678284 -0.121821 -0.0381031 -0.1590102 0 -0.16524 -0.009360988 -0.1359633 -0.08364304 -0.08905266 0.03493417 -0.04721645 0.05389816 0 0.02875132 0.04446942 -0.1603087 0.04514192 0.1227546 0.0146882 -0.02534964 -0.02156879 -0.04481729 -0.07383732 -0.02156879 -0.02156879 0.03206105 -0.1461145 -0.02683302 0.009656863 -0.02683302 -0.01104446 -0.02676569 -0.05323031 -0.03913026
0 0 0 0 0 0 0 0 0 0 0 0 0 0 0 0 0 0 0 0 0 1.01 0 0 0 0 0 0 0 0 0 0 0 0 0 0 0 0 0 0 0 0 0 0 0 0 0 0 0 0 0 0 0 0 0 0 0 0 0 0 0 0 0 0 0 0 0 0 0 0 0 0 0 0 0 0 0 0 0 0 0 0 0 0 0 0 0 0 0 0 0 0 0 0 0 0 0 0 0 0 0 0 0 0 0 0 0 0 0 0 0 0 0 0 0 0 0 0 0 0 0 0 0 0 0 0 0 0 0 0 0 0 0 0 0 0 0 0 0 0 0 0 0 0 0 0 0 0 0 0 0 0 0
-0.03629 -0.03513207 0 -0.08562666 -0.03513207 0 -0.04145216 0 0 -0.09840458 -0.08562666 0.338525 0.6808306 -0.5572331 0.3387581 -0.5565087 0 0.3860437 -0.1527533 0.8985711 0.2823408 0 1.01 0.1484808 -0.5575164 0.2080131 0.7771749 -0.1236175 0 -0.5575164 0.8985711 -0.09200959 -0.09419829 0.3384084 -0.03571302 0 -0.1168154 0.8586851 0.8958466 0.7787494 -0.0808971 0.8878898 0 0 -0.09307498 -0.07115019 -0.03513207 0.36123 0.03821611 0 -0.548565 0.7712076 0 -0.5509301 -0.5532301 0 0.726402 0.1560881 0.1743507 0 -0.3655977 0 -0.03513207 0.2164549 -0.6412864 -0.04437978 -0.5887767 0 -0.06607013 0.151243 -0.02367985 0.108608 0.03222873 0.07147323 0.03434845 0.1016374 0 -0.02166977 0.02813855 0 -0.09124067 -0.0958489 -0.04008506 0 -0.0435164 -0.08768422 0.1798475 -0.1084555 0.005282073 0.07759703 -0.03552494 -0.05579404 0.004015519 -0.04725789 0.01806992 -0.00815408 -0.009327366 0.07649498 0.03597849 -0.009327366 0.02383146 0.005282073 0 0 0.1327479 0.02403237 0.08095889 -0.08297744 0 0.005282073 0.1412843 0 0.02944618 -0.03410715 -0.03410715 0.01847387 0.004015519 0 0.003285134 0.02403237 0.01684092 0.01131198 0 -0.01304977 -0.01737542 -0.0244494 -0.04997925 -0.0470839 0.05624731 -0.02763433 -0.04725118 0 0.01434147 -0.006930695 0.01259307 0.005016461 0.08635299 -0.05954617 -0.04284866 -0.03284026 0.04685461 -0.02945715 -0.03284026 -0.03284026 -0.07236862 0.01638905 -0.04179675 -0.0004200569 -0.04179675 -0.001069238 -0.04163303 -0.01488271 -0.03945715
0.000793882 0.001021518 0 -0.0121877 0.001021518 0 -0.003635766 0 0 -0.02506406 -0.0121877 -0.02757319 -0.02399847 -0.083337 -0.02763226 -0.0834423 0 -0.03192111 -0.01625774 0.1696977 0.04511155 0 0.1484808 1.01 -0.08338067 -0.0009940718 0.202956 -0.01070992 0 -0.08338067 0.1696977 -0.01631571 -0.02750225 -0.02754362 0.0009072466 0 -0.02269248 0.1747212 0.1690743 0.2025861 -0.01268702 0.170962 0 0 -0.007996788 -0.006914786 0.001021518 -0.02941692 -0.000144567 0 -0.08175282 0.03942784 0 -0.08155718 -0.08219737 0 0.1295206 0.04880446 -0.01149483 0 -0.1188076 0 0.001021518 -0.0116049 -0.09765806 -0.004129493 -0.09597446 0 -0.005468 -0.0291314 -0.01251425 -0.02301509 -0.04136516 -0.01056994 -0.01389269 -0.01428661 0 -0.01723596 0.0003132249 0 -0.0146483 -0.01901671 -0.003960907 0 -0.01867398 -0.02740178 -0.02219216 -0.01744282 -0.00365021 -0.02913424 -0.01251663 -0.004308617 -0.03757076 0.09647089 -0.007907056 -0.01408591 -0.0100881 -0.02036973 -0.002705492 -0.0100881 -0.01231483 -0.00365021 0 0 -0.0267538 -0.01229492 -0.03022913 0.132121 0 -0.00365021 0.1894814 0 -0.01023805 0.09184047 0.09184047 -0.008297017 -0.03757076 0 -0.03772007 -0.01229492 0.03880107 -0.00851478 0 -0.01673622 -0.01778137 0.0191728 0.08495798 0.08993896 -0.01478179 0.05998995 -0.01827914 0 -0.008662016 -0.009524256 -0.008275923 -0.01064806 -0.04631852 -0.01070525 0.08680253 0.08569578 0.02775101 0.1087526 0.08569578 0.08569578 -0.0128475 -0.01470829 0.08618326 -0.007969009 0.08618326 -0.008032889 0.08728505 0.09682382 0.08528424
-0.08654663 -0.08596419 0 -0.1651545 -0.08596419 0 -0.09850581 0 0 0.1841757 -0.1651545 -0.1875598 -0.3813556 0.9996991 -0.1878607 0.9994988 0 -0.2446362 -0.2626942 -0.501679 0.4951339 0 -0.5575164 -0.08338067 1.01 -0.08636697 -0.4339884 -0.1983421 0 1 -0.501679 0.1655949 -0.1406723 -0.1871439 -0.08435093 0 0.1178108 -0.4829544 -0.5034327 -0.4349548 0.1216145 -0.4962803 0 0 -0.1761371 -0.1468315 -0.08596419 -0.2054494 -0.1055331 0 0.9659431 -0.5066059 0 0.9713933 0.9749875 0 -0.5936592 0.5280451 -0.1040655 0 0.7496474 0 -0.08596419 -0.1169275 0.8470424 -0.1000466 0.8669868 0 -0.1376302 -0.0211852 0.07708902 -0.2200165 -0.2435086 -0.05951436 0.0258559 -0.1521143 0 -0.09653805 -0.08878262 0 0.1661808 0.06498041 0.07648119 0 0.03761115 0.02465671 -0.0664427 0.06792781 0.02846157 0.02267023 0.0140381 0.0697088 0.0647371 -0.06360709 -0.1282354 0.00391747 -0.04726282 -0.08151869 -0.002529981 -0.04726282 -0.07766887 0.02846157 0 0 0.01158787 -0.07804961 0.01754231 -0.03042989 0 0.02846157 -0.02633083 0 0.03713612 -0.05698741 -0.05698741 -0.1196119 0.0647371 0 0.06570191 -0.07804961 -0.01072961 -0.1119341 0 -0.09474538 0.02606583 -0.02447595 -0.03439702 -0.04372639 -0.01741001 -0.003551796 0.04067923 0 0.02977673 0.06333533 -0.1143114 0.05302908 0.05378508 0.06726377 0.01050112 0.005321052 -0.03488768 -0.03012507 0.005321052 0.005321052 0.01535889 -0.1254928 0.008613663 0.02888017 0.008613663 0.008997576 0.007773449 -0.01636039 -0.002377213
-0.005845762 -0.005518077 0 -0.0165993 -0.005518077 0 -0.01982644 0 0 -0.03360296 -0.0165993 -0.03100169 0.309608 -0.08628766 -0.03111994 -0.08648758 0 -0.03396719 -0.0400097 0.2341718 0.09090709 0 0.2080131 -0.0009940718 -0.08636697 1.01 0.2748933 -0.03701706 0 -0.08636697 0.2341718 -0.02598715 -0.03374476 -0.03094249 -0.005682515 0 -0.0349709 0.1204953 0.2323013 0.2743292 -0.02600513 0.2340629 0 0 -0.03036802 -0.02785437 -0.005518077 -0.03069917 -0.005289443 0 -0.08635431 0.192236 0 -0.0866068 -0.08767969 0 0.1745742 0.09437714 -0.01160142 0 -0.1317541 0 -0.005518077 -0.01267888 -0.1122477 -0.02043505 -0.1021887 0 -0.02590232 -0.05286739 -0.02221236 -0.0288671 0.1269267 -0.02084986 0.432761 -0.03650621 0 -0.03426722 0.01968634 0 -0.04053262 -0.04069082 -0.01074889 0 -0.01187655 0.005719874 0.02899303 -0.0333486 0.121329 0.1161311 -0.02425769 -0.02110597 -0.02455021 -0.01607481 -0.01397075 -0.02500685 0.009424116 -0.0128683 -0.01878846 0.009424116 -0.03252956 0.121329 0 0 0.1533413 -0.03250399 0.118353 0.0188265 0 0.121329 0.1572194 0 0.01097239 0.02671606 0.02671606 -0.01212267 -0.02455021 0 -0.02485998 -0.03250399 0.08736325 -0.01498622 0 -0.04000852 -0.02779591 0.06966966 0.01886465 0.02260799 0.06857894 0.004446098 -0.01100677 0 0.2923923 0.2511974 -0.0145882 0.2427709 0.006077866 0.0007493936 0.09654613 0.09475209 0.07554456 -0.001277857 0.09475209 0.09475209 -0.03436031 -0.02085016 0.09746532 0.264962 0.09746532 -0.008685371 0.09730236 0.03515634 0.09478428
-0.03297135 -0.03210693 0 -0.07335066 -0.03210693 0 -0.03242797 0 0 -0.07816304 -0.07335066 -0.09779577 0.868645 -0.4337679 -0.09670565 -0.4340253 0 -0.09347547 -0.1228055 0.8668572 0.2160377 0 0.7771749 0.202956 -0.4339884 0.2748933 1.01 -0.0957912 0 -0.4339884 0.8668572 -0.07723227 -0.07253655 -0.09834187 -0.03254057 0 -0.0956967 0.8068642 0.8630157 0.9985197 -0.06057214 0.8495259 0 0 -0.07270274 -0.05627439 -0.03210693 -0.07940482 0.06033481 0 -0.4254673 0.7625142 0 -0.4282289 -0.4301151 0 0.5098545 0.06060796 -0.04415685 0 -0.5590639 0 -0.03210693 0.2727781 -0.4932971 -0.0347048 -0.4459671 0 -0.05164578 -0.08793693 -0.002577346 0.1144868 0.01992469 0.1109131 0.0472405 0.05402302 0 0.01017672 0.02756559 0 -0.0752314 -0.07154119 -0.02352564 0 -0.01504961 -0.1035553 0.1038645 -0.0854378 -0.007482406 0.09159858 0.0005548236 -0.03432477 0.06369101 -0.02165551 0.04103217 0.03533662 -0.002806999 0.1128066 0.05411677 -0.002806999 0.03853447 -0.007482406 0 0 0.1345499 0.03870455 0.09497755 -0.07406556 0 -0.007482406 0.1451346 0 0.06013339 -0.02601776 -0.02601776 0.04150963 0.06369101 0 0.0629119 0.03870455 0.07090652 0.03469049 0 -0.08169337 0.02739579 0.03015189 -0.03714452 -0.03929331 0.01550662 0.01546904 -0.0195872 0 0.009699209 -0.002942998 0.03655261 0.01148199 0.1255899 -0.04695021 -0.02177106 -0.02386808 0.08663525 -0.02027784 -0.02386808 -0.02386808 -0.04797264 -0.03413549 -0.02130548 -0.002030166 -0.02130548 -0.02285213 -0.02128217 -0.003753861 -0.02541733
-0.01579275 -0.01540818 0 -0.0360643 -0.01540818 0 -0.02062 0 0 -0.03482042 -0.0360643 -0.04620653 -0.08530163 -0.1982425 -0.04636277 -0.1984817 0 -0.05020954 0.7736935 -0.1090761 0.09253526 0 -0.1236175 -0.01070992 -0.1983421 -0.03701706 -0.0957912 1.01 0 -0.1983421 -0.1090761 -0.02814059 -0.03189547 -0.04612831 -0.01560109 0 -0.04462896 -0.104781 -0.1107002 -0.09614098 -0.01547246 -0.106692 0 0 -0.02507163 -0.02509311 -0.01540818 -0.04130731 -0.0277718 0 -0.1682608 -0.1175399 0 -0.1684398 -0.1693916 0 0.2702415 0.06450025 -0.02696259 0 0.1183425 0 -0.01540818 -0.02542203 0.1423525 -0.02155337 0.1504641 0 -0.02989411 0.03637938 -0.02806936 -0.04720409 0.2447806 -0.01940908 -0.02879149 -0.02688014 0 0.0898878 -0.02980651 0 -0.03018849 0.03118513 -0.01354724 0 -0.01949623 0.1097758 -0.0564537 0.09373404 -0.03038006 -0.03174351 -0.03485677 -0.0273815 -0.09095927 0.01362982 -0.03636682 -0.03827005 -0.03465146 -0.02647866 -0.004533124 -0.03465146 -0.06870122 -0.03038006 0 0 -0.06675867 -0.06868306 -0.03071113 0.08143595 0 -0.03038006 -0.06489384 0 -0.03030252 0.001071852 0.001071852 -0.03531958 -0.09095927 0 -0.09129555 -0.06868306 -0.08985199 -0.03746484 0 -0.03550766 -0.04143018 -0.1201606 0.02374904 0.02951181 -0.02584936 -0.02427733 -0.02183024 0 -0.03138879 -0.03412106 -0.03706513 -0.03291156 -0.09732835 -0.02515753 0.01613528 0.0149362 -0.1026001 0.02719256 0.0149362 0.0149362 0.05498941 0.0144749 0.01609177 -0.03292168 0.01609177 -0.02512005 0.01703069 0.007349717 0.01451602
0 0 0 0 0 0 0 0 0 0 0 0 0 0 0 0 0 0 0 0 0 0 0 0 0 0 0 0 1.01 0 0 0 0 0 0 0 0 0 0 0 0 0 0 0 0 0 0 0 0 0 0 0 0 0 0 0 0 0 0 0 0 0 0 0 0 0 0 0 0 0 0 0 0 0 0 0 0 0 0 0 0 0 0 0 0 0 0 0 0 0 0 0 0 0 0 0 0 0 0 0 0 0 0 0 0 0 0 0 0 0 0 0 0 0 0 0 0 0 0 0 0 0 0 0 0 0 0 0 0 0 0 0 0 0 0 0 0 0 0 0 0 0 0 0 0 0 0 0 0 0 0 0 0
-0.08654663 -0.08596419 0 -0.1651545 -0.08596419 0 -0.09850581 0 0 0.1841757 -0.1651545 -0.1875598 -0.3813556 0.9996991 -0.1878607 0.9994988 0 -0.2446362 -0.2626942 -0.501679 0.4951339 0 -0.5575164 -0.08338067 1 -0.08636697 -0.4339884 -0.1983421 0 1.01 -0.501679 0.1655949 -0.1406723 -0.1871439 -0.08435093 0 0.1178108 -0.4829544 -0.5034327 -0.4349548 0.1216145 -0.4962803 0 0 -0.1761371 -0.1468315 -0.08596419 -0.2054494 -0.1055331 0 0.9659431 -0.5066059 0 0.9713933 0.9749875 0 -0.5936592 0.5280451 -0.1040655 0 0.7496474 0 -0.08596419 -0.1169275 0.8470424 -0.1000466 0.8669868 0 -0.1376302 -0.0211852 0.07708902 -0.2200165 -0.2435086 -0.05951436 0.0258559 -0.1521143 0 -0.09653805 -0.08878262 0 0.1661808 0.06498041 0.07648119 0 0.03761115 0.02465671 -0.0664427 0.06792781 0.02846157 0.02267023 0.0140381 0.0697088 0.0647371 -0.06360709 -0.1282354 0.00391747 -0.04726282 -0.08151869 -0.002529981 -0.04726282 -0.07766887 0.02846157 0 0 0.01158787 -0.07804961 0.01754231 -0.03042989 0 0.02846157 -0.02633083 0 0.03713612 -0.05698741 -0.05698741 -0.1196119 0.0647371 0 0.06570191 -0.07804961 -0.01072961 -0.1119341 0 -0.09474538 0.02606583 -0.02447595 -0.03439702 -0.04372639 -0.01741001 -0.003551796 0.04067923 0 0.02977673 0.06333533 -0.1143114 0.05302908 0.05378508 0.06726377 0.01050112 0.005321052 -0.03488768 -0.03012507 0.005321052 0.005321052 0.01535889 -0.1254928 0.008613663 0.02888017 0.008613663 0.008997576 0.007773449 -0.01636039 -0.002377213
-0.03319282 -0.03215936 0 -0.07965883 -0.03215936 0 -0.03624449 0 0 -0.0906335 -0.07965883 -0.1084027 0.756652 -0.5014251 -0.1075044 -0.5017876 0 0.3538111 -0.1373869 1 0.2527311 0 0.8985711 0.1696977 -0.501679 0.2341718 0.8668572 -0.1090761 0 -0.501679 1.01 -0.0841229 -0.08469749 -0.1088528 -0.03267785 0 -0.1037009 0.9551766 0.9875031 0.8683403 -0.069448 0.9784472 0 0 -0.08964697 -0.06920348 -0.03215936 0.3779364 0.04639159 0 -0.4926758 0.8441887 0 -0.4953997 -0.4974112 0 0.6295327 0.1134514 0.1532786 0 -0.4597097 0 -0.03215936 0.2405489 -0.573344 -0.03888553 -0.5247395 0 -0.06443773 -0.0946323 -0.0113505 0.1349191 0.01583954 0.08638103 0.02871857 0.1226316 0 -0.006571402 0.009502717 0 -0.07834406 -0.08677961 -0.03485078 0 -0.03579255 -0.06493424 0.1340631 -0.09873053 0.02398018 0.1101052 -0.01966699 -0.04814874 0.04608726 -0.02052364 0.03055237 0.009455682 -0.02079886 0.09332027 0.04334706 -0.02079886 0.01941452 0.02398018 0 0 0.1632538 0.01959337 0.1129191 -0.05129542 0 0.02398018 0.1726844 0 0.04230513 -0.0004011427 -0.0004011427 0.03048356 0.04608726 0 0.04546684 0.01959337 0.1032417 0.02399216 0 0.01043665 0.001555339 0.03499534 -0.01496256 -0.0127122 0.07377356 0.03307082 -0.04024421 0 -0.002539514 -0.01918798 0.02512368 -0.005704506 0.1433867 -0.05699976 -0.01377804 -0.003006707 0.1003697 -0.007268561 -0.003006707 -0.003006707 -0.06267304 -0.06035584 -0.01306084 -0.01304565 -0.01306084 0.007097739 -0.01336996 0.01516207 -0.005186051
-0.005411166 -0.005013654 0 -0.0332957 -0.005013654 0 -0.02589645 0 0 -0.03624778 -0.0332957 -0.02811141 -0.07099833 0.1657159 -0.0282607 0.1653713 0 -0.03557118 -0.04352415 -0.0841229 0.08248459 0 -0.09200959 -0.01631571 0.1655949 -0.02598715 -0.07723227 -0.02814059 0 0.1655949 -0.0841229 1.01 -0.03045872 -0.02803665 -0.005213146 0 -0.03601217 -0.08105861 -0.08498684 -0.07673857 -0.02493195 -0.08144097 0 0 -0.0260522 -0.0175737 -0.005013654 -0.0260445 -0.01747129 0 0.09072325 0.002176805 0 0.08990699 0.08926287 0 -0.02327696 0.0871367 -0.01367753 0 0.1247143 0 -0.005013654 -0.01788405 0.1344654 -0.02657143 0.1128409 0 -0.008083971 -0.04822466 0.2402891 -0.03293225 -0.0521982 -0.01147587 0.05870064 -0.03819386 0 0.1344285 -0.02420463 0 -0.02684117 -0.03874648 0.0596856 0 -0.02702476 0.01168797 -0.0557665 0.05032095 0.1530407 0.06529237 -0.04609993 -0.002846646 -0.01694313 -0.03605291 -0.02578604 -0.04703292 -0.02880247 -0.01982278 -0.02807192 -0.02880247 -0.04699074 0.1530407 0 0 -0.03396236 -0.04696655 0.06474553 0.005934639 0 0.1530407 -0.05506748 0 -0.03198893 0.02030937 0.02030937 -0.02440004 -0.01694313 0 -0.01732574 -0.04696655 0.05063765 -0.02266636 0 -0.01000662 -0.04324352 0.05719583 0.0889807 0.09515794 0.1094256 0.08580146 -0.02613538 0 -0.0004549596 0.02864818 -0.02223943 0.02525187 -0.0391257 -0.01804626 0.09993293 0.09968083 0.01861276 -0.02234082 0.09968083 0.09968083 0.1842333 -0.03927624 0.1003738 -0.006795307 0.1003738 -0.005414501 0.09957733 0.02822101 0.09885853
