1.01 -0.1998483 -0.2227022 -0.2227022 -0.2916255 0.4711987 -0.02311431 -0.06668491 -0.06668491 0.4711987 0 -0.02311106 0.4711987 0.4711987 -0.06668491 -0.02385084 0 -0.2217927 0 -0.2201482 0.2328775 -0.2218879 0.4656346 -0.2214682 0 0 0.4656346 -0.2214682 0.2213773 -0.08522138 0 0 0 0 0.2135367 0 0.2135367 0 0.2286506 0 -0.0385669 0 -0.04647604 0 -0.2056343 0.2577979 0 0 0 0 -0.04198133 0 -0.03533331 0 0 0 0 0.160408 0.1909689 0 0 0 -0.1356547 0.3039605 -0.1693447 0.2979865 0.2979865 0 0.3009152 0 0 0 0.2839 0.4126871 -0.03909478 0.2979537 -0.1107297 -0.1297221 0 0 0.1853001 0.1716994 0.3020469 -0.1358372 0 -0.1364001 -0.1590398 0 0 -0.08169286 0.1740916 0 0.01637234 0.1757612 0 0 0.294885 0.294885 0.1758314 0 -0.1590398 -0.08169286 0 0 0 -0.1816327 0 -0.1359461 0 0.294885 0 -0.1799411 -0.1358446 -0.136404 0 0 -0.0393159 -0.136404 0 0 0 0 -0.1348773 -0.1554118 0.2951659 0 0.2974537 0 0 0.1697538 0.2937261 0 0.0130318 0 0 0 0.2599382 0.2990261 0.1787274 -0.03585899 -0.04039665 0.1722376 0.2210903 -0.1518291 0 0.1619498 0 0.2746512 0 -0.2149978 0 -0.03713009 -0.1768827 0 -0.06644123 -0.04492948
-0.1998483 1.01 0.8749709 0.8749709 -0.3858312 -0.09657281 0.801254 -0.1261069 -0.1261069 -0.09657281 0 0.8022121 -0.09657281 -0.09657281 -0.1261069 0.8012019 0 0.8756183 0 0.8545314 0.3107224 0.8755061 -0.09840456 0.8749398 0 0 -0.09840456 0.8749398 -0.4796359 -0.0864103 0 0 0 0 0.2948698 0 0.2948698 0 0.3065161 0 -0.05804507 0 0.1891743 0 -0.2873318 -0.2833391 0 0 0 0 -0.1250679 0 -0.1108762 0 0 0 0 0.1497173 0.1234052 0 0 0 0.6524595 -0.3831575 -0.2513137 -0.3627899 -0.3627899 0 -0.07222542 0 0 0 -0.07645209 -0.4040672 -0.119382 -0.3857192 0.4553126 0.6436023 0 0 0.1162502 0.1310561 -0.07259615 0.6157389 0 0.6005773 -0.2795124 0 0 0.1979623 0.09814162 0 0.07439967 0.09864502 0 0 -0.3871142 -0.3871142 0.09538383 0 -0.2795124 0.1979623 0 0 0 0.03153183 0 0.6134955 0 -0.3871142 0 0.03172622 0.6130374 0.6123352 0 0 -0.06000009 0.6123352 0 0 0 0 0.5894986 -0.04293574 -0.3870238 0 0.07122003 0 0 0.1224065 0.06637899 0 0.07603325 0 0 0 -0.09106197 -0.06964282 0.05438613 0.195754 0.1514432 -0.09766578 -0.04997973 -0.04512979 0 0.09322761 0 -0.05407715 0 -0.2590717 0 -0.03295946 0.1673312 0 0.165949 0.1913073
-0.2227022 0.8749709 1.01 1 -0.4481184 -0.1099275 0.9132449 0.3512595 0.3512595 -0.1099275 0 0.9142932 -0.1099275 -0.1099275 0.3512595 0.9130459 0 0.9978449 0 0.9772605 0.3512995 0.9977177 -0.1118977 0.9970845 0 0 -0.1118977 0.9970845 -0.5492517 -0.1076391 0 0 0 0 0.3374801 0 0.3374801 0 0.3479132 0 -0.06396949 0 0.1684276 0 -0.3356161 -0.3564838 0 0 0 0 0.2986111 0 0.2598459 0 0 0 0 0.1587848 0.1779581 0 0 0 0.5915715 -0.308416 -0.1448649 -0.2906936 -0.2906936 0 -0.08987284 0 0 0 -0.09455416 -0.3398373 -0.1446832 -0.3122762 0.4141018 0.5834907 0 0 0.1307848 0.139633 -0.09017778 0.5549262 0 0.5385676 -0.1727655 0 0 0.1592241 0.1214864 0 0.06631215 0.1222463 0 0 -0.313363 -0.313363 0.11913 0 -0.1727655 0.1592241 0 0 0 0.0205981 0 0.5525171 0 -0.313363 0 0.02061114 0.5521143 0.5512964 0 0 -0.07230721 0.5512964 0 0 0 0 0.5298342 -0.03983511 -0.3131182 0 0.08863835 0 0 0.1315072 0.08329491 0 0.06831441 0 0 0 -0.110823 -0.08717047 0.08167214 0.1456736 0.1437857 -0.06662069 -0.05521444 -0.01325987 0 0.1281728 0 -0.07299507 0 -0.1781364 0 -0.03857518 0.2022761 0 0.1334821 0.1709004
-0.2227022 0.8749709 1 1.01 -0.4481184 -0.1099275 0.9132449 0.3512595 0.3512595 -0.1099275 0 0.9142932 -0.1099275 -0.1099275 0.3512595 0.9130459 0 0.9978449 0 0.9772605 0.3512995 0.9977177 -0.1118977 0.9970845 0 0 -0.1118977 0.9970845 -0.5492517 -0.1076391 0 0 0 0 0.3374801 0 0.3374801 0 0.3479132 0 -0.06396949 0 0.1684276 0 -0.3356161 -0.3564838 0 0 0 0 0.2986111 0 0.2598459 0 0 0 0 0.1587848 0.1779581 0 0 0 0.5915715 -0.308416 -0.1448649 -0.2906936 -0.2906936 0 -0.08987284 0 0 0 -0.09455416 -0.3398373 -0.1446832 -0.3122762 0.4141018 0.5834907 0 0 0.1307848 0.139633 -0.09017778 0.5549262 0 0.5385676 -0.1727655 0 0 0.1592241 0.1214864 0 0.06631215 0.1222463 0 0 -0.313363 -0.313363 0.11913 0 -0.1727655 0.1592241 0 0 0 0.0205981 0 0.5525171 0 -0.313363 0 0.02061114 0.5521143 0.5512964 0 0 -0.07230721 0.5512964 0 0 0 0 0.5298342 -0.03983511 -0.3131182 0 0.08863835 0 0 0.1315072 0.08329491 0 0.06831441 0 0 0 -0.110823 -0.08717047 0.08167214 0.1456736 0.1437857 -0.06662069 -0.05521444 -0.01325987 0 0.1281728 0 -0.07299507 0 -0.1781364 0 -0.03857518 0.2022761 0 0.1334821 0.1709004
-0.2916255 -0.3858312 -0.4481184 -0.4481184 1.01 -0.1317802 -0.4851805 -0.1677479 -0.1677479 -0.1317802 0 -0.4839028 -0.1317802 -0.1317802 -0.1677479 -0.4843162 0 -0.4485793 0 -0.4496502 0.4086045 -0.4482689 -0.1242927 -0.4475524 0 0 -0.1242927 -0.4475524 0.8071937 0.2653001 0 0 0 0 0.4089794 0 0.4089794 0 0.4064426 0 -0.06393753 0 -0.0853128 0 0.8572975 0.6276563 0 0 0 0 -0.1617715 0 -0.1478375 0 0 0 0 0.2949397 -0.08709215 0 0 0 -0.2788335 0.2408841 0.4865388 0.232029 0.232029 0 -0.03926634 0 0 0 -0.05224981 0.2287328 0.1457651 0.2521025 -0.1756294 -0.2730016 0 0 0.03768755 0.2496265 -0.04219646 -0.2530541 0 -0.2484797 0.5109721 0 0 -0.1396856 0.05184815 0 -0.03166038 0.05263809 0 0 0.2583935 0.2583935 0.05437116 0 0.5109721 -0.1396856 0 0 0 0.1848592 0 -0.2520843 0 0.2583935 0 0.1839507 -0.2519093 -0.2503048 0 0 0.1630135 -0.2503048 0 0 0 0 -0.2382315 0.2468419 0.2573972 0 0.03954044 0 0 0.2626419 0.03808911 0 -0.0294601 0 0 0 0.02094357 -0.04219502 0.0800052 -0.1183807 -0.03495978 -0.05427213 -0.07392725 0.2383717 0 0.2906756 0 -0.03204524 0 0.5724301 0 -0.06695616 0.3564106 0 -0.1222506 -0.08481605
0.4711987 -0.09657281 -0.1099275 -0.1099275 -0.1317802 1.01 0.2970747 -0.03823321 -0.03823321 1 0 0.2977708 1 1 -0.03823321 0.2972516 0 -0.1093529 0 -0.1128475 0.1212881 -0.109397 0.9865742 -0.1092039 0 0 0.9865742 -0.1092039 -0.1729 -0.04146267 0 0 0 0 0.1214186 0 0.1214186 0 0.1215423 0 -0.02373175 0 -0.01051178 0 0.03264006 -0.02789268 0 0 0 0 0.007393406 0 0.01048675 0 0 0 0 0.08576456 -0.07557722 0 0 0 -0.0683724 -0.02955572 -0.06582142 -0.03151933 -0.03151933 0 0.6529369 0 0 0 0.6291561 0.2332206 -0.0633166 -0.03374815 -0.04476047 -0.05327928 0 0 -0.07109256 0.09036413 0.6547866 -0.05789164 0 -0.05816651 -0.06961465 0 0 -0.03838268 -0.07725018 0 -0.02115404 -0.07675967 0 0 -0.03510687 -0.03510687 -0.07718678 0 -0.06961465 -0.03838268 0 0 0 -0.1243207 0 -0.05883472 0 -0.03510687 0 -0.1203558 -0.05878748 -0.05904944 0 0 -0.02789517 -0.05904944 0 0 0 0 -0.05510556 -0.1125027 -0.03482158 0 0.1804018 0 0 0.08776346 0.1792054 0 -0.02201904 0 0 0 0.5944228 0.6510911 -0.07509414 0.1235007 0.0442666 -0.04838687 0.0746821 -0.114641 0 0.08891479 0 0.6028185 0 -0.1153261 0 -0.01524318 0.01936795 0 -0.04150312 -0.009588471
-0.02311431 0.801254 0.9132449 0.9132449 -0.4851805 0.2970747 1.01 0.3223928 0.3223928 0.2970747 0 0.9987151 0.2970747 0.2970747 0.3223928 0.9973102 0 0.9150604 0 0.8941474 0.3859208 0.9149206 0.2897838 0.9143905 0 0 0.2897838 0.9143905 -0.5980735 -0.1203925 0 0 0 0 0.3724566 0 0.3724566 0 0.3825223 0 -0.07085459 0 0.1585367 0 -0.3109202 -0.354352 0 0 0 0 0.2897099 0 0.2537404 0 0 0 0 0.1870366 0.141205 0 0 0 0.5417307 -0.3079306 -0.1666966 -0.2917051 -0.2917051 0 0.1761142 0 0 0 0.1620791 -0.2324856 -0.1640776 -0.3133117 0.380026 0.5400461 0 0 0.09797842 0.170787 0.1765655 0.510769 0 0.4949599 -0.1949766 0 0 0.1375239 0.08660018 0 0.05520269 0.08752573 0 0 -0.3148979 -0.3148979 0.08436224 0 -0.1949766 0.1375239 0 0 0 -0.03094725 0 0.5080791 0 -0.3148979 0 -0.02933846 0.5077115 0.5068208 0 0 -0.08051862 0.5068208 0 0 0 0 0.4878244 -0.08429009 -0.3145488 0 0.1585962 0 0 0.161949 0.1529947 0 0.05677722 0 0 0 0.132534 0.1779677 0.04925237 0.1904522 0.1538654 -0.07819981 -0.02494821 -0.05963743 0 0.1557947 0 0.1721654 0 -0.2175386 0 -0.04306568 0.2019286 0 0.111555 0.1613
-0.06668491 -0.1261069 0.3512595 0.3512595 -0.1677479 -0.03823321 0.3223928 1.01 1 -0.03823321 0 0.3226604 -0.03823321 -0.03823321 1 0.3220644 0 0.3518245 0 0.3502153 0.1271365 0.351781 -0.03865827 0.3515488 0 0 -0.03865827 0.3515488 -0.191374 -0.04446637 0 0 0 0 0.1282043 0 0.1282043 0 0.1272585 0 -0.0174914 0 -0.01961874 0 -0.124927 -0.16978 0 0 0 0 0.8847801 0 0.7745169 0 0 0 0 0.04199578 0.1190257 0 0 0 -0.06552548 0.1134979 0.1912676 0.1107201 0.1107201 0 -0.03521241 0 0 0 -0.03674221 0.0933441 -0.06342444 0.1107026 -0.05969138 -0.06531517 0 0 0.03466978 0.03600206 -0.03512014 -0.06937714 0 -0.07308748 0.1885703 0 0 -0.05420764 0.05184042 0 -0.01540319 0.05241395 0 0 0.1112708 0.1112708 0.05225592 0 0.1885703 -0.05420764 0 0 0 -0.01164884 0 -0.07008995 0 0.1112708 0 -0.01198977 -0.07003569 -0.07033572 0 0 -0.03091986 -0.07033572 0 0 0 0 -0.06853856 0.007451392 0.1115902 0 0.03999523 0 0 0.03613883 0.03854773 0 -0.01413532 0 0 0 -0.04214188 -0.03462737 0.05373443 -0.0720689 -0.01253093 0.01976389 -0.02178586 0.05098922 0 0.07974094 0 -0.03794826 0 0.1282796 0 -0.01351485 0.09434646 0 -0.04414101 -0.01869677
-0.06668491 -0.1261069 0.3512595 0.3512595 -0.1677479 -0.03823321 0.3223928 1 1.01 -0.03823321 0 0.3226604 -0.03823321 -0.03823321 1 0.3220644 0 0.3518245 0 0.3502153 0.1271365 0.351781 -0.03865827 0.3515488 0 0 -0.03865827 0.3515488 -0.191374 -0.04446637 0 0 0 0 0.1282043 0 0.1282043 0 0.1272585 0 -0.0174914 0 -0.01961874 0 -0.124927 -0.16978 0 0 0 0 0.8847801 0 0.7745169 0 0 0 0 0.04199578 0.1190257 0 0 0 -0.06552548 0.1134979 0.1912676 0.1107201 0.1107201 0 -0.03521241 0 0 0 -0.03674221 0.0933441 -0.06342444 0.1107026 -0.05969138 -0.06531517 0 0 0.03466978 0.03600206 -0.03512014 -0.06937714 0 -0.07308748 0.1885703 0 0 -0.05420764 0.05184042 0 -0.01540319 0.05241395 0 0 0.1112708 0.1112708 0.05225592 0 0.1885703 -0.05420764 0 0 0 -0.01164884 0 -0.07008995 0 0.1112708 0 -0.01198977 -0.07003569 -0.07033572 0 0 -0.03091986 -0.07033572 0 0 0 0 -0.06853856 0.007451392 0.1115902 0 0.03999523 0 0 0.03613883 0.03854773 0 -0.01413532 0 0 0 -0.04214188 -0.03462737 0.05373443 -0.0720689 -0.01253093 0.01976389 -0.02178586 0.05098922 0 0.07974094 0 -0.03794826 0 0.1282796 0 -0.01351485 0.09434646 0 -0.04414101 -0.01869677
0.4711987 -0.09657281 -0.1099275 -0.1099275 -0.1317802 1 0.2970747 -0.03823321 -0.03823321 1.01 0 0.2977708 1 1 -0.03823321 0.2972516 0 -0.1093529 0 -0.1128475 0.1212881 -0.109397 0.9865742 -0.1092039 0 0 0.9865742 -0.1092039 -0.1729 -0.04146267 0 0 0 0 0.1214186 0 0.1214186 0 0.1215423 0 -0.02373175 0 -0.01051178 0 0.03264006 -0.02789268 0 0 0 0 0.007393406 0 0.01048675 0 0 0 0 0.08576456 -0.07557722 0 0 0 -0.0683724 -0.02955572 -0.06582142 -0.03151933 -0.03151933 0 0.6529369 0 0 0 0.6291561 0.2332206 -0.0633166 -0.03374815 -0.04476047 -0.05327928 0 0 -0.07109256 0.09036413 0.6547866 -0.05789164 0 -0.05816651 -0.06961465 0 0 -0.03838268 -0.07725018 0 -0.02115404 -0.07675967 0 0 -0.03510687 -0.03510687 -0.07718678 0 -0.06961465 -0.03838268 0 0 0 -0.1243207 0 -0.05883472 0 -0.03510687 0 -0.1203558 -0.05878748 -0.05904944 0 0 -0.02789517 -0.05904944 0 0 0 0 -0.05510556 -0.1125027 -0.03482158 0 0.1804018 0 0 0.08776346 0.1792054 0 -0.02201904 0 0 0 0.5944228 0.6510911 -0.07509414 0.1235007 0.0442666 -0.04838687 0.0746821 -0.114641 0 0.08891479 0 0.6028185 0 -0.1153261 0 -0.01524318 0.01936795 0 -0.04150312 -0.009588471
0 0 0 0 0 0 0 0 0 0 1.01 0 0 0 0 0 0 0 0 0 0 0 0 0 0 0 0 0 0 0 0 0 0 0 0 0 0 0 0 0 0 0 0 0 0 0 0 0 0 0 0 0 0 0 0 0 0 0 0 0 0 0 0 0 0 0 0 0 0 0 0 0 0 0 0 0 0 0 0 0 0 0 0 0 0 0 0 0 0 0 0 0 0 0 0 0 0 0 0 0 0 0 0 0 0 0 0 0 0 0 0 0 0 0 0 0 0 0 0 0 0 0 0 0 0 0 0 0 0 0 0 0 0 0 0 0 0 0 0 0 0 0 0 0 0 0 0 0 0 0 0 0 0 0 0 0
-0.02311106 0.8022121 0.9142932 0.9142932 -0.4839028 0.2977708 0.9987151 0.3226604 0.3226604 0.2977708 0 1.01 0.2977708 0.2977708 0.3226604 0.998597 0 0.9161067 0 0.8949347 0.3883969 0.9159671 0.29048 0.9154352 0 0 0.29048 0.9154352 -0.5971308 -0.1200293 0 0 0 0 0.3749048 0 0.3749048 0 0.3849995 0 -0.07069086 0 0.1578639 0 -0.3093249 -0.3530033 0 0 0 0 0.2899306 0 0.2538418 0 0 0 0 0.1897384 0.1416815 0 0 0 0.5420078 -0.3076419 -0.1658926 -0.291381 -0.291381 0 0.1767375 0 0 0 0.1627084 -0.2319314 -0.1639709 -0.3130024 0.3805796 0.5403423 0 0 0.09846961 0.1731707 0.1771888 0.5110975 0 0.4952825 -0.1941863 0 0 0.138122 0.08714822 0 0.05547201 0.08807144 0 0 -0.3145823 -0.3145823 0.08490116 0 -0.1941863 0.138122 0 0 0 -0.0297518 0 0.5084013 0 -0.3145823 0 -0.02814001 0.5080331 0.5071437 0 0 -0.08032909 0.5071437 0 0 0 0 0.4880839 -0.08327622 -0.3142347 0 0.1593612 0 0 0.1643478 0.1537762 0 0.05705117 0 0 0 0.1331691 0.178595 0.04973507 0.1907522 0.1539125 -0.08297253 -0.02459784 -0.05858729 0 0.1582861 0 0.1728057 0 -0.2162418 0 -0.04286663 0.2040939 0 0.1121019 0.1606074
0.4711987 -0.09657281 -0.1099275 -0.1099275 -0.1317802 1 0.2970747 -0.03823321 -0.03823321 1 0 0.2977708 1.01 1 -0.03823321 0.2972516 0 -0.1093529 0 -0.1128475 0.1212881 -0.109397 0.9865742 -0.1092039 0 0 0.9865742 -0.1092039 -0.1729 -0.04146267 0 0 0 0 0.1214186 0 0.1214186 0 0.1215423 0 -0.02373175 0 -0.01051178 0 0.03264006 -0.02789268 0 0 0 0 0.007393406 0 0.01048675 0 0 0 0 0.08576456 -0.07557722 0 0 0 -0.0683724 -0.02955572 -0.06582142 -0.03151933 -0.03151933 0 0.6529369 0 0 0 0.6291561 0.2332206 -0.0633166 -0.03374815 -0.04476047 -0.05327928 0 0 -0.07109256 0.09036413 0.6547866 -0.05789164 0 -0.05816651 -0.06961465 0 0 -0.03838268 -0.07725018 0 -0.02115404 -0.07675967 0 0 -0.03510687 -0.03510687 -0.07718678 0 -0.06961465 -0.03838268 0 0 0 -0.1243207 0 -0.05883472 0 -0.03510687 0 -0.1203558 -0.05878748 -0.05904944 0 0 -0.02789517 -0.05904944 0 0 0 0 -0.05510556 -0.1125027 -0.03482158 0 0.1804018 0 0 0.08776346 0.1792054 0 -0.02201904 0 0 0 0.5944228 0.6510911 -0.07509414 0.1235007 0.0442666 -0.04838687 0.0746821 -0.114641 0 0.08891479 0 0.6028185 0 -0.1153261 0 -0.01524318 0.01936795 0 -0.04150312 -0.009588471
0.4711987 -0.09657281 -0.1099275 -0.1099275 -0.1317802 1 0.2970747 -0.03823321 -0.03823321 1 0 0.2977708 1 1.01 -0.03823321 0.2972516 0 -0.1093529 0 -0.1128475 0.1212881 -0.109397 0.9865742 -0.1092039 0 0 0.9865742 -0.1092039 -0.1729 -0.04146267 0 0 0 0 0.1214186 0 0.1214186 0 0.1215423 0 -0.02373175 0 -0.01051178 0 0.03264006 -0.02789268 0 0 0 0 0.007393406 0 0.01048675 0 0 0 0 0.08576456 -0.07557722 0 0 0 -0.0683724 -0.02955572 -0.06582142 -0.03151933 -0.03151933 0 0.6529369 0 0 0 0.6291561 0.2332206 -0.0633166 -0.03374815 -0.04476047 -0.05327928 0 0 -0.07109256 0.09036413 0.6547866 -0.05789164 0 -0.05816651 -0.06961465 0 0 -0.03838268 -0.07725018 0 -0.02115404 -0.07675967 0 0 -0.03510687 -0.03510687 -0.07718678 0 -0.06961465 -0.03838268 0 0 0 -0.1243207 0 -0.05883472 0 -0.03510687 0 -0.1203558 -0.05878748 -0.05904944 0 0 -0.02789517 -0.05904944 0 0 0 0 -0.05510556 -0.1125027 -0.03482158 0 0.1804018 0 0 0.08776346 0.1792054 0 -0.02201904 0 0 0 0.5944228 0.6510911 -0.07509414 0.1235007 0.0442666 -0.04838687 0.0746821 -0.114641 0 0.08891479 0 0.6028185 0 -0.1153261 0 -0.01524318 0.01936795 0 -0.04150312 -0.009588471
-0.06668491 -0.1261069 0.3512595 0.3512595 -0.1677479 -0.03823321 0.3223928 1 1 -0.03823321 0 0.3226604 -0.03823321 -0.03823321 1.01 0.3220644 0 0.3518245 0 0.3502153 0.1271365 0.351781 -0.03865827 0.3515488 0 0 -0.03865827 0.3515488 -0.191374 -0.04446637 0 0 0 0 0.1282043 0 0.1282043 0 0.1272585 0 -0.0174914 0 -0.01961874 0 -0.124927 -0.16978 0 0 0 0 0.8847801 0 0.7745169 0 0 0 0 0.04199578 0.1190257 0 0 0 -0.06552548 0.1134979 0.1912676 0.1107201 0.1107201 0 -0.03521241 0 0 0 -0.03674221 0.0933441 -0.06342444 0.1107026 -0.05969138 -0.06531517 0 0 0.03466978 0.03600206 -0.03512014 -0.06937714 0 -0.07308748 0.1885703 0 0 -0.05420764 0.05184042 0 -0.01540319 0.05241395 0 0 0.1112708 0.1112708 0.05225592 0 0.1885703 -0.05420764 0 0 0 -0.01164884 0 -0.07008995 0 0.1112708 0 -0.01198977 -0.07003569 -0.07033572 0 0 -0.03091986 -0.07033572 0 0 0 0 -0.06853856 0.007451392 0.1115902 0 0.03999523 0 0 0.03613883 0.03854773 0 -0.01413532 0 0 0 -0.04214188 -0.03462737 0.05373443 -0.0720689 -0.01253093 0.01976389 -0.02178586 0.05098922 0 0.07974094 0 -0.03794826 0 0.1282796 0 -0.01351485 0.09434646 0 -0.04414101 -0.01869677
-0.02385084 0.8012019 0.9130459 0.9130459 -0.4843162 0.2972516 0.9973102 0.3220644 0.3220644 0.2972516 0 0.998597 0.2972516 0.2972516 0.3220644 1.01 0 0.9153506 0 0.8941777 0.3865813 0.9152107 0.2899548 0.9146803 0 0 0.2899548 0.9146803 -0.5978248 -0.1199379 0 0 0 0 0.3731072 0 0.3731072 0 0.3831802 0 -0.07092676 0 0.1575781 0 -0.3102045 -0.3539705 0 0 0 0 0.2893488 0 0.2533081 0 0 0 0 0.1906754 0.1404397 0 0 0 0.5414375 -0.3085456 -0.1666561 -0.2923088 -0.2923088 0 0.1761999 0 0 0 0.162153 -0.2330531 -0.164258 -0.3139317 0.3802446 0.5397547 0 0 0.09717721 0.1735471 0.1766516 0.5104643 0 0.4949347 -0.1949604 0 0 0.1375807 0.08578611 0 0.05522284 0.08671257 0 0 -0.3155187 -0.3155187 0.08354684 0 -0.1949604 0.1375807 0 0 0 -0.0276867 0 0.5077716 0 -0.3155187 0 -0.02607747 0.5074037 0.5065127 0 0 -0.08060095 0.5065127 0 0 0 0 0.487494 -0.08088769 -0.3151692 0 0.157821 0 0 0.1647157 0.1522136 0 0.05679822 0 0 0 0.1330888 0.1780546 0.04841111 0.1910902 0.1530726 -0.08327972 -0.0245302 -0.0562348 0 0.1588824 0 0.1722464 0 -0.2145394 0 -0.0431186 0.2047558 0 0.1115955 0.1603239
0 0 0 0 0 0 0 0 0 0 0 0 0 0 0 0 1.01 0 0 0 0 0 0 0 0 0 0 0 0 0 0 0 0 0 0 0 0 0 0 0 0 0 0 0 0 0 0 0 0 0 0 0 0 0 0 0 0 0 0 0 0 0 0 0 0 0 0 0 0 0 0 0 0 0 0 0 0 0 0 0 0 0 0 0 0 0 0 0 0 0 0 0 0 0 0 0 0 0 0 0 0 0 0 0 0 0 0 0 0 0 0 0 0 0 0 0 0 0 0 0 0 0 0 0 0 0 0 0 0 0 0 0 0 0 0 0 0 0 0 0 0 0 0 0 0 0 0 0 0 0 0 0 0 0 0 0
-0.2217927 0.8756183 0.9978449 0.9978449 -0.4485793 -0.1093529 0.9150604 0.3518245 0.3518245 -0.1093529 0 0.9161067 -0.1093529 -0.1093529 0.3518245 0.9153506 0 1.01 0 0.979425 0.3537362 0.9998731 -0.1113151 0.9992389 0 0 -0.1113151 0.9992389 -0.5493001 -0.1076563 0 0 0 0 0.3396374 0 0.3396374 0 0.3500925 0 -0.06368256 0 0.1686983 0 -0.3358143 -0.3555829 0 0 0 0 0.2986253 0 0.2597673 0 0 0 0 0.1617779 0.1791928 0 0 0 0.593019 -0.3079484 -0.1450461 -0.2902016 -0.2902016 0 -0.08984876 0 0 0 -0.09448641 -0.3393411 -0.1442753 -0.3117758 0.4148287 0.5849529 0 0 0.1323189 0.1426021 -0.09015438 0.5564301 0 0.5400802 -0.1729142 0 0 0.1597869 0.1231021 0 0.06657353 0.1238581 0 0 -0.3128524 -0.3128524 0.1207377 0 -0.1729142 0.1597869 0 0 0 0.02138035 0 0.5540197 0 -0.3128524 0 0.02139557 0.5536166 0.5528001 0 0 -0.07197695 0.5528001 0 0 0 0 0.5313157 -0.03924494 -0.3126099 0 0.09022608 0 0 0.1345069 0.0849096 0 0.06857948 0 0 0 -0.110681 -0.0871417 0.08325743 0.1469107 0.141431 -0.06621557 -0.05629199 -0.01265223 0 0.1277059 0 -0.07293346 0 -0.1764294 0 -0.03827838 0.2045955 0 0.1340136 0.1711676
0 0 0 0 0 0 0 0 0 0 0 0 0 0 0 0 0 0 1.01 0 0 0 0 0 0 0 0 0 0 0 0 0 0 0 0 0 0 0 0 0 0 0 0 0 0 0 0 0 0 0 0 0 0 0 0 0 0 0 0 0 0 0 0 0 0 0 0 0 0 0 0 0 0 0 0 0 0 0 0 0 0 0 0 0 0 0 0 0 0 0 0 0 0 0 0 0 0 0 0 0 0 0 0 0 0 0 0 0 0 0 0 0 0 0 0 0 0 0 0 0 0 0 0 0 0 0 0 0 0 0 0 0 0 0 0 0 0 0 0 0 0 0 0 0 0 0 0 0 0 0 0 0 0 0 0 0
-0.2201482 0.8545314 0.9772605 0.9772605 -0.4496502 -0.1128475 0.8941474 0.3502153 0.3502153 -0.1128475 0 0.8949347 -0.1128475 -0.1128475 0.3502153 0.8941777 0 0.979425 0 1.01 0.3323008 0.9795515 -0.1141793 0.9789137 0 0 -0.1141793 0.9789137 -0.548544 -0.1075206 0 0 0 0 0.3179913 0 0.3179913 0 0.3286387 0 -0.06513657 0 0.1654127 0 -0.3385301 -0.3558542 0 0 0 0 0.298032 0 0.2591101 0 0 0 0 0.1362566 0.1627944 0 0 0 0.5683274 -0.3064331 -0.145279 -0.2884491 -0.2884491 0 -0.09263783 0 0 0 -0.09608956 -0.3390301 -0.1082719 -0.3102923 0.3800879 0.5601005 0 0 0.1153796 0.1409858 -0.09294484 0.5329025 0 0.5165777 -0.1737567 0 0 0.1590291 0.1068156 0 0.06528443 0.1075739 0 0 -0.3113824 -0.3113824 0.1044473 0 -0.1737567 0.1590291 0 0 0 0.03937064 0 0.5304483 0 -0.3113824 0 0.03912705 0.5303474 0.5295459 0 0 -0.07332421 0.5295459 0 0 0 0 0.5079414 -0.01974823 -0.3111383 0 0.07265286 0 0 0.1328639 0.06777103 0 0.06731851 0 0 0 -0.112785 -0.08992043 0.06735193 0.1715951 0.1417539 -0.0301644 -0.03201295 0.006769165 0 0.1256802 0 -0.07565497 0 -0.1586312 0 -0.03965318 0.202103 0 0.1319971 0.1678247
0.2328775 0.3107224 0.3512995 0.3512995 0.4086045 0.1212881 0.3859208 0.1271365 0.1271365 0.1212881 0 0.3883969 0.1212881 0.1212881 0.1271365 0.3865813 0 0.3537362 0 0.3323008 1.01 0.3538721 0.1230783 0.3543335 0 0 0.1230783 0.3543335 0.5032412 0.1138072 0 0 0 0 0.9838819 0 0.9838819 0 0.9904747 0 -0.1675586 0 0.04565861 0 0.4253537 0.5241259 0 0 0 0 0.09832442 0 0.07786637 0 0 0 0 0.6190759 0.2476801 0 0 0 0.2009575 0.1938083 0.2535041 0.1977325 0.1977325 0 0.1074855 0 0 0 0.07479734 0.2358934 -0.04087425 0.1972714 0.148854 0.2035253 0 0 0.3322262 0.5576465 0.1048409 0.1912918 0 0.1789831 0.2596045 0 0 -0.05296869 0.3296279 0 0.04808432 0.3326032 0 0 0.2006719 0.2006719 0.3313228 0 0.2596045 -0.05296869 0 0 0 0.07073797 0 0.1897668 0 0.2006719 0 0.07111388 0.1896223 0.1901059 0 0 0.07386764 0.1901059 0 0 0 0 0.182247 0.09618892 0.2000405 0 0.3817778 0 0 0.5620977 0.3717853 0 0.04993274 0 0 0 0.1196696 0.1055543 0.3227584 -0.004488368 0.07764631 0.009520421 0.04066296 0.1173886 0 0.5802722 0 0.111444 0 0.2687822 0 -0.1433198 0.4607419 0 -0.0478084 0.05001026
-0.2218879 0.8755061 0.9977177 0.9977177 -0.4482689 -0.109397 0.9149206 0.351781 0.351781 -0.109397 0 0.9159671 -0.109397 -0.109397 0.351781 0.9152107 0 0.9998731 0 0.9795515 0.3538721 1.01 -0.1113598 0.9993658 0 0 -0.1113598 0.9993658 -0.5492787 -0.1077018 0 0 0 0 0.3397738 0 0.3397738 0 0.3502282 0 -0.06370462 0 0.1686774 0 -0.3357634 -0.3555999 0 0 0 0 0.2985819 0 0.2597272 0 0 0 0 0.1618879 0.179431 0 0 0 0.5932424 -0.3078721 -0.144879 -0.2901276 -0.2901276 0 -0.08989526 0 0 0 -0.09453466 -0.3392886 -0.1443402 -0.3117024 0.4147727 0.585173 0 0 0.1325515 0.1427117 -0.09020086 0.5566406 0 0.5402894 -0.1727512 0 0 0.1597436 0.1233278 0 0.06655342 0.1240841 0 0 -0.3127801 -0.3127801 0.1209641 0 -0.1727512 0.1597436 0 0 0 0.02124201 0 0.5542309 0 -0.3127801 0 0.02125707 0.5538278 0.553011 0 0 -0.07200234 0.553011 0 0 0 0 0.5315344 -0.03937237 -0.3125374 0 0.09043627 0 0 0.1346159 0.08511769 0 0.06855909 0 0 0 -0.1107323 -0.08718839 0.0834867 0.1468156 0.1413158 -0.06627983 -0.05640525 -0.01278064 0 0.1278109 0 -0.07298163 0 -0.1761513 0 -0.0383012 0.2047244 0 0.1339727 0.171147
0.4656346 -0.09840456 -0.1118977 -0.1118977 -0.1242927 0.9865742 0.2897838 -0.03865827 -0.03865827 0.9865742 0 0.29048 0.9865742 0.9865742 -0.03865827 0.2899548 0 -0.1113151 0 -0.1141793 0.1230783 -0.1113598 1.01 -0.1111641 0 0 1 -0.1111641 -0.1747045 -0.04288713 0 0 0 0 0.1232437 0 0.1232437 0 0.1233194 0 -0.02436713 0 -0.01142436 0 0.03745314 -0.02218373 0 0 0 0 0.006443689 0 0.00837697 0 0 0 0 0.08668601 -0.07855819 0 0 0 -0.0710781 -0.03069903 -0.06743804 -0.0327331 -0.0327331 0 0.6711703 0 0 0 0.6465854 0.2394386 -0.06427296 -0.03494648 -0.04593744 -0.05623759 0 0 -0.07488147 0.0919282 0.6730136 -0.06094809 0 -0.06124141 -0.07124001 0 0 -0.03858439 -0.08069915 0 -0.02182576 -0.08020203 0 0 -0.03632177 -0.03632177 -0.08060688 0 -0.07124001 -0.03858439 0 0 0 -0.1271192 0 -0.06186957 0 -0.03632177 0 -0.1232128 -0.06182182 -0.06208577 0 0 -0.02861988 -0.06208577 0 0 0 0 -0.05806947 -0.1154635 -0.03603252 0 0.1841936 0 0 0.08933095 0.1829226 0 -0.02269364 0 0 0 0.6105124 0.6692261 -0.07843457 0.1342289 0.04038521 -0.04754853 0.07268957 -0.1176416 0 0.09025612 0 0.6208285 0 -0.1192467 0 -0.01604013 0.02223501 0 -0.04002604 -0.01050281
-0.2214682 0.8749398 0.9970845 0.9970845 -0.4475524 -0.1092039 0.9143905 0.3515488 0.3515488 -0.1092039 0 0.9154352 -0.1092039 -0.1092039 0.3515488 0.9146803 0 0.9992389 0 0.9789137 0.3543335 0.9993658 -0.1111641 1.01 0 0 -0.1111641 1 -0.5483825 -0.1075016 0 0 0 0 0.3415368 0 0.3415368 0 0.3520051 0 -0.06361049 0 0.1688245 0 -0.3349453 -0.3546997 0 0 0 0 0.2983255 0 0.2593941 0 0 0 0 0.1634433 0.1796534 0 0 0 0.5935197 -0.3076023 -0.1446136 -0.2898445 -0.2898445 0 -0.08968554 0 0 0 -0.0943174 -0.3389305 -0.1440524 -0.3114217 0.415158 0.5854567 0 0 0.1330175 0.1439576 -0.08999135 0.5566383 0 0.5402877 -0.1724845 0 0 0.1600008 0.1235955 0 0.06667092 0.1243506 0 0 -0.3124962 -0.3124962 0.1212281 0 -0.1724845 0.1600008 0 0 0 0.02193924 0 0.5542261 0 -0.3124962 0 0.02195508 0.5538229 0.5530069 0 0 -0.07189366 0.5530069 0 0 0 0 0.5315029 -0.03874507 -0.3122543 0 0.09077258 0 0 0.1358719 0.08546303 0 0.06867851 0 0 0 -0.1105036 -0.08697704 0.08373128 0.1467124 0.1419279 -0.0659753 -0.05613653 -0.01214173 0 0.1291145 0 -0.07275928 0 -0.1755041 0 -0.03819681 0.2057301 0 0.1342112 0.1712934
0 0 0 0 0 0 0 0 0 0 0 0 0 0 0 0 0 0 0 0 0 0 0 0 1.01 0 0 0 0 0 0 0 0 0 0 0 0 0 0 0 0 0 0 0 0 0 0 0 0 0 0 0 0 0 0 0 0 0 0 0 0 0 0 0 0 0 0 0 0 0 0 0 0 0 0 0 0 0 0 0 0 0 0 0 0 0 0 0 0 0 0 0 0 0 0 0 0 0 0 0 0 0 0 0 0 0 0 0 0 0 0 0 0 0 0 0 0 0 0 0 0 0 0 0 0 0 0 0 0 0 0 0 0 0 0 0 0 0 0 0 0 0 0 0 0 0 0 0 0 0 0 0 0 0 0 0
0 0 0 0 0 0 0 0 0 0 0 0 0 0 0 0 0 0 0 0 0 0 0 0 0 1.01 0 0 0 0 0 0 0 0 0 0 0 0 0 0 0 0 0 0 0 0 0 0 0 0 0 0 0 0 0 0 0 0 0 0 0 0 0 0 0 0 0 0 0 0 0 0 0 0 0 0 0 0 0 0 0 0 0 0 0 0 0 0 0 0 0 0 0 0 0 0 0 0 0 0 0 0 0 0 0 0 0 0 0 0 0 0 0 0 0 0 0 0 0 0 0 0 0 0 0 0 0 0 0 0 0 0 0 0 0 0 0 0 0 0 0 0 0 0 0 0 0 0 0 0 0 0 0 0 0 0
0.4656346 -0.09840456 -0.1118977 -0.1118977 -0.1242927 0.9865742 0.2897838 -0.03865827 -0.03865827 0.9865742 0 0.29048 0.9865742 0.9865742 -0.03865827 0.2899548 0 -0.1113151 0 -0.1141793 0.1230783 -0.1113598 1 -0.1111641 0 0 1.01 -0.1111641 -0.1747045 -0.04288713 0 0 0 0 0.1232437 0 0.1232437 0 0.1233194 0 -0.02436713 0 -0.01142436 0 0.03745314 -0.02218373 0 0 0 0 0.006443689 0 0.00837697 0 0 0 0 0.08668601 -0.07855819 0 0 0 -0.0710781 -0.03069903 -0.06743804 -0.0327331 -0.0327331 0 0.6711703 0 0 0 0.6465854 0.2394386 -0.06427296 -0.03494648 -0.04593744 -0.05623759 0 0 -0.07488147 0.0919282 0.6730136 -0.06094809 0 -0.06124141 -0.07124001 0 0 -0.03858439 -0.08069915 0 -0.02182576 -0.08020203 0 0 -0.03632177 -0.03632177 -0.08060688 0 -0.07124001 -0.03858439 0 0 0 -0.1271192 0 -0.06186957 0 -0.03632177 0 -0.1232128 -0.06182182 -0.06208577 0 0 -0.02861988 -0.06208577 0 0 0 0 -0.05806947 -0.1154635 -0.03603252 0 0.1841936 0 0 0.08933095 0.1829226 0 -0.02269364 0 0 0 0.6105124 0.6692261 -0.07843457 0.1342289 0.04038521 -0.04754853 0.07268957 -0.1176416 0 0.09025612 0 0.6208285 0 -0.1192467 0 -0.01604013 0.02223501 0 -0.04002604 -0.01050281
-0.2214682 0.8749398 0.9970845 0.9970845 -0.4475524 -0.1092039 0.9143905 0.3515488 0.3515488 -0.1092039 0 0.9154352 -0.1092039 -0.1092039 0.3515488 0.9146803 0 0.9992389 0 0.9789137 0.3543335 0.9993658 -0.1111641 1 0 0 -0.1111641 1.01 -0.5483825 -0.1075016 0 0 0 0 0.3415368 0 0.3415368 0 0.3520051 0 -0.06361049 0 0.1688245 0 -0.3349453 -0.3546997 0 0 0 0 0.2983255 0 0.2593941 0 0 0 0 0.1634433 0.1796534 0 0 0 0.5935197 -0.3076023 -0.1446136 -0.2898445 -0.2898445 0 -0.08968554 0 0 0 -0.0943174 -0.3389305 -0.1440524 -0.3114217 0.415158 0.5854567 0 0 0.1330175 0.1439576 -0.08999135 0.5566383 0 0.5402877 -0.1724845 0 0 0.1600008 0.1235955 0 0.06667092 0.1243506 0 0 -0.3124962 -0.3124962 0.1212281 0 -0.1724845 0.1600008 0 0 0 0.02193924 0 0.5542261 0 -0.3124962 0 0.02195508 0.5538229 0.5530069 0 0 -0.07189366 0.5530069 0 0 0 0 0.5315029 -0.03874507 -0.3122543 0 0.09077258 0 0 0.1358719 0.08546303 0 0.06867851 0 0 0 -0.1105036 -0.08697704 0.08373128 0.1467124 0.1419279 -0.0659753 -0.05613653 -0.01214173 0 0.1291145 0 -0.07275928 0 -0.1755041 0 -0.03819681 0.2057301 0 0.1342112 0.1712934
0.2213773 -0.4796359 -0.5492517 -0.5492517 0.8071937 -0.1729 -0.5980735 -0.191374 -0.191374 -0.1729 0 -0.5971308 -0.1729 -0.1729 -0.191374 -0.5978248 0 -0.5493001 0 -0.548544 0.5032412 -0.5492787 -0.1747045 -0.5483825 0 0 -0.1747045 -0.5483825 1.01 0.2128351 0 0 0 0 0.5046779 0 0.5046779 0 0.5009895 0 -0.07880845 0 -0.1075592 0 0.6585841 0.7854505 0 0 0 0 -0.1853023 0 -0.1688874 0 0 0 0 0.3622805 0.08584611 0 0 0 -0.3314835 0.4588365 0.3777064 0.4470683 0.4470683 0 -0.08179916 0 0 0 -0.09662798 0.4205867 0.1196883 0.466945 -0.2257949 -0.3276458 0 0 0.2000268 0.3246222 -0.08452924 -0.3107504 0 -0.3066133 0.409574 0 0 -0.1746581 0.2083634 0 -0.009535838 0.2100766 0 0 0.4714043 0.4714043 0.2119236 0 0.409574 -0.1746581 0 0 0 0.09159516 0 -0.3095568 0 0.4714043 0 0.09041622 -0.309338 -0.3080796 0 0 0.1402859 -0.3080796 0 0 0 0 -0.2971429 0.1636795 0.4705241 0 0.1821773 0 0 0.3368051 0.1787839 0 -0.009399023 0 0 0 -0.0296636 -0.08517007 0.2373689 -0.1866724 -0.07439852 0.08683298 0.05931169 0.1592624 0 0.3582324 0 -0.07431112 0 0.438906 0 -0.08377631 0.2105579 0 -0.1464431 -0.1063534
-0.08522138 -0.0864103 -0.1076391 -0.1076391 0.2653001 -0.04146267 -0.1203925 -0.04446637 -0.04446637 -0.04146267 0 -0.1200293 -0.04146267 -0.04146267 -0.04446637 -0.1199379 0 -0.1076563 0 -0.1075206 0.1138072 -0.1077018 -0.04288713 -0.1075016 0 0 -0.04288713 -0.1075016 0.2128351 1.01 0 0 0 0 0.1127474 0 0.1127474 0 0.1121543 0 -0.01606944 0 -0.02473689 0 0.2392389 0.171363 0 0 0 0 -0.04734762 0 -0.0431595 0 0 0 0 0.08599 0.1595759 0 0 0 -0.07894481 0.2259097 0.335625 0.2222531 0.2222531 0 0.03491749 0 0 0 0.02929307 0.23095 -0.04862705 0.2229713 -0.04878758 -0.07859296 0 0 0.1533826 0.09134858 0.03503749 -0.07934059 0 -0.08105426 0.3307964 0 0 -0.01860031 0.1486889 0 -0.01933263 0.148117 0 0 0.2208233 0.2208233 0.1488777 0 0.3307964 -0.01860031 0 0 0 -0.1036468 0 -0.07885526 0 0.2208233 0 -0.1039362 -0.07880762 -0.0746972 0 0 -0.03168474 -0.0746972 0 0 0 0 -0.07156438 -0.1039627 0.2176233 0 0.1643532 0 0 0.09010402 0.1625187 0 -0.009090015 0 0 0 0.02402967 0.03408163 0.1528994 -0.04412666 0.2038896 -0.006992741 -0.0004243005 -0.1081529 0 0.0867353 0 0.08813419 0 0.1509624 0 -0.01076988 0.1112283 0 -0.01152882 -0.02404566
0 0 0 0 0 0 0 0 0 0 0 0 0 0 0 0 0 0 0 0 0 0 0 0 0 0 0 0 0 0 1.01 0 0 0 0 0 0 0 0 0 0 0 0 0 0 0 0 0 0 0 0 0 0 0 0 0 0 0 0 0 0 0 0 0 0 0 0 0 0 0 0 0 0 0 0 0 0 0 0 0 0 0 0 0 0 0 0 0 0 0 0 0 0 0 0 0 0 0 0 0 0 0 0 0 0 0 0 0 0 0 0 0 0 0 0 0 0 0 0 0 0 0 0 0 0 0 0 0 0 0 0 0 0 0 0 0 0 0 0 0 0 0 0 0 0 0 0 0 0 0 0 0 0 0 0 0
0 0 0 0 0 0 0 0 0 0 0 0 0 0 0 0 0 0 0 0 0 0 0 0 0 0 0 0 0 0 0 1.01 0 0 0 0 0 0 0 0 0 0 0 0 0 0 0 0 0 0 0 0 0 0 0 0 0 0 0 0 0 0 0 0 0 0 0 0 0 0 0 0 0 0 0 0 0 0 0 0 0 0 0 0 0 0 0 0 0 0 0 0 0 0 0 0 0 0 0 0 0 0 0 0 0 0 0 0 0 0 0 0 0 0 0 0 0 0 0 0 0 0 0 0 0 0 0 0 0 0 0 0 0 0 0 0 0 0 0 0 0 0 0 0 0 0 0 0 0 0 0 0 0 0 0 0
0 0 0 0 0 0 0 0 0 0 0 0 0 0 0 0 0 0 0 0 0 0 0 0 0 0 0 0 0 0 0 0 1.01 0 0 0 0 0 0 0 0 0 0 0 0 0 0 0 0 0 0 0 0 0 0 0 0 0 0 0 0 0 0 0 0 0 0 0 0 0 0 0 0 0 0 0 0 0 0 0 0 0 0 0 0 0 0 0 0 0 0 0 0 0 0 0 0 0 0 0 0 0 0 0 0 0 0 0 0 0 0 0 0 0 0 0 0 0 0 0 0 0 0 0 0 0 0 0 0 0 0 0 0 0 0 0 0 0 0 0 0 0 0 0 0 0 0 0 0 0 0 0 0 0 0 0
0 0 0 0 0 0 0 0 0 0 0 0 0 0 0 0 0 0 0 0 0 0 0 0 0 0 0 0 0 0 0 0 0 1.01 0 0 0 0 0 0 0 0 0 0 0 0 0 0 0 0 0 0 0 0 0 0 0 0 0 0 0 0 0 0 0 0 0 0 0 0 0 0 0 0 0 0 0 0 0 0 0 0 0 0 0 0 0 0 0 0 0 0 0 0 0 0 0 0 0 0 0 0 0 0 0 0 0 0 0 0 0 0 0 0 0 0 0 0 0 0 0 0 0 0 0 0 0 0 0 0 0 0 0 0 0 0 0 0 0 0 0 0 0 0 0 0 0 0 0 0 0 0 0 0 0 0
0.2135367 0.2948698 0.3374801 0.3374801 0.4089794 0.1214186 0.3724566 0.1282043 0.1282043 0.1214186 0 0.3749048 0.1214186 0.1214186 0.1282043 0.3731072 0 0.3396374 0 0.3179913 0.9838819 0.3397738 0.1232437 0.3415368 0 0 0.1232437 0.3415368 0.5046779 0.1127474 0 0 0 0 1.01 0 1 0 0.9931159 0 -0.1687546 0 0.04647831 0 0.4154785 0.5156806 0 0 0 0 0.1221018 0 0.1023392 0 0 0 0 0.6228021 0.2624779 0 0 0 0.2026964 0.1983018 0.2553915 0.2022874 0.2022874 0 0.1084098 0 0 0 0.07589978 0.2404661 -0.0616535 0.2015904 0.1505068 0.2046773 0 0 0.3370965 0.5605731 0.1057708 0.1923366 0 0.180085 0.2618141 0 0 -0.05275564 0.3347504 0 0.05003799 0.337706 0 0 0.205252 0.205252 0.3364148 0 0.2618141 -0.05275564 0 0 0 0.06747205 0 0.1908039 0 0.205252 0 0.06785462 0.1906586 0.1911471 0 0 0.07243528 0.1911471 0 0 0 0 0.1828453 0.09249792 0.2046152 0 0.3871201 0 0 0.5653801 0.3772349 0 0.0518648 0 0 0 0.1202569 0.1064954 0.3275482 -0.001506746 0.07818505 0.02715521 0.04449317 0.1142829 0 0.5841236 0 0.1118684 0 0.2572188 0 -0.1444126 0.4632225 0 -0.04720284 0.05080891
0 0 0 0 0 0 0 0 0 0 0 0 0 0 0 0 0 0 0 0 0 0 0 0 0 0 0 0 0 0 0 0 0 0 0 1.01 0 0 0 0 0 0 0 0 0 0 0 0 0 0 0 0 0 0 0 0 0 0 0 0 0 0 0 0 0 0 0 0 0 0 0 0 0 0 0 0 0 0 0 0 0 0 0 0 0 0 0 0 0 0 0 0 0 0 0 0 0 0 0 0 0 0 0 0 0 0 0 0 0 0 0 0 0 0 0 0 0 0 0 0 0 0 0 0 0 0 0 0 0 0 0 0 0 0 0 0 0 0 0 0 0 0 0 0 0 0 0 0 0 0 0 0 0 0 0 0
0.2135367 0.2948698 0.3374801 0.3374801 0.4089794 0.1214186 0.3724566 0.1282043 0.1282043 0.1214186 0 0.3749048 0.1214186 0.1214186 0.1282043 0.3731072 0 0.3396374 0 0.3179913 0.9838819 0.3397738 0.1232437 0.3415368 0 0 0.1232437 0.3415368 0.5046779 0.1127474 0 0 0 0 1 0 1.01 0 0.9931159 0 -0.1687546 0 0.04647831 0 0.4154785 0.5156806 0 0 0 0 0.1221018 0 0.1023392 0 0 0 0 0.6228021 0.2624779 0 0 0 0.2026964 0.1983018 0.2553915 0.2022874 0.2022874 0 0.1084098 0 0 0 0.07589978 0.2404661 -0.0616535 0.2015904 0.1505068 0.2046773 0 0 0.3370965 0.5605731 0.1057708 0.1923366 0 0.180085 0.2618141 0 0 -0.05275564 0.3347504 0 0.05003799 0.337706 0 0 0.205252 0.205252 0.3364148 0 0.2618141 -0.05275564 0 0 0 0.06747205 0 0.1908039 0 0.205252 0 0.06785462 0.1906586 0.1911471 0 0 0.07243528 0.1911471 0 0 0 0 0.1828453 0.09249792 0.2046152 0 0.3871201 0 0 0.5653801 0.3772349 0 0.0518648 0 0 0 0.1202569 0.1064954 0.3275482 -0.001506746 0.07818505 0.02715521 0.04449317 0.1142829 0 0.5841236 0 0.1118684 0 0.2572188 0 -0.1444126 0.4632225 0 -0.04720284 0.05080891
0 0 0 0 0 0 0 0 0 0 0 0 0 0 0 0 0 0 0 0 0 0 0 0 0 0 0 0 0 0 0 0 0 0 0 0 0 1.01 0 0 0 0 0 0 0 0 0 0 0 0 0 0 0 0 0 0 0 0 0 0 0 0 0 0 0 0 0 0 0 0 0 0 0 0 0 0 0 0 0 0 0 0 0 0 0 0 0 0 0 0 0 0 0 0 0 0 0 0 0 0 0 0 0 0 0 0 0 0 0 0 0 0 0 0 0 0 0 0 0 0 0 0 0 0 0 0 0 0 0 0 0 0 0 0 0 0 0 0 0 0 0 0 0 0 0 0 0 0 0 0 0 0 0 0 0 0
0.2286506 0.3065161 0.3479132 0.3479132 0.4064426 0.1215423 0.3825223 0.1272585 0.1272585 0.1215423 0 0.3849995 0.1215423 0.1215423 0.1272585 0.3831802 0 0.3500925 0 0.3286387 0.9904747 0.3502282 0.1233194 0.3520051 0 0 0.1233194 0.3520051 0.5009895 0.1121543 0 0 0 0 0.9931159 0 0.9931159 0 1.01 0 -0.1691248 0 0.04544109 0 0.4247318 0.5228908 0 0 0 0 0.1212051 0 0.1022992 0 0 0 0 0.6272538 0.2575797 0 0 0 0.2007122 0.194504 0.2533367 0.1984045 0.1984045 0 0.1076793 0 0 0 0.07493397 0.2366226 -0.04154612 0.1979403 0.1492 0.202945 0 0 0.3324384 0.5651372 0.105034 0.1903514 0 0.178031 0.2600072 0 0 -0.05406583 0.3297728 0 0.04912942 0.3327528 0 0 0.2015823 0.2015823 0.3314759 0 0.2600072 -0.05406583 0 0 0 0.07723704 0 0.1888273 0 0.2015823 0 0.07761021 0.188683 0.1891658 0 0 0.07254918 0.1891658 0 0 0 0 0.1810081 0.103493 0.2009523 0 0.382033 0 0 0.5699237 0.3720142 0 0.05094625 0 0 0 0.1192216 0.1057423 0.3229346 -0.004542579 0.07618818 0.02626422 0.04098875 0.1249257 0 0.5881726 0 0.1116036 0 0.2653689 0 -0.144823 0.4675442 0 -0.04890971 0.04979751
0 0 0 0 0 0 0 0 0 0 0 0 0 0 0 0 0 0 0 0 0 0 0 0 0 0 0 0 0 0 0 0 0 0 0 0 0 0 0 1.01 0 0 0 0 0 0 0 0 0 0 0 0 0 0 0 0 0 0 0 0 0 0 0 0 0 0 0 0 0 0 0 0 0 0 0 0 0 0 0 0 0 0 0 0 0 0 0 0 0 0 0 0 0 0 0 0 0 0 0 0 0 0 0 0 0 0 0 0 0 0 0 0 0 0 0 0 0 0 0 0 0 0 0 0 0 0 0 0 0 0 0 0 0 0 0 0 0 0 0 0 0 0 0 0 0 0 0 0 0 0 0 0 0 0 0 0
-0.0385669 -0.05804507 -0.06396949 -0.06396949 -0.06393753 -0.02373175 -0.07085459 -0.0174914 -0.0174914 -0.02373175 0 -0.07069086 -0.02373175 -0.02373175 -0.0174914 -0.07092676 0 -0.06368256 0 -0.06513657 -0.1675586 -0.06370462 -0.02436713 -0.06361049 0 0 -0.02436713 -0.06361049 -0.07880845 -0.01606944 0 0 0 0 -0.1687546 0 -0.1687546 0 -0.1691248 0 1.01 0 0.001445361 0 -0.07166963 -0.0927467 0 0 0 0 -0.01889062 0 -0.0166176 0 0 0 0 -0.2048614 -0.09391198 0 0 0 -0.05949027 -0.05686613 -0.03312471 -0.0573784 -0.0573784 0 -0.02084145 0 0 0 -0.02283088 -0.06561549 -0.02498449 -0.05879131 -0.03923172 -0.06060005 0 0 -0.09895136 -0.1946187 -0.009712505 -0.06366787 0 -0.06120463 -0.03299238 0 0 -0.007937142 -0.1029576 0 -0.01755845 -0.1027182 0 0 -0.05819042 -0.05819042 -0.1024147 0 -0.03299238 -0.007937142 0 0 0 -0.04968397 0 -0.06348096 0 -0.05819042 0 -0.0498231 -0.06345962 -0.06356462 0 0 -0.02016322 -0.06356462 0 0 0 0 -0.06114271 -0.04933071 -0.05804644 0 -0.1044226 0 0 -0.1950789 -0.1060753 0 -0.01781993 0 0 0 -0.0136239 -0.01005347 -0.09831621 -0.05445045 0.1546388 -0.04019386 -0.0487184 -0.05073517 0 -0.2016048 0 -0.01211473 0 -0.06937121 0 0.9216472 -0.1612661 0 -0.006677225 -0.003298946
0 0 0 0 0 0 0 0 0 0 0 0 0 0 0 0 0 0 0 0 0 0 0 0 0 0 0 0 0 0 0 0 0 0 0 0 0 0 0 0 0 1.01 0 0 0 0 0 0 0 0 0 0 0 0 0 0 0 0 0 0 0 0 0 0 0 0 0 0 0 0 0 0 0 0 0 0 0 0 0 0 0 0 0 0 0 0 0 0 0 0 0 0 0 0 0 0 0 0 0 0 0 0 0 0 0 0 0 0 0 0 0 0 0 0 0 0 0 0 0 0 0 0 0 0 0 0 0 0 0 0 0 0 0 0 0 0 0 0 0 0 0 0 0 0 0 0 0 0 0 0 0 0 0 0 0 0
-0.04647604 0.1891743 0.1684276 0.1684276 -0.0853128 -0.01051178 0.1585367 -0.01961874 -0.01961874 -0.01051178 0 0.1578639 -0.01051178 -0.01051178 -0.01961874 0.1575781 0 0.1686983 0 0.1654127 0.04565861 0.1686774 -0.01142436 0.1688245 0 0 -0.01142436 0.1688245 -0.1075592 -0.02473689 0 0 0 0 0.04647831 0 0.04647831 0 0.04544109 0 0.001445361 0 1.01 0 -0.09612753 -0.1288777 0 0 0 0 -0.01826267 0 -0.01488588 0 0 0 0 0.03567554 0.1043628 0 0 0 0.2423216 -0.08153241 -0.06702528 -0.08331703 -0.08331703 0 -0.01661522 0 0 0 -0.01181677 -0.08599388 -0.03153757 -0.08151499 -0.02920162 0.2389936 0 0 0.100857 0.03724302 -0.01657087 0.2336433 0 0.2325537 -0.06561917 0 0 -0.02497774 0.09873894 0 -0.01437608 0.09901819 0 0 -0.08103971 -0.08103971 0.099432 0 -0.06561917 -0.02497774 0 0 0 -0.07108153 0 0.2344039 0 -0.08103971 0 -0.07013686 0.2344462 0.2341076 0 0 -0.01319567 0.2341076 0 0 0 0 0.241077 -0.06422104 -0.08087856 0 0.09180155 0 0 0.0377872 0.09288987 0 -0.01478927 0 0 0 -0.01862805 -0.01692446 0.09828733 -0.04612197 0.2027474 -0.02311501 -0.04635136 -0.05886407 0 0.03700331 0 -0.01908214 0 -0.09216683 0 -0.0006474531 0.05641017 0 -0.02395547 0.9857258
0 0 0 0 0 0 0 0 0 0 0 0 0 0 0 0 0 0 0 0 0 0 0 0 0 0 0 0 0 0 0 0 0 0 0 0 0 0 0 0 0 0 0 1.01 0 0 0 0 0 0 0 0 0 0 0 0 0 0 0 0 0 0 0 0 0 0 0 0 0 0 0 0 0 0 0 0 0 0 0 0 0 0 0 0 0 0 0 0 0 0 0 0 0 0 0 0 0 0 0 0 0 0 0 0 0 0 0 0 0 0 0 0 0 0 0 0 0 0 0 0 0 0 0 0 0 0 0 0 0 0 0 0 0 0 0 0 0 0 0 0 0 0 0 0 0 0 0 0 0 0 0 0 0 0 0 0
-0.2056343 -0.2873318 -0.3356161 -0.3356161 0.8572975 0.03264006 -0.3109202 -0.124927 -0.124927 0.03264006 0 -0.3093249 0.03264006 0.03264006 -0.124927 -0.3102045 0 -0.3358143 0 -0.3385301 0.4253537 -0.3357634 0.03745314 -0.3349453 0 0 0.03745314 -0.3349453 0.6585841 0.2392389 0 0 0 0 0.4154785 0 0.4154785 0 0.4247318 0 -0.07166963 0 -0.09612753 0 1.01 0.74535 0 0 0 0 -0.1734963 0 -0.1541232 0 0 0 0 0.3456597 -0.1382595 0 0 0 -0.3104469 0.20644 0.4325044 0.1971817 0.1971817 0 0.02080754 0 0 0 0.004373464 0.2184553 0.1767609 0.2164502 -0.1969561 -0.3051565 0 0 -0.01858283 0.29929 0.01750959 -0.3002295 0 -0.2945615 0.4554039 0 0 -0.1549633 -0.01780145 0 -0.04154379 -0.01700319 0 0 0.2219366 0.2219366 -0.01542279 0 0.4554039 -0.1549633 0 0 0 0.278112 0 -0.2993641 0 0.2219366 0 0.2789209 -0.2994494 -0.2979989 0 0 0.1493318 -0.2979989 0 0 0 0 -0.2848559 0.3515181 0.2211083 0 -0.006233493 0 0 0.3106178 -0.008448368 0 -0.03981768 0 0 0 0.07044442 0.01634331 0.01065633 -0.07813682 -0.03844185 -0.06799043 -0.07182497 0.3397093 0 0.3351921 0 0.02671543 0 0.5399374 0 -0.06646879 0.3709208 0 -0.1379316 -0.09534497
